10000010000000000101001000111101100010000100000110000100000100011011000001010001000000000010100101100100111000111011000000001000
01000100000000100000001001010010001000100110001000000000100000000100000010001000000001000000011100000000000001000000000010010101
00011101110001010101010000000001000001100000000010000000100001001000000110001110100010010000000000001101011001001000000001100000
10011100000000001010010000010000001010101001011011000000000010000000001100010000000001110000100100100000011100101011010000000110
00000000001010101010010000100100100101000000010000000000010000010000000100100001110000101100001001001100000001000001100000001100
00000010001000000010000000100110010100010000000000100001101000101000011000000011100010001001000001100001100000010101101010010000
01000001010000100010001001100000100010000100000000110000100011000000010010000001010001000100100010010010000001000001001000010000
00010100101000000000000000001100000000000110000010001101000000000010000001000010001001011000000000010000000000000010000000110000
00000111110011101010000010000000100000001001001001100101001000000111010010100100100000011001000011000000000000011000001011000100
01000000010100000000010101001010001100000101000000000000100000000000000000100100111000000000000000011011000001001101000000000001
01000000010000010000010110010001000110010010010000010001000001010011011110000001001100011101000000000000001000100100111000000001
10000000010100100000001000001000110000100010011010000000101000100001010000100100001001011001000010101000100000000000010010000000
00000000010000010000000011000000000010010100000000000011000000000001010000100010010100100000010011001001001010000000001000100000
00000100100001001000001000100000010001101100110000000000010010001010000011000000000000001110001100000110000001000000000101010111
00000001000000100000001000111010010110000000000100000010000000100100101010001011010001000010101000010110010110011010100001000010
00001001010000001000000110100000010000000000000000010000100010000100000010000100000010101000000011010000001011010110101001001100
11000000000000011000011100000010000100100100001000001100010010110001000000000010001110100100101001000100101001000010000000100000
00100000100100000100000010100000000000001010100100001100000000101000001000000000101110000000000000001100001000001011001111101000
10000000000000001000001010000100001000100001110010000100001100000100100010000100100110000000000100000100100001001001110000101000
00010000100000000100000000000011000000000000000000000011000100000100100000000010011000010000000111000000000011001101001001001000
00001010011110100000010000001100101000000010000010100001000000110000000000000010000001000000010001001011000000000101000000000000
00000101100010100010010010010100010110001010000000010001000000000010000000000011000000001000110010000000011010010010010010110010
00011001000000110110010000000000001000000101100010000001001100010100010100000010000100000001000100000000000010010101001100100001
11000001000000010000001000000100001000000000000000010000001000111000010000000000110000000001100000010010000001011011000000000101
10000000001000000010100000001100000110101000111001000001011000000001100000000001000011100000111100010010010000000000000000001010
00000010010010100100000001001100000001001000100111110110000001000100000001101001010100000101010000000000100000010000000011100100
00000001100100001110101010100010100100000110000000011010000000100000001001000111101100000000001100000000000010100000000001010010
00000000010000000100010000001010111100001010001010000000110000010000000100000100000000000001010001000000101100000000000100000110
01000100000000001000000100101000000010100100000000000010100100010000100111000101000010010001010000100000111010010000100011000000
11101001000010000110001000100100000001001111100000010000110000000000000100001000000000001000000010010001000011000001001000001001
00000000000010000000001110110010001000001000000100011101101010001000011000010101001110011000001000001010000000001011000001010001
10100000010001111010000100000110000010111010100000000001001001100000011011100100100110011000010010000110001001010111011001000010
10000000000001001010000001000100000000110000000000000011000011101110000000000100000100010000100000000000000011001000001100101001
00000100100110000000001000100100001110000101001011000100011000001100011100000000100000000101000010011100000000100001101011001100
00000010000001001111000000001100110000100100000110111000000000010001000011010100000101010100001100000001000000010100111000100000
11000100001100001010001001100001100100000011000100000000000001000000010001000101001000101000000010000000000011000000001000010000
00000101110000000000000110100110010000110100000000000100000010100000010010100001110100100010000110101011010000000011110011100001
00011100100010010100000100101001000011110000001001000010000101100100000000000101000000000010011011000110000100000100000001011010
01000001000010000000000000100000101100011110101101100101010100001000010000001001010110000011000011000110000001100010010100011110
00010010110000000000000000110001000000000010010001100000000101000110001000001000100000001010000000001110010000000000001110001000
00010010010000001000100010001100000100010000100010110000010100000000000101010101000000000010000101000100010110000000100101101000
10001010111100000100010110100010001110001000000100000010001001000001110000101100100000001100001011000000000000100000000000001000
01000001000001010011110010001000010111111001000001100111000000001000001000000000100001000100000100100011000101000100000001000001
00011010100000010100001000000000000011001100000000000100111001010010100001000010110101001001000110000000000100001000100011010010
00001000000011000010010010001111101000000010000000000000000111100110011000100001001100000011000000000010010101100100001000000000
00100111100000101000001000101000001100000000001001001001001010001001000000010000101010000111000000000001001001100010110000000010
10000100000100100110100101000101001000000000001101110000100000100000000000001101100000000001101000101000000101011000000000000100
00000000010100100001001000000000001011000000001010000000001001001101001100000001000011010010000100001010000000100101100011100010
00001000010100000001010000000010011010000000010000110010000101100000100110010100001001000010101000000000011100001011011100001100
00000100100001011001101000000110000000000000000000000010000000000000000010110100000001010000000010001000110001100001100100001001
01010000010100010010010011001110111000000010011100010000001011000100011000100000100100000000010000010001100100000000101101010011
10100001011000100000000011010000010011101000100010000000000000000001000010000001100000010010010001010100000001000100000100000100
00000000001011100010101000000100000010000010001000000001011101001101000000100000000101000000000100000000000000111000100000000000
00010010000010011000000100111111000001010001000001001001000000000011000110100101010001101000100000000000000000100000101001000001
00001100011100000001001101000110000000110001000100101010001000001001000000100100100001001100100000000010100100001000000101100001
00000110011000001000000000101000000000000000000010000000101001100000001000000000010110001001110011000100010000001010010010100000
11010100000000000000000011100000100010000000000001000000100001100000101100001010011000011100001011010100100100000100001000001110
01000001000010000000101000000010010100011000100000000000000000010000010001000100000010000000001010010100100000000111110010010000
10110001000010001010101000001010110010100100000000010001110010000000101001001100000000000001000100000101000000000001000000011000
00000100000000100000000010000000000100000010100100000000000100001100000111111100100001100001010000001010101010100100110011000010
00000100110010000011100010110000001000001011010000001100110000100010100100000000000001000000000000000000101000001101100101010000
00000011101010000000100100010100101000000000000100000000010010010000001000000111000000000000001000001000000100000100000010101000
00100000000011000101000000000010000001000011110010001010000000000100110000001001000000110110000000010000000001000001000000000000
10010000100100000000100001000000100101010110000001100001000001000000100000010000011100000000101000000000000101000001000000000000
10000100010001000000011000000000000000100000011000010011101100101000011010001000001000101010011001100000000000000010001000010011
01001010010000100000011011010000000000001010001001001001010000001100000100000001010001101100000011010100000000001100000110000101
00010000000010001110000001010000010110001000110000000101000000000000101000100000000000000000001010000100000001101000100000000000
01101000100001000001000010000000000001000010100010010011101000000010000010001010011000001000100100000010010000000000000010000000
00000000000001100000000010011000100001000000100001010000100000000001001010000000010000000000000100000101000001000000000001000000
00000100000001000110000100101011100000100010011000001000000000000000000000000010000101100010010000000100000000000010010000000000
00000100000000010010100100100000100000000000000011000000000100100100011010100011000110000011000001000010000000000010000001111011
00011010010001000000000010001010110011000001001000100001000010000100000011000010100010010000000010000010001000010000100000000001
00111000000010000000101100000001100100110010001011000010000100100011000100101001000000001001000010000001000010000100000010000000
11000010100011100001101100100100111000001000101010000000001000111010000100100100000100010000000000110000001000001100011000011010
00001000000101001010000000001110010000100000111011000100000101000000000000000000000000101000000000000001011011000000010100101000
00010100000000010111000100001101001100011000001000000110001001010100010010001001000010010000000000000000010000001000001000000000
00000000001000001100000011010000001000000000001000001000000001000000001010010100001000000000000000110110000011000000100101101100
10001000010011001000101000000000100000000000000101001110000101000010100100001010000000000000110100001000000011000000101100001011
10110100000100000100000000011011001010000010000001000000000001110000000000010000000010101001000000000100000000010011000000101000
00000000010010000000000101000100000000000001000000100010000001000011001001100010110010001001000011001000010110000000000110000001
00100000000000011001100000000000000000100000101000000011001001000000100100000000110001000000011000101000011000001000001000101000
00000000001001100000000001001000010010000000000000000010001000000000001011100100001100100000100000010011010100000000000001010110
11111100101000000000010000001000000110000000100011111001010100000010000011010001000111010011001010000000000000000001100000000100
00010000001100110101000010000010010001000110001010000000000101100000101001110011000100000000000010000101000110001011101000110001
00100101000100100110001001100001000010000000001101001000010011010001010010010000100011100000010110000000100001000010000011010010
00100000100011101010010001000000100001000010000101000000101000110100000100100101010000010010000000100000001000001000100110011000
10000000001011001011100101100111010100100001000001001010000000010011001000001000000000000001100100100100100010001000010010110000
00000000000010000001000010100001000001100011000000001100000000000110001000001110010100000000001000000001001011001000000000000001
11000000000110001001001000110000010000000001100111101100000000000000000001100000000000010000100000000101100000100100001000000100
10001010011001001010000100000001000010000100100000000110110010100000001011100000001110000100100010000000100000100000000000110000
10000010001000010000000000000100000000100000111001011100010001000100000001001000010010001001101100000000110000001000010000110000
10000001101100001000100000000100000001000101100011000110000010000100100000000000000001000001000000010001101100010010000011000000
00010000001001100010010010000000000110000100001000011000100010001001001011000001001000000101100010000000000000000011000000000000
00000000000000010000010110010000000001010000101010001010100001010100000000100000110001100001000000000011001101000100111000000000
00000000000000010000100000011011011010000100010100110100100100110000110000010000000100000000000000010000000001100100100010000011
00101000010110000000000100010000000001000100001000000000100000010000110000000110001000100001101101000100000010010101000010000010
00001000101010000000000100110010010000000001001000001100010000000100000010000000010100000010001000000000010110010000000110100011
00000101000000010100000000100101100100110100000010010000000000000001101000100100010000000001000101110000100100000000000001000010
11000100010100001001001010001100101001100000000001110000000001000000000011100000101000000001011000000010001010100110000001000110
00010000000000000000001100101000101000101010110100110110001000000000000100010011000010001111000011001110011001100000000100110001
11010000100010000000000000100001010100101000000010000000100110100010000000100110100001101010001000000010001100100100100000001100
00000100001000000101100000100011111000000010001000101100000000111000010010011110001010000000100001000010000000100110001000100000
00100101001101001000110101011000000000100100010101000010001100000000001100001000000000000111000111100000000011100100000000000001
10000001100100100100000000000001110110000000000000001100000000000010010000011100110000100000000010100000100010000000000000000001
00010101110000010010001000000000100011001100000001001001010000011011100010011010000100111101101000100010000001001000000100001011
00100000000010110000000000001000000100010001000000101000011100101000001100001000001101001000101100010000000010110000000101001000
00001000110100000110000111010000101011001010000000000000000101100011000100000000101000000010010010000100000000110110010011100000
00010100001000000011100000000000100000000000000000000001110001010010001000100010000100000001001100001110000000000000001001001000
01011001100001010000000100000000001100110110000000000011001000010010100100000000000000111000001000001001000000001000101000110010
01010000100010100000000010000000100000010010100000100000001100001100000001001010100101100000110100100000100000100011000110000011
00000011000010010001110001000100001011100000011101001000011000101100000010110001000000000100011000101001010001001000100000000101
00001001100011010000001001010000100001000000000010000000101100100010000000110001100000001000000100000010111101101000000000010000
00000000000100000010000011011000000000000010110010000100001000000001000111001000000100111100000000100000010000010010100001001010
00111100000100010010100001000010001000000100001000001100000000100010001010100010100010111000000000000000000000101001000100010010
00101000000000010100001000000111001100000000000100000100010000010011000000100001001001100001000101000000100001010001010010100000
00001000001010100000000000011001010110000101001100000000100001000111000000000000000110100101000101110010000010101000111001000000
11010011000000100010001100100000001000000100000000010001100010000000000011110010000000000000000000100100100001000100000000010001
11000010000111000010000110000000111001000100001011000000000100100010000010100100010110000100000110000000001010000100000001001111
00000111110000100000010100100011000011010010100000000000100100001100100000010101010101000000010000010000100100000000011000000001
00000100001010001010001101000000000000100101010100100011000010101000110000110010001010100010000101000110001000001000001000001110
00000000000000000110100011100000101110101011011000010010110000000110001101001100000000000001010000001000000000001101000001000011
01000010011000010000011000100010010010100000010000000000000000101100000000010000101010010000100001011000100000101110001101010010
01000001000101000100000000000000010000010001010001000000000110111000000010000100001111000000001011001010110010100000001000000000
00100000000010110101010010100110010000000000100010000101100000010000100011001000000100101001011000000000010000000110000000100100
01001000011001110001100000110001000010010100000000001000100010000000001000001010000010000000100101000000100000000000010000001000
10111101000010000001000000000000000100001100000000100001000100011001000100000000001001001011100011000001010000100000111000001010
00011000010001001000000000010100001000100000000000001000010000010010100000000100001000000100000000100000000000000011001010111000
00010000011100001001011101010101000010000000101000000011000000011010000000100101010000011000010000001001100000001000000000000001
00000000001000000000000001000001000000010000000001110010000000000001000000100000011011010000000000000101000000001010001010000100
00100010001000000001001001101010100000001000000000010000000001010000000000001000000000110100101000010010100001010010000000000001
00001000101000000100001000011100011001101001010011000000000010000000100010001100010000000000101001100100010101100000010010010100
10000100000110000100000111100100110110010101000001100001000000001110000010000100110000000011000001010001001000010000001100000000
00001010001000000000110101000000110000010000010001000000000101000000100000001000001011100011100110000001000000000111100110001100
00000010010100000000001001001000000001000000000100100000001100000000010000010001000000000000001011100010100001000001100000010110
00011100000000000101000001111010100000010010010010000011000001101000100110000100000010001000000101001111010100001100010111110001
00110000010100100100000001100100100000000000110001000001110001001000110001100110001000010000000110001001000000000001000100010000
01000001001100000000000001010100001000010100010011011111001001000010011000001000001100100000000100011000011000110010000000000000
00101000000000000010001000011000011111011000000000100000000101000000010011010000100000101000000100110000010010001000110010000100
00000101000111100011000110110010100000000000000100000101101000100100100100100001000000110000000101000001011000000000000000000000
00001010000000001000000000000000010010000101000000010000010000101000101010100000000000000101000000000000100000100000000000010000
00000001011000100000101000100001001011000000101000000000001000000000001011100110000000000010010100000100000100000110011111001011
01001000100001101101000010010000001001100100001111110010000101100010011000011010000000000001000000000000000110001000000010001000
10010001011000100000110000100000001000100100000010010001000010000010010011101010000000001100100100010110000000100001000010100011
10000000000011010000111001000000010010001000100011001000010000001100001100101000100000000000000011000100100000000010110000001000
00110000010010000000001000000010101000000000000000101000010000100010011001100100110000101000000100010110001010000101000000100100
00010000010000000011110000000100001000010001000000000000010000000000110101010110001000000000000000000001100100000100000001000110
11000001100001000000001100010100001000000000001101100110011000010000010100110010000001001100000000101000010010000000000010100101
00001000000001000100001100000000010000001101010001110010000110000100011111000100100000001000001000100010010111000000000010000100
00010001010111000000110100100010011011001000000100000100101100000001100000010000000000100010100000000000010000000001010000010000
10010000000001000000000000110011100000101000000011000010000000110001100000011101010011010000000010000000000010100010000000000010
00000011000010000101001000010000010000010001000101010001000100110110010000000000000100101000000000000000011000000000000000110001
00010101000101010000001000110000000000000001000000101101001001001111000110001010110110001010010000010000000101111000000000010000
11001001100010010000001111111000000101000000000100110100000010100000010000100010001000100001100000000010001001000000000010010000
10000000000000100110000100101111100010000000101000110010100010000110001010011000010110000000100000001100011100000100000001101001
01110001100000000000000000000000001000010001110000000010000101000000011100000010000001000000100000000100011001100000000100100010
10000000011001001000001011010001100001110100000000000101110001000000000001000100000010011000001010010001001010000000000000100000
01000000111010000010000010001000000000010010000010010010000000100000100011000100000011011100000000010000010000101011100000011000
01001000110010001010001000100001000100110000100000100010000101000000000100000000000000000000000010000010000100000010001110011000
00000100010111000101100010001010010000000100000001010100001000010000110000100001010000000000000101001000000000010100000101011001
00000110001100000000100001001001001000000001000001000000010011000000000101000001100000100000111000100000000100010110001000000000
00000000010001110010000100000000100110000001000000110011100000001010000000010100000011100100000100000101000011100100000000001000
01000010000001000000000001111001000000000010010100110000010000100011000001000000000101100000000011000000100000010001100000000110
00000110111000100001110000000010000110001010100000000111001000101001110000000000000100000100000010000011000000001000010100100001
10110010010001100100000000101001010000010101100101010101000100100000000101100000000011000010000000000000110001000010111000000100
00000010000000001110001100100111010110000001010100000000000100000000100000010001110010010000001100000000000001010010000011001100
01000001000000001000010001010010000100101000100000001000000001000000100100111110001000010101000000000010000000010001101000100010
10000000000000000100000000000010001010001010000110100001000001000100101100000100000101100000010000001100001100101000011100001000
00101100000111001000000010100000001000000001000000001001000000001000000001101000000000000010100110000000000000000000001101000101
10000100010110001000010000110100000000000000001000000100110100011000000100000010001110000010000011001010000000010001011101010010
10110101010010011011010010010000011000011100001010001000000000000000000000100000000010100011000100000010001000000000100000110001
10010000000010010100000000000000001010001101000010000000101010100000000100011100000101001111100000001000000000101000000000010000
10100100010111001011110100000000000101000001010010000101001000000001010001001000100010000000001000001100000000000100101100000100
00000110010100010000011000000001101000001100001100000101111010100000000000001000101000100000010100101100100000011000000000100100
01000110000001000000010000100011001001000010000000000100000111011110000000001001000100110000001000101000001100001000011110110011
10100000000001000011000001000000000010110110000000000001000001000010000010100000010000101110001010001100010000010000110011000000
00000001000100000000011101110001000000101010000100000010100000100100101101001000001010011000001000000100010000100001011000000000
00000000000000000000110001100100000100010100010100001000000010001000000000110110111011010000011000000101000001100010000100000000
11101000000100100100110001001100100100000101000001100000000000000000000000100000001001100001001000000001000000100000101000000011
00000111010000000001000000100110000100001000101100000010000000000010000110000000001010010000010000100000000110100010010000000000
01101001000000101000111111000010100011000001001110000100001000100010000000000100001000011001000110101100001001100000000101011110
01001100001000010100100010000001000001110000000000010000000001001000010101101011010000000100000000000000001010000010000000001000
11001000001110000101010100000100000001001000000100000000000001100000011001001010000000000110100001001011000110000010000100100100
00011010000000011111000000010000000000100100110001111000010011000000010001010010000001100000100110001100000101000000100001100000
00000000000010110101001000000100001100100000010010100000000000000100000010000010000100000000110010001001000011000011101100000101
00100110001010001100000001001000010011000010100010010000001011101000010000101000000000000000000001001010000100001001000000001010
01100101000000010001000110001001000010001000001001011001000000011101001010100010000011000100000001000010100000000010000001011000
00000000000100011010001001001111010001000100110000000011000110010000101001110010001010110101000110000001001000100110000100000100
11100110000000000000001100000010001000000001100100001000010000000101101000001000001001001100010010000000100001100011001000100000
00000000100000010100000011000001010000000000000001000000001000000000010000000000001001001000000010010011101001001010000100001000
10000000000000101000000000000000010010010101000000011110010010001101000110000001000000100000100001100001000100110001001010001000
01000001001000010011010000000101000000110100100100001101000000111000100001000010000111000010000110101001001100001001100001000010
10000001001100110111001000000100100000001001000001000000100011000101000000010000111001000000001000100000100000110100000000100000
00001100000100100001110000011000000001111000100000000010000110001100001000010011100001010011001010001000000100000100001100101001
00101110000001001000100000000000000000100001000000000010001000000010000000000100010000011000100001001000100000000100000000110000
01100000100010000100000000000000001001110000100000100000001001110010010100000000110000000100001000000000100000100000010010000000
00000010000010100110100100100000000000000010100000011000000001000001101010011000111000101001010010001110000010110001100000000000
00010000000001001010110100010001110000000101011000100000000001000000111000110010100000000100001001001000010001000010000000110000
10000001101010010101000000000010011000001001001000000001000001001000001000001001010000101011000000011000001100000001000010000000
10100000000010010000010010100100000100000010100101000010000001010000000010010100000110100100001001000010001001100010100000010000
00000101000000000000011111000100000000000001000000000010000000000000000010000001000001100001011010000100000001110000010000000010
00100110110101001011110000010100000000010000000000010000100000000000101011001000000000000001010101111100011010010000000010000000
00100000100010000100100001000100000000000000100001100000100000010011000010110000000010001000101011000000011000000010001000011000
00010100000111110000000000000000011101000101100001001001100000100000000010000000001000100000000000000100011001001011001100000000
11011000100100000110000000101000000100111000100100110101100000010000001101000000000000000000100101000000100000000000000100111001
00101110000000010000000100000000010010000000000101100101010100000100100000111000101000000001000011100010100000001000000000000100
00111100000001100000000101000101000101100111010001000000001000001100001000001000000000010010100011110101001000000100010001000000
01110000000000000011010010000000100000000001101000000000110010001100000100000010101000000000100000000000000000001000100010101001
01001100010010000100010000000000001010000101001000000010000001101000101000100001001010000000010110001000100100100100101100000110
00000010110000000011000001100000000010110101000101010000000011001011110011000000100010100110000000101000000011010010011000010100
10100001010001111000000001000100000001101000100011000000000110110000100010010101000000001000000000000000010100101100010100000000
00000001110011000100101010000000001011000001001010010000110000000011000110000000000111000010100110000000100000001000001000000011
11000000000101010111100010000100000000000000000100010001000010111000111100000000000110100001100000100001010001100000000000100000
00001100000100000001010100001001100001010010000110100011000001000000001000100000000000010010000011010010000001000000000100000000
10011010101000000000011110001001010000001000000010000000000000100000110010000100001000101100000101010110100000110100000000001001
11100000000011100100000001001100010101000101010110101000010000000110001000000000010000100010101010001000001000010000000000000001
10000000100001001010010000000000110001100100100010000001000001100100011001001110010000001000101100010000000110000101000001010110
10000000000000101000001000011101000100010000010100010000000001000001100000100010100010100000000000100010010000000001000011000000
00001010001000001010000000000101000000000000000100010010000000011000001000000000000100110000000100001001001100000000001010001010
00000000001100000010000101111000100000000001010010010010010000001110100100100000000010000101001001000001100100101000001100010001
01010000000000101000000001010110011000000001000010010001110000001000000000001101011011000101000010011001000100101010001000001011
01100000000011001001000000000110000000110010001101100110011000011101010110000000000000100011100000011111100010000100010011010000
00000110010000001111100001010101001010000101000001110000001000000010001001000000000100101001100000000100001000010001001101000100
00001101000000000000000000000101010001100000100000000100110110000000001001000010100001000110001100011010010010100000000010100010
01100000101000000010010000100011000000001000100010000000000010110000000010001000000010000011000101010100010101000000010000110000
10101000000000010010000010011010001000001000001000001000000000000000000000000000000000000010000010011001101000100000010100000100
01110000000000110000001000000001011001101100101001100001110001010010010100000011000000010100000100001000000000000000000100110100
10000000000000000011100100101000000000100010001100001000000000010110100100001000000101000001001100000000011100010000100000000000
00100001000001010000100000000101000000000000100110010110000101010000000100010000001000000010110000000000000000000000000011100000
00000100010001000010010011000000010000000000000001010000110100000110010000000101010010101100001100011101000000000010000101000100
00111010000011010001001001000001000000000100100001100000100000010000011000110100000000010100000100111000100000001000010000000101
10001000011000000110010000000100010000001010010000000000000000011010101000000001000011000010010110001100000000001000000000011000
00100000010010001000000000000000001000000000010000000110001011000000000010000011001000001100010011001000001000001000010011010000
10000100001001010000000000001001101100001110100000000100001000010000000010000111001000001000100010011001000000100100100100011010
00010111001000010001001001001000001101100000000000001000010000010100000000001000010000000111110100001100010000011100100010000000
00010100000000100100011100010000010000000000011000000000001001100100010100000101010010000000010000100000011100001010111100100000
10000001100000100010000000000001000000100000000000001001100000000000000000000000000100000011011000010110000011010000100001010101
00010000010110010000000100000010000010001000000000001010011001000100100000000001010100000000100001000001110000010000000001100001
00010001001100100010100100111100011101000100101000000110100001100000000101000011000110100110010000100001000111010000000011001000
00100000001000101000001010000000000010000000101000000000000010110010010100101000000000101000101001000000011000010100110000000101
01010000010000001010000100001100010100100000000110010001001010010010010110000011011010000000000000000001101000101000100011000100
00000011011010000000000011000100101000100000100011000000100000010010000001000100000110000011010010000000000000011001000101000000
11000000000011000000001100000000000100010000100110000000000000010010011000100000100000000000000010110100000010110000010010100001
00000011000001110100010100101000011010001100010001000101100001010001100010100000001010101000000000010100000110100011100110001000
00010000001100100010000000010000000100001110001000000000110001000100001101111100100001010000000011010100010010011000000000111100
00100001000100000100000000010001110001010101100001000010001000000000101011011001000001000000001000001001000000000010001010001100
10001100100000110100001100000001010100101000001001000101000000101000000000000000000100000000000100000011001110100010011000000000
00000100011101000000000000010001100001001001010000100000010001010000000100101000000010100000110000000100000000000001000100000001
01001110110110010100000100000110011000100110100000100100011010110010100001000000000001010000100000000000000101000010001000100000
00001100001000010100110000111001010000000000001000101000100000001000011000000001000110001000010000100010100000000110100110100100
00000000000000100000010010110000011001100000001000000001100100110100100100000010010100001001100000011101001010001000000001000100
01011010010001000000000101000000100000011000110010000000100000000101110011000110100111001101000001010100010110100010000000000110
01100010100001000000000000000010000011100000100000000000011000000111101101010100000100000011100000111010000000000000001100000000
00001000010100100000100010101100000010101011110000100001100010000000010100000000010001010101001000100000000011000001011001000001
01000000001000000100110011001000010111010001000001101100110010001010010010000100000000100000000000000000110001000010100000100010
00010000001000000100000000100000000000000100001100001000101001000100000000000010010010000000111010100000010000000000000010010100
00010010001000000110000000000000100000010010000000111010011000000100110010001001000001100100110110000000101100000001000000000000
00101001010010100100000101000000100000000000010010100000001000010010010000000000001000000101000000000010100000000010111010001000
00000110000010011001100000000000000000000000000100001100001110011000001010011001000000001110001000000000000000010011000000110000
00010000001010011000000100001000000101000100101000000001000000000001000111110100100010000000010001000000000010000100010000000001
10010100100011000100000010000000000110000000010000001000000001000000100000010000101100000000000000100110000000000000000000101100
00001011100101000000000000000010000010011100010000001010000011000010000000010011100010001110110000000001001000000010000000000000
10000011000001100000000110000101100101001100000000001000100110000010000101100000000110000000001010000001000000000000000010100000
10110110000100000011001001001100100000000000000000001001001100100100100000000000000100110010011001000010100000000100100000000000
10110000001000000000000000000101100000001000000000011001100000000100001000100111001000100100001101000001001000100100000001000001
10100001100110000011000000010010000001100000000010000100000000000000010000000000000000001110001000001001000001010000000100100100
00101011000000001000000100000010000000110001101001000010010000000100100000100001000000000010100000100010001110100000000000010011
00000000011001010000010001000000100010000001100000000001010000110010011001010000110010000000010111100010011001000010010000100100
00000110000000000010000001001001000000000000000000000010110100000000001110000000000000100100000000101100100100001001100100000001
00100100011001010000000010000000101001000000100000111000001101010010011000000000100000100000101100000100000000001101000101001100
11100000001000000010100000000100000101010100000001001000001001000000000101000110001001000000100010000000100001000001110001001000
00000010000001110000110110100000100000010001000001001000000001000010100000010001010001000110011000000000010000011001000000100000
00000010010000000000001010000011101010001101010100100010001011000100010100000000000001110000001010010000000010000010100000001000
00101000101000000000000100000000000000110000011010010100000111000000001001001000100100001000001000011010010000000000000101000000
10010000001001011001000000000101010001000100010000000010000000001100000000001010000000000111111000010001010100000000000000001010
00010001100011000000001000000010110001000000011000000010101100000010001000100000010000000010011000110000000100000000001000000110
00010010100100001100010010000011001000001000000010000101000101010100100100100111011100010001001000000010000000010010101110010001
01000000010100000000011001100000001100000000000101101011001010000000011100000000001010100000000011100000010001000001000001101000
00000010000001100000010001001001000100010010010100011010000101110000000101000100100010000000000000000001001000010000001000110000
00000011000000000001000001001010001110101110010010000011001000000000110110010100000010000100000010000100001000010000010000000100
01010000100000010001101000100100100000000000000000001010000001000001001010000001000000100110100100000010100110010100000100101010
00011000101110001001100000101001010010000000001011000010000100000101000010101001000001000000101100001100000001110100010110100000
00010100000100000010000110000000000000110001110010010000100100011000000010010100000100000000000000001000100000100100000001110000
00101100010001101111001000100011000010101110100000000000100100010010001101000010101000010100010000010010100001001010000000000101
01000010001010000010000010000001001000001000000000000010000101010101100110000101010001110110100000000010001100001100011000001100
01100100000000000010000101000000001000011100001010011000000000010001010011001110000000000100100000010001000010011101100001000101
11101000000001010010001001000100000101000100000010001000110000010011000010000100000001010010010010000001000010000000000000010011
01001000101010000110010000101000000000000000000000000000010001100000000110010100000011000011001001001000011011000011100111000001
01001011100000000110100001100010000100001000000000000000000000100011000000000100010000000001010111100100010100000110000000010100
10100001010011010100101000000000010000000010000000010000110000010000000000000110110010000000000000011111100000000000000000000000
00100100101100000000000000100101001010000000000110010000100110010000010000101010000010100010001100000000000000000000000000000111
10000101000101100001100000001100000110100001001100001000000010000010001010101001000110000101000001000011000000101000000100100000
00000100101110000001110000000010001100001001000000000000001000000100010000000000110110100000000110000100000110010001100001000100
00100000010000101001000001110101100011000000000100101100010000000010111000000010100000000000000100001101000101010001001010001001
11000100010010010011010010001100010000111000000000001001010011100000111010000000001111000000010001100000100000110000010100010001
00001010000000000000000010101011000000010010000100111000000000100100010000011000011000000010000001000001000000011010000110011000
01000000000001000000000101000000001001100100001000110000000010000010110000100100000110010000101100101000000010000011001100010001
01000000000000101100110000010100000100000110000000000000100000000100000101000000001001000000100001000000010000001000100110100001
00011010001001010000000001100000000000100110010000000101000000001010110011000000000010100000001001000000000100010011000101000001
01100010001000000100111000010100000000000101000000000000000100010100010000000001001001000100100000010010001000010000000001010010
00010010000010000100000101000001000001100010011011000000000100101000100100000000100000000100011010000000010100010001000000011001
11010001000100000000000000010101000000001010010000011000000000000010000000000000001100100010000001010001011100100100001010100001
00001100000000010000001011001110100011011000010101000010000100000000001000000010011110100010100000001100100000001001001101101001
10010010000000000000010001010000100110010000110000100111000000000000100000000010100100000001000000010000000010100010000000000011
00100000000000110010000000000001100000000001001010110010000000000000000000000010111111000000000000000000001000001000000100001000
00010000000000000000001000010110010100000000000111000000100000010001100011000100010001000010000001100000011111000000000100000000
00000000000000000000000010000001001000010101100001100100000000000000000000000000000100000000001100001001100000000110001100100100
10100001011000000001010000000010000000010101010000000100100010000000000101100000010010000000010000001000000000101010000100000010
10000001010001000011100000001000010010010000110100000000100000000011100001001010110001000010000000000000000000000000100100101000
00100000001111010101000001110000000101000000010101000000000000000000000001000011001011000000000010101001100010100110100000000000
00100000100000001011000000001000000000000010000111010000001100000000110000000010111000000001100000100000000000000000000100111001
00000000110100000010000000000001010000100001110010000001000101000000000100010000100100011000010000100011010010001000001001101010
00000010010100000100010001111010100010000100001100100000001011010010000001000100000000001000000001101011000000100101011101000100
00110011001010000100111000000100100000100100100000001000001000011000010000001010001000010010000000000000000010000000000001000010
00010000000000000000001100100101100000000010000000010010000000000101000111000001001001110000000000000011110000100000001000000010
10000000010110000010110011000001011000001110000000101000001010001101000010000000000000000011001100000000001000010010000010100010
10110000000011000100000100100001010001111001110010100010100000000000110100000001101100100011001000000010000011001010000000010011
00101000100010000100001000001101000001001110011000100000000000000001101100001100101000000001000010000100001001001000000100000000
10000001000000000101000110100000000000000100000010001001000100101000010100000000010000000100000000000100000000100110011000010011
00000000010011001000000000100000000000001110010000000100100001000011001000001100001010101001101110110000100110000000000001000110
10000000000101011010100000000000001001000001010000000000110100111110011010000101000000100001001000000100000001011100100001100000
10000001001101101000010000010000100000000010011100000000100000101111000000000100001000100001000000000000100100010000001010000000
00000010100000000000001001000010001001000000100001000110100000000000001000010100000010000000010001100000100001101000111010000000
01101001100010000000000010110000110100100000000000100001000101000010000000001001100000001000000010000001001000000101100100000100
00010001000001000100001100000110010000000011000000001000100000010010001010000000000000001000000110011000001100000000011010000010
10010000000000000100010001100000000100000001000000101101001011010000000001000010000010000000010000011010000000000001100001000000
00000000100010010100100000100000101010100100000001000000000101010100000000000000100010000100010011000000010011001000100000110000
01010100000000110010001001100001001111111100010100000000000000000001000010000000000001001000010010001000010000000101001000000000
00101101011000000010110000100001000110010011001000001000101001000010110100000011101000001000011111110010010110001100000000001001
00010110000101010100001100000000010001100011000000110011000100010010000100010100100000001000000010100010001110001000000010010010
10100000000100100100000000001010010010000000000011010100000011000000001010010100000000100000000000000100100000000011000001000100
00000010000001000000010000100110000010011001001101000000000000001011100001100000000010100010101001010110100101000100101000000000
00100000000000010000011110000000110000010010100010100000110000000000011000011000000010011000001000000101000001000000001000101000
00000001001000010001000001000000000110100000001001001000001000000010000000000001000000000010110100000000001100000110000000100000
00100001001000010000001001010100000000100000001001001100001000100010000000011100010000000001000010101011000101110000000000000101
00100100000000000000000010100000001000001000000000000000000101010111000001010000000010001110100000110011000000001100010000010110
00000000010100100001001001000010000000000011001111001100000001011000001110001100000000100010000000010000000010010010011100100110
10001010010010000111010000001000101100000100101011100000000110101000100001001001101000101110000010010000010110010100000010000011
00000000000000001001000111000110001010111111001000110001000100100010110101000110000001001000011000000000000000011000100100100001
10001000001010010001011000000000011100000010000000000000000100100100000001001100000001000011100010000100000101000000001100010000
00100110100101000010010010000000100000000001100000000110110000000000100001010000100101010010101000000100101000000000000010001000
00000100110100001000100100000001001010100011000000101000010100110000001000010000000110001000000010010000010010000000000010001110
10000010000100000100010000000000001100010010110000001000110000010110000100010100000010000100000000100000001110000000000000011000
01100000100010100000100100100100100011010010010000111000000000010101000011001000010001000110010111010000010000011000000000100000
00110010000000011010000100010001111000011000000000000011000001100001001000010001000100001001100111000101010001000000000000010110
00010000000011000011000000000010010000000001001100000000001000000100000000100000000100100000000001001000000011100001100000100001
00000101000111100100000000100000001100000001001101000000000001011100000000011010000010001000100101001011001000001010001000010000
00000010000000001101110000000100100001000001010000001000000000100000001100001000101010011100000000000000001100000000010000011110
00110100100000000001111001011010000100100011001011000110000000010000000100011001000000011010010010000010000000100100011110000110
00000000100000011001001111001100011111000001010000101001000100001000000100001010010001001100010011000100100001000100110000000000
00000000010000000001000101001100000010000100001000000100010100000010100000000000010010000000000001110000100000100000010000100100
00100101000100001110001100000011000000010001000000000000000001010000000111010000000000110011000010000000101110100010100110000011
10100010100010000010001100100000000100000000001001000000000001000000100100000011000010001110101000000000010000001100000011011110
00000000010000110000000000000001100100001000000100100000101011001000000000000100111000000001001101000000000000000001011000010000
00000100000000000001010011000111000000000001000000000001100100000000011100101110000000000010000101010001010100110101000001000101
00001010000000100110000010010100000000010000010101111000010011000001001000000100000000001001100010010000000000000100011000000110
01000000100110101100011000001100000000100000000000010100001000100000000000000000101100010000000010111000001000100001000000000000
00100011000010000010000000010100011110000000001001111010010001100001001010110001101000000001001000000010100010100000000000010000
01001100001100101100101000100100001100000010000101000100010011100100000011010000000100010001010000010000110011000100110100100101
10000000000010000100100101100000011100000000011010000100000000000011001000011100111100001000000100000000010000100010000100001000
01101010000100100000010010000110100111010010000100011010001100000001000010000000000000000000000000001000000001000000100001010010
00101100000001000001000000001000000000000000000110000001000000001101000101101000001010001101000100000000001111011001011101010000
00100010000010010001000000000010000011000110000110001000000001000000100000001000011100000011000000010000101010011010000010000001
00100001001100111000110010010001000101000011100000000000000111000010110000100010001100010100000011100000010011110110110000010010
11110010100100110000000100000101010110101010000000001000000000000010011011100100000010001001100010000000000001000001110000110110
01000000010100100010000001010000100000000000100000000000001100100000011010011001000001000010010011100000000000000011110001000000
01000010000000000000000000100000110010000000100000100100111000000000100010100001110001001000110011010111010010010100000000000000
00010000000000010000000101100000100011001010100000101010010001100100000000100010000111000000000000110100100010100000010000010000
10000011001101000011001010001000000010000000010000000010111000001000011000101101000100100000000101000010000001000111100000000101
00000001010001110010010000000110000000010001001001110000010001100001000000001001100000100000001100000001100000000001110000000001
10000010010101000000100000000100101000000000010110010110100000000000000010000011001000100000010010001000001000000010100100001001
01000100011000010001000001000101000000000000101000010100011010001000010010000100001100000000000100000100000101010100010000001101
00100010000000001000010001010000000100100001010000000001000000000010000010000100011111000000100010001111001000000100100010100010
11001100110000000000000000001010000010001000001000110000100000001010000000000000000010000000001100010000010101001101100000001000
00000000100000110010101000010011000000001010010100011000100000100000000000000000001001101010110100000100000000001001001000000000
00100110000000000100001011001000100000110000001000001000100000110001010000000010000000000001100100010011010001011010111011001100
00000000001000000000000000000010000000100000100101100000000100100000000000101010001000000010100100010000010011010010001001001100
00100011000011000000100000100010000000011000001000000000000010000010010000001000100001000001100000010011000100001000000001100000
10010011001010000100001000010000000100001011000010101001000100001000001000000111010000000000101000001100001000100100110000110000
00000100101000000000010001101001100000000000100001000000000010001000110000010100000101101000100010100010101011000100000000100000
00000011001101000000000000100001000010010000010000001000101000001000000000010100010010101000000000001100100010001010000000010000
00110010010001010010001000000001001000000010100110100000000000000110000010000010000010110100000000010010000000011010000010000110
00000010100100101111000000000111000000000010110000001000011000000001001000010100100010110000010000001010000010110100010000000011
00100001011000100010100000000010000101110010001100000000000010100000000000100101100100100001000011100000000001010001000000110101
10000001001100011110000001001100010000000010000001000110000000000001100100111010100001000110000001110110000001100001100011000001
10001100000001010101010000100000000000001001000001000000000000000001000000010000000000110100010110010000011000001000000000010100
11000000000011100001011110000000001001010000010000001000110000000000000000001010000000111010001010001000000000000010000000010010
00010011001000000101000100000110000000010101100001000001000010000100000000010001010111000110000000000100010010101101100010100000
00000101100010000011010000000000000011000101000110000000101000000110000000000101000010011001000100111000001100100100100010000000
00100000000101100110011000000000101001100110100001100100000011110000000000000000000110010000100000011000100101001000000010110010
10000101011000000100000000010000001010100100000000100100100000000010101000010000000011100000000011110000100010101100100011011100
00000001000000010110010001100110101100101000000000010011000011100010010100000000001000101100000000101000010100010011000011001011
00010001100010000000010001100000000101001000000001001000011010100000100010010000010000010100000000000000000000000010010000001011
00001000000000011000000001000100100100000011001001001010101110001000000100001000000100100111010000000010000000010100010000000001
00000000000000111000111001100000100000000010010011000001000100001100000000101000001100000000000100001000000100011000000010001001
00010001000100010000000010010000001000000000000000100010110000001000010010000001001000011101100010000000011001010010010000000000
11001000100010001000110000000011010101100100000010001001000000100110000110000000010000000010010011000000001000000101000000011110
01110110111110000000100010010001110001101000000000000010001001000000000000010000001111000000101001001011000010110010000000001010
00110000100100000011000001100100000000001010001000000001100000001001000000000000000001001100000001100000010100000111010000101010
01100001100010000100000000000000001010000001011100000001000001010100001000010000000001001000011000001100000000001001110000000100
00000011001000110000010000100101000010001101110100100001000110010011000001010000100000000000010000000000001000001010000110111000
00000010100100101000011101001000000001101000000000000100101010111001001010000100100110010000100000000001000111100101001000001010
10100101001000000010000000001000010000001000000010100000000100110101000000000010100010001100000100010000000000110001010000000000
00000010100000000100000001100000000000110010100000011000101000010100000001010000000110111101000100000011000000000100000100011100
00000001000010000010010000011100010000000010110010110110100000010101000011000110100010000000000000000011000100001010011100001010
11110001001010001000000000000100100000000001000001101110000101010111010010000010001010010101010100000100001010010010011111000001
00000110000001000110011000100000000011000010100010110010000101000010100010000000001011000000000001010001000000100100110110010010
11000000010010010001010000001100010000000100000000110000000100100011110101010000000000000011000000000110000000100110001110000001
01000010001001000000100100100000001100000000101000000000100010000110001000000000000000100001001110011010000000000011000000101010
11100000100011011000010101000000011000000110000001000001100001000100010001100001010000010011000001000010010000110100101100000010
00000001000000010100100000101101000000000000000000100111000000000000000110100000000100001010000110000100100001000001000000001010
10000000100110000000001000000010001110100110001000101000001101101111000010000011100000110000001010100000000001001000000000010010
00101000001000000001000000000100101001010001010000000010010000000000000000100000000100001110010001010110100001100010101000000100
01100000100010000110110000111001000000001000000010100000000000010011000111000000100100000100000010000100010000011000111001010001
10100100110000000000110000000000000010001100010000000001101010000011000110010000111000001000000000100010000100011000101000000000
00000100000000110010010011000111000001000001000100000000000101000100000000000000010100000000101000000000000001010110000000000000
00000100010000010000110001000100011110010111000000010000101000100100110000000100000000000100001000001000100100000000010000000000
01000010000000010100011011000001000100000000000000011000000100000000100100000010000000001011000111110110000011001010100100100000
00100110000000010000000111000000001000100000000010101100010000000100010100001011000000000010010000010010111100011000000000000010
11000111000001001011001000100101011001101000100000000010000000000000000000110000110010001100011001001011010111000101010000000000
00001001101100000010100001011000010000010000000000001100110011110100011000000000101000011000000001001010000100000000100000100111
00000000001000101001001000000001000110000000100000010110001011010010000001010001000000110000000010000011001101001000000000000011
00001000010001000001000000101000000001001100001101100010101000001000000100010100001000010000001001000011011001001000010000010011
00110000011001000100000111000100100000100000000000100001000000000010010000000011100100010110001001000010100110100000001011100000
00010000011100010010001100010000000000100000000000010110001001000001100000001000010000010000000000100000000001000101101010100001
01010000100001010000011110001000100000000000000000100000000000100010110010000100001110001100001000000001001101001010010010111001
00001000000000000101000001100000000100010000000010001000100000010000100011010110000100000010000100000000110000001000000100000010
10101000000001110100100001001111100010000101000100000000100010000100010100010000000000000000000010000100000110000000101000000100
00000100000000000000101001100101010000010101100100001000000100000001001011001000100010000010110101011000000000100001001010010001
10000100000001000101010000000010001101101000000001010000010100101010000000001000100011100000000100110001001000000100001101000000
10000001000000000000000000010000100000000000000000010001000000111110101000101001001100000000100000000001100001001110011000000010
01000000010101010000001000000000000000000001010100110000010000100000100000000001100001000110011001000001000001000100010100001010
00000111100010000001000000000000010100100010010000100100100100100010001000100001000010000100110100001000001000001101001000100000
11000000000000000100100100000000000000110000100010010001000000000000110000000000000010100000001000001101000000000000001111010110
10100000100011000110110000100001011000100111000001000000101100010000001001100001000001000000000000000000000000000000000001010000
01000000100000001000010011001000010000100000011001101110000000101000110000000000110000010000000010100000100000011000000100000000
10000010100000000100000001010000000100001000100101000000110000000010011100110011000001000001111000000000000100000100001000001010
11000001010111010101100101000000000000000010000001100110000000000000000010000000000001100000101000000000000010000001011101010000
00000100000100010101110001101000100100000011001000001000001101010100000000000001010000010100100101000000000000000000000000100001
00000000101000000001000100000001101000100001000100010100000000000000010010101110000001001000000001000000000001001010000100000001
10101000010101000000001000000000010101010100110000111000111000000101000000101100000010000110000010000000000000100001100110000000
10011000011000000010100100000000011010100000001000000000010010010001001100000000000100000100001010000011110000000101110000010010
00000000000001100001011010000010101110001000100000001011100000000111000000000011000000000101000010100000100000000100000111001010
01000000001000000000000000100111000000000000000010000001000000000110100000000001001000010011001010000000110100001000000010011000
00011001000010000000010000000001001101001000001010010011100100001100000000110000000010000100000000000101000001000100001101010110
01000010000000101000000010000000000010000000000010010100100010000001000101000000000110000000010001000101000001000100000110001000
00100010000001101110000000100000010000000001011100000011001110100110010001000110100100101101110000101000001000000000000010100001
00010010001001010000011001110010100101000110011100000000100000000000000101100001000000000010011000100010001000000100001000000000
00000000001010010100100101001010110011010001000111010010000000010000000000001101000010010011010100100001101001000001100101001000
01100000101000101101001010000000000001110000000110000011101001011000101000000000000100110100000000010000101011000100000000001000
00010000000010100000000111000000010010001011000010000000000010010000000010010010001001001000100010100101001001000000100001000101
10110010100101011001100110010000000010000001000000000100000011100010101100100101100000010010000100100000100000000000000001010000
11000000000100000000001000100100010000000100100000000000000010000010001000000010011010110100100100001001000000000001101000010010
00000000000000000001100000011000100100100111000100000001000011000000001000001000110100100000001100000000000001000000001000000100
10000001101000100101000111100100001000010001000000100000010000100010000000001101001010000100000100001000001000000000000000011001
01000001110100001001000011010011000000000000010010000001100000000000110010000000100010010100110010010100000100001000000001100100
01101000001010000010100000100000000000000011001000010011000011000000111010000001000011100110010010011000100111000101001100111000
00000100101110100000010101000000000000100000111010001100001100000010000010111100000000000010010010010100000000001001011000000000
11000011010000101010010010010001010001000001010010101000000000011000001000001010010001000000000001100100001100010111000000000100
00001000100010000000010000100000000001000000000010001100000000010011000110000001010001100000000010000010000010101001000100100100
00100000001010100100100001010100010000000101000000010000110001001001001010100011000010000000001010000100000010101010000011100010
00000100010010000000000010000000010101100001000110110001000000000010100001000011101100000000001011011000000010001000000000111000
00000000100100100000101000101000111010000000000100000000001000001000000000100100010010001000010010100010010001100000010100000010
01100000010000000000001000000010000100010000010110110010000001010100000000001001100100000000110000001000000000000010100000000100
00010001000000000100000000000010001000100000000111100000010000100010110000011000110001001000001100000001100010001101000111000001
01100000101010000000001001010010000001100101101000000101000000010010101001000000100000001110110010000000000000000000001100001000
11000000000100100100001000011000000010000001100000000100100000110000101000000110001101000100000000000001001001010111010010000000
10010000001101000001010000101000011100100001000000001100001001101100100000001011000001001001100101100010000000010100010000011100
00101000000001000001000011100010000100100000001000000110000110000000010101100100010010000001010100110100000100000100000001101110
00010000010101000010000011110000000101011100000010000010111001001101100000000111010000001110001110100110100000111000000111000000
10100011001011000100010000011010100111011000000000010000010010010001001000001000000000000011110001010000011100100000000010000000
00100000010000000001010010001000000000011001010000110000000000010000010001100100000010000110000010010000010000010000011011010000
00000010010100100101100000000010100010100100000001110000001010110000011000010110000100000010000000011000000010010010000111000001
00000010110000101000000010100000100000110010011100000100000100000000001010000010001111000000000001010001000000000101000100000000
00100001010100000000010000000000110000001000010000000001011000000000001010001110000011011010001111100100000000000000101001000000
10000000010000100010100100011101010110101100000110100001001000000111110100001100000001000000101110101000110000101010000001010010
01100000000010000010000001000000000100000000100000001000010001001010101000000100001010000000000000000010000010001000000000110000
00000100000010000000000100000001100010000000001000000010100000010000011001000111010000010001010000000001101000100011100000000000
00110010100010100010000000000110101001101000100100100001100110000000000000000000101000010100010000100010100100000001000000000110
01000010001010001000000101001010010011010000111000000001000000010000001010000010000001001001100000000001001010101010000000001100
00000010100110101100010001000011110101011000100100110000000110000100000010001101101100101000000110011000010010000011000100000000
00001111010011011100000000011000100010001000000100101000100001100000011110010000010011000000010001000110000000001011111001000001
00000000000000100001001110100111000101000110100100000011000000100000001110010011000000000000001000010001001100000101000110010010
00010100000101000000101101000100001010100000000110010000010011000000010000000000000011001100000010000000000010001001110000100000
11001011110000000010100000000100100000000011011100101100000000000101100000000100100010001101101100010000000001000001000011000001
00001101000101001000110000010000101000100000001001100001000101000010000010000001000010000000000000001011001000111000000000000000
01100100000100000000000000000100100001011001000100000000001000100000000000100100010000100100010110100000001011000001100100000001
11000111000000001000000010000000000100010001001010100000010000000010010001000101101001100100101010000000010100000000000001011000
01000110100000000000100010000010100001001000001100001000000001000111110000100100000000100101100100000000001000010000000000000100
00100000010000000000000010000111000000000001000100110000101001000010010110100001000010000100001110101010000000000010010100010000
10100101001010000000010110100011000101000101000010000100000100001010000000111001000110100000001000000000000000000001010000000010
00001010000000100100000001000000000010010011010000100110001001010010000001001010000100000010001010001000000000000000100000000010
00010100001001001000000100100000000000000000000011010001001000000100000000001100010000110000001100000011010010000001101100001101
00000100110101001100000001000000001010010000010110111001000110010100110001001000000110100100000010001000000000100000001001000000
00100000000010110000100010111000001011011100000110011000001101101011101000110010010010000000100010001001000000010001001101010111
00000000000000100001010010101000001000000000000001111000000100010010100100000000001100100110000000010000000000011000110010001011
00010010110100000010000010000000000000010000100000100100010010010100000000100100001000000100001010000011000001010100101010011000
01000100001010100000000011001000010000100010000001010000101000000000001001111111000111010000100011001101000000001111000000100001
10000000011100010100000000000010001010000000001001001010000000100101000000011100000000100000001000000001010000000000011110100111
00010110110000010101011100000010010000100000100001000000011010000001000001100000011110100000100000010010010000000000000010010000
10001011100000000010100000010100101100100001100001010000101000000010001000010100000000000000100010000000001010010110000011000010
10000000000100000001010000100000010000000010010000011000001101100001000001110001010000000000101111000010100111110000000010001010
10000100001010000000001001100010000000000000000000000000000000000001001000000100000000001000000010011001000100000010100000000100
01010001100100000111100000001011100000100110001000000010010100000000101100000000000000000001101100010010000101011000100001000000
00000001100000001010000111000000001000000000001000010000000010001010000101111001100000100001000100000101100100000000001010001100
11000000010010001100011000100000110000000000001000001000100001100000000000100110000100000101000001100100100000000100000010001000
00010100100010110100110000000000000000001000101001100000000100000000000010100011000010000100001100100000000000100010100100100001
00000100000000100000000001000000100010010110100010010100100000001000000001000101010100100000001100011010001001000001000010000011
10000001010101010000001011000100100000101001000000110000110000100010000000000101000100110111100100101100101000000001001010001000
00000010000100110000000000011010010001000000100101001000100011000001001100000000000010000001001011011101000010001101000000001110
11000000101010100010100000100000010010010001010000000000100000000001010011000100100000001000000110001000000010001110000000000000
00011000010000000011000111000001010000010110000000010011000000000100100000001001100100010111000011100000010000010101000000110100
00000000101100100000001100000010101100000001010010100000000000111000000100000110000001100000000001000101100000100010010000010000
