00100010001000000000000001100001101100000001100000000000100001000111000001010000101001000010001001001101011000010000011000010000
00000010010000000000000000010100000000011000000001000000111100000010010000000000010000010000000000000011000010100000010100000000
00001000010010100101001000010100000010001100000010110000100000000000000000000010000001000101000100001010011000100010000100000000
10000001000001100000000001101000000101100010000101000010011000000011000010010000000000001110000000001000000010000000101010101100
00010101001001010000000011000100000101100000011100011000000100100000000000100010001100111100001000000000000000011001101000100000
00100010001000000110011100010001000010001001101010000011000110110000100000100000000100000000010001000100000000001000001000100000
00101111001000001000001010100000100000001100101111100010001000000100000000000010001001000010000100000011001100110000011000000110
00000010001100001000011000000011100000000000000000100000100000000000001000000101010001000100000100000000000100001011001000000000
01111010001011010000000110000000111110100001010000100100000000100100001111001100000010000100101100010000001000010000100100110000
01000001110001101000010000000001000001010000000001000010000100000001000001011101011000100001001001000010001101000000101000010000
00000011000100100010000110010100000000000000110100000010000000000000000000010000011010100010011000100100000000010001010010001000
00000000000000100000000000000100110101000000000111000001010000000010101001000101000010001000011010101011011011000100001010001000
01100011000011001001111110100001000101100000100101010010000100101000000100000000010000000010000011001011000100001110100100101000
00100001000000000000001100000000110000001010001100000110000000000000100000000011000100000010110000001100000000010010110100100100
11000100101011101001100001011100000000000000000011101110100100101000010010101000000000000000010000001000010000100100011000010100
10110000000001000100011010000110000010000010000101001100010001000010000000110110000001000000010000110010000100100000000011001101
10100010000010010001010000010001011101000011000110100001000000000100000000000100100110010010001000000001010001000010001001100000
01000001010010000001100001100000001100000000000000000000000100010001010000000000110000010010000000000100101100000110000010000010
00101000101100100000100011010110101000000011010110000000000000000000000010010000000110000000110000000000100100100010001000011101
00000000001011010001001000000000000001001000000000110100000100110000001001000100010000000000010000000001101100000111000010011010
10000000010000000110000000010000000100100000000001000010001000000010001110101111000100000000000000000000100000000010000110000100
01000000001000000000110010001101000000001000011110011110010000001011010010100001000100000000000001011100010000000000010000010010
10000000001010000101100000010000011000010101010000010001000100000000000010001100000001100001100101000100010001000001100001100110
01010001010000000100010001010010001100110000000000100010001011001110000100000000110000000010110010001000100000000101000110100010
01111110101100110000001000011010010000001000000011110001001010000100000000110010000000101100000100000011000000000110100000000100
00011001001010001010000101100100100000000100000000110011010001000000001110000100011000001000010001000101001000000010001000101001
00000000001010011010010000001001101000100101001010000010100000000001001000000100100000100101011000101001110110001101000000011100
00001010111101001100001010000000111010000001000010100000000000111011000000001000001001000010010001001010001000000100000000000000
00010001000001010100100111010000000001010000111001001000000000010001001001000001100010000000000101000000000000010010100101101000
10000100010010000011001000000000000001000010001000010000000000000000001000101100010000000001110000000010110000000100010000000000
00001000001011011000111001010000110000100010000000000000001001000000000000000100000000100000010010000000000010000001000100000000
00000000100100100100100000100001000000000001001001100000000000001110001001110000001000000001000000000000110010010011010101010010
00000001000100000100000000000001000000100010000010000000000000010001000010001000000101001000100100101000100000100100010000000010
00000000001000000000100000101010101100100001000000110000100000100000000110000100100101000000000000001011000001000000001101000100
01000000001010100001101001010010010010000010100000000000110101000111000000010010110010000100010011100010011001000100000010000000
10000000001100000001101000000000000100011000010100001011000000101011000100000000011010001001000101001000000100000100100100101000
00001000001010000000010000000000101001010000001101000010000100010110100010000000001000101000000001000010010000100100001000110101
00000100000010010000000000000000010011000010000010000110000000001010000100110010000000000000000000001000110000000100001111101000
00010001000000001000001001010001101001001010000100100010010010000000110000110000000000010000111000010000010000000011100100100000
11101001000010000010010101000100100000010010010000000100100000000010000010010000010000000000000000100001000000000101100000000110
10000000000100010010000010000001000000001010000000110000000000000000000100000100000001100100000100000000000000000100000000010100
10111100010000100000000010000000000011100100000010000000000011100110010101001000100000000000000000100001000000000000000001100010
00000000000000000101000000001001010011000000011100000101100100000001000010000100111000100000001110010000100100110111000000001000
00110000010000000101010000011100000011001000000010101010000000010000110100000001000010000000000000100000001001101000001001000011
01110000000000110010001110000000001000000000100001101000001010011100110000101010101000000100010101000010000000000000000100000100
00000101000000000000000100000001100000000001000010110000100000001100111000010010100001000000010000101011001010010000000001000001
10010101010000010010100001001110000000000100101100010100010010000011110000000101001000010000000000000001001000000000000100101010
10101100000000000000000000001010000100110000101100100100100000000001000100000101001100001010001101000010010101010000010000110010
01000010010000010001100000010100011100000000000000000000100000110000001000100010000000000001001000000011000010010000000000100000
00000001000000000000010000100000000110100000000000000100100000000100110111001011010100000010000100010010000000000100001000001000
01001100010010000000000000000001001000100000000000111010110011000101000000001001100100000100011000110000011000000000000011100000
01000110001001001000000000000000110000101010000000001011001000000110001111001000100011000010000011001001100010000001000010100001
00000000000010010010001000000001000010011000101110000000000110000110100001000000010000000011101101000000100100000100110010100000
11100000001000001011000000010000011010100000000010100000000000000010100010110100000001100000000000000000010001100010000110000010
00011001100000100010000010111100100000000001000000001000010011100000101110010000011000000000010010000010110101000000011010001000
10001000010100010001000100100000011100100110000011100101000010001001001110001110000000000101000001100010000000010001000000110011
00100001111000000011000000010100100101100000010010000000000101100000000000000000100100001000000000010001101000110000101000010100
00100001010011100101001010000010111110000100000001100100001110001000000001100101100100010101000001000001000000010001000000010000
00000110100000000111000000000000000100010100110001010000100101010000010100100011010000000010000000001000001001000100000000010010
00101001100000000000000000001100000000010000001010000110101110110010001000000000100000001010000111101010000010001010001100001010
00001010110001010110001101001100000000001000010010001010000001000011000000010000000000100001001100110100100110000000000000000000
00000000010001001000100011000010000100110100100000010000010010100010010010010000000011000010000000000101000110000100001001001110
10000001101010001000110000001000000010001100110100000010000000000011000000100010000000000000110010010000000000100000000000001001
00001100100001000101000101000000000010100110100000000100001000010100000000010000000001001100000000000111100100000000000100101000
10100011000000000010100011100100010010000100001010000001000000010111100000011000010011111000100000010000110011010001000000000010
00000010001000000101000101001010010001011000100000101000000000001010111001010101000100100000010000000000000110001000100000000001
00000101001110100001000000101000100110000001100001010010010101000001001100000001000000000000010000000100100001111000000000001100
00110000101000100000000000000000000000000000010101000100000000111100000001000100101000100010010100000001001110000011000000000010
01000010000000001111010000000010011000000000000001000000000001101001000000100001101000000000000000000000010000001001000100001000
00000101100000010010100000000101010000100000010000010000010000100110010010010000001100000000010000011101110100000000000000100100
01010111001000010000000011100000001000000000100100000100000001101001000001010001000000100101010000011000000011000010010110011100
00011110000000000010001100010001110100001010000110000000010110101010010000110010000000000100011000000010000010000001010000000011
00001001000000010100100001010010000000000000100010000010000100100100000000000100001111000000010001011100000110010100100011000011
00000100000011010001010010101001000011110001100000000010111100110100000011010000100000000000011000000011101001100010000001100001
00100010000000001000000000100001001000100000000000000000010000100101100000110001000001000000100001001000001000011010000000000110
10100100101000000001100000101000001101000001100000001011010000100000000000001000000001010001000101000101000011001000000010101000
01000000100101000100001000101100000001110101000010011000010000110001001011100000000010000001000010000010101101010110000000100110
10001100110111000001000000000000000000010001010001100101100010000010000001001000010000011000000010011001000001110001100010000001
00101000001000000100000001100000000000010001001100010000000010100001011110001010000000000000110000100000000011101100010011000101
00100000101010110000000010010001100000011010110011010001100000001000001000100101000100000000001010000110100010110000000001000000
00100000100100010000010000000010100001000001000001000001010100011101101100101000000100100000101110011011001000000000010000110000
00100010011010000100000000111111001000001110010001100001001000010000000000000001000011101100000101010000110000000010000101000000
10011000010010001000000110100000100110010000001000000110100000000000101000100100000000000000100011000000000000011010010100010000
10111000001001001000010100000001000000000000011001100010000000010111000101110101001000000000001000100001000000010100000000000000
00000000000000000000000001010000100000001011010000100011100110100000100100001001110000100001000110001000000000101010000001000011
00000000010101100111000010000000000100010100101011110010001010100000000000001000010011000000000011001100001000001000010110100000
00010000000000110110010001001100000000001100110000000000000100000000000000001100011000000010101000001110010000000000010000000100
00010000010010010000010001000000000011000000000000100000011001000000000001100000010000010001000100011010000100101100000001111000
10000010100000000000010111000010010011010000100011001100000000001111001100011101000000101001100000011001000010000110000000000101
01000000000000101101100001000100011111001000010000000110111101000000010000000100000000001011010000000100000000101000100001000101
00011000000000101100010000101010110000000010000100000100000000000110100000000010010000100010000011001001001100100100110101010000
00010011000001101000011011010101100000100100010000000000110001010110000101001110000010100000010101110000111000011000100001001100
00000010000110000101101000000100001000001000000000101000000011001000000000010001001010000110010000100000010010010000000000001000
00111100000001000100000100000100101100000011000000000000000010010110000001000101100010000000000001011000010000000101000000000000
01100100000000100000110111000000100000000111001111011000100000100000000000000000100000001101001100010000100100001001000100000000
10000011110010101000000011001100000100000000100101000101000000101000010011000000001000011100001000001011111010000000000110100000
00110010000000000000110110100100000110011010001010010000100100010011000100100100000001000000100000001001000000000000000000100000
01000000001000000101001000000010101000010001000000100010000100010000000011100000110001000100000000001000011000111010001000010001
01000100110000100000000010000000010000001011001010001000101001011100010111000000110000000001000001101010001110000010001001100011
11000000000000010000010000000011000000010000011000100010000010000010100010000100010010010101000100001001010001100111011000000000
10010000000001000000110000101000000000000000000010101001010000100001000010100110000001010010001010000110010001011000000000010000
01001000000011000010100110000011010000010000000000000001000100111000001100000111001100000000100010000001100010000000010101110110
00000001000000001110100010001000010000000010000000110000100010001000000000000100011000000000010000100000101000001000000101001010
01000110100000000010000000000010000010010101000001100010000110000010001000010000100101110000001001100011000101000000101000100000
00000001000100000010111010001000000000000100100001100000101100001001000000011011010001110110000000100010000100110011000000010000
00001010100000000010000000000011100101001001001010010101010001100101000000010010001000100111100110011000000011100100000000001000
00110000001000100100000100000010000101110001000001110010010001000100000010100000100000010010101010000111011010000011000000011000
00011000000000000000000001000000010000101001010011011000100010001000000000100000100000111000010011000110001000000101100000000001
01101111000000010001000010100100000001001000001101110011000010001000001000000011000111010000010101001000100010110010000011100110
00000000100100000000100101100000000010010000000000000100110001000010010100001000100000001010010001010011000010010111001010001100
00000000000000001000000000101000100100100110010100101010000100011000110111000010000010000000100010000100000001010000010010000100
00000110010111010101000001100100111000000000000010111111000001000000001000010000011111011000001100000001000000011000000100010100
00010110010000000000000111000001000010100000101100000000100010100010100001000110110010110000000000000101010000000011100000000100
01001000000011000011110000001101110010100011000000000110010110101001000000000000000010100000000000000110000000000010110001010000
00110101000010001100011000011100000000000000001000001111000000001000000000000000000010010000000111000000000000000011000000100001
10000000100100000001100001000100000000001001000011000010011001011001000100000011101100000000100101100100100011000010001010000000
01000110000110100010010010010110000001100010000110000011011110000010000000100010000111010001000000000010100110000100000010000000
10000000001001000010001010000010001100100010001010010100000010010010000010000010001011000101010000000010010010010010001010000100
11001100000011100000110001100100000000100000101000001000100000110000000110100000000000111000000001000000100110000000010011000001
10000001000100100000000000000010010100000000000011100000100000000001001100000000000000001010010100000101100000000110000010000001
00000000010100110011100000010100000000000001100100000001100000110101011000100000000000000100110000001100010010000010011100000100
01000100000100010010000001010110000010000100101000001010000000000010010110100000000100000000010000110010100000000000000000001000
00010111100001010010000100000000000011000101000100001000000000001000000000001000000101100001010101011001000000100000000000000000
11100101100110000001011001110000000010000000000001000000010110100010000110000100101000010001000000100011001000000101000001001001
00000111000000001000000101000010011100100010000001100001011000000001011010100001000100101111011001001100000010000100000001000000
00000101000110000010010010100010000010000100000110010000101010000010011000010010010010001000001000000000001010100000001110000000
00100100011001000110100101010001100001001001001000000000110100101010010000010011000110000001111100000001000101000000101000001000
01010001000100000000001000000100001001100010000011000000011110000001000000000000110100000000010011011111010000000000001001001010
11000101010000100000000110001001100000000001001000000010001000011100000000011000100000101000010000010000000001000000100000100000
00000110011001011001000000001010000001110010011000000010001000000100000100100101000010000000100000100110000000000001000001110100
00100010000010000000010010110000010000000110000001000100010001001000001010010101000000110000001000000001011001001001010101010000
10100001000010000010000000000011000110010000000000000001010011100110000000101010011110001000000000100000100000000010000000000000
00000110000000000011001000000001100000010000010110000010010000000010000010010101000100000000010000100000000000101000110100000100
10010010101010010000100000001000000000000100100000001000010100000110001000000000000110000000011000010000000000000000010010100000
00000001001000000000001101010000011001000000011000010001000101101011010000000000010110100010100010100000100000110010000010101100
01100000001100010100100000000000010000010010110010011101010100000000000101000001000000100000011000000000001111000010011000000101
01000010110000010001000000000100000101000001100010001001101010000000010010000100011000000000000101000001011000000000000100100000
10100000100001010000000100100100000100100001000001100011000100000111101010001000000100100000010100101001001000000000000100100011
00000000010000000001010010010101001000000000000010101000100000100100100000010100001010001000011100010100010110010100000000010100
00010100000000000000110100100010100001000101100000010000011000000010000000000010000001101000100010100100101000001000000010100010
01000011100001000000100010001000010000010001010100011010100001000000010001000100000000010100000101100001110000000100100100100001
01001000001000000001010011100000100001010110000000100000000110000110001000010000010111100000000101100000100000100100000100010000
00110010001000010000000010000000000100000010011000011000100001000000010000101100010000010000000010000010010001000001110010000000
10010001101011010000000011011000001010000101000000010010000000001000000000000001000000101000100000000100010001101001011001010000
00010100000000001000101001010100000000000001000000001010100100000001011000010000001010100011000010100000000000010000100000000000
10000100000000000100000100010000010000000000000010101100100000101001101001000100001100000001011110000100010110000100001000000000
00000000101010000000000010010001110010100100011010010001100001101000110000010100001000100000000001010100000000000101000000001000
00010000000000000100111100000010100000000001101100110000000010001010010010010001000100000010000001000000011000011000100110011000
01000010010110010000011100010000101001010110101110011100100000000010010000001010101001000001000000010010100000000100110011100000
00010010001001001001011101010010001000000100100000010101100100100001010010000000100010010000000010001101000110001100011001000101
00010000010100101001001000000000101010101011011001000100010000010001111000001000100000110000000000100000010100000010001000010000
00100000001000100010000100101000000101000010001011100100001100110100000000001000101110100100001000100110000000001000101101001100
10000010000100011000100000010100100100101001101000001110101000000000000100011000111000010000100001000000000001000000000001000010
00100101001100000010010100001000000011100001010010001100000000100100001010001101001011000001010101100000100000000010000100001111
00000001011000000000100000000101100000011000011001010101010000000000000001010000010100101010000111001000001000000011001000001001
00100000100010001010000100000001101001000000010000000100001000011100001010011000100000000010101010101000001001010001000000011000
10001010001010000000100011000100101110010000000000000010000001101000100000100000010010000000010010100000010000000100000010000100
00000010100000000001000000000000000000000010010000010100000101000100100000001010100010010100000000000000001000010000101001100000
00000010000010000001000000000000001100001001000010000000000010100000000100000001000000000011000000000001010010001001000001010000
00011110000000010001000100010001010011000000000010000010110010100000000010000101001000011000000111000010000000000110000011000100
01001000101001000000000001000110011100100000110100000000010000000011001001000100010101000000000000000010100000101010000000000000
00000000110000100000000100110011000010000001000010001010000010001000000000010100110000010100000000110000000000001011000101010000
10101010000100000000011000001000110000100010001110010110000011000000000000000011000100010101101011000000011101000000000110011000
10101000000000011100000000000010000001011000001110001010000001100100000101000000010000000000000100011100000001000110001010001000
00100000000000001000010000001010100000111000110001100110000010010010000001100100000011010110000101000001111100010000100100000010
00001010000010000100100100000001000010001100000000000010000100100100100100010100010000010001000110000000000000000110100000000001
00001010000001000010100001000011000101000001000010000000100000100000000001001000000000001100000000010000000010100001011000000000
00000010010000001001011000000010001010000000010000000001011110010000100010001000000000010100000100110010010000001000101000101001
00000010000000010000110000010100010100101101000010000010110000000100000000010000100101000010000000010110000000000000000010000101
10000100000100100111001000000100001101000000101000001010010100001010010000100000000101000001110000001000000010110011011000110110
11100100001001110000011000111001011010100000011110100000000000001000000010011000010101000100000000000001101110001101001010100000
00000100000011000100000000010010101101010010000000000000000000101110010011010101110010110000000100011010000000000010101000101000
11000100000000100000010100000100000110100110111001000000001000100100010001000010000000101000101010000000011000000010100110000010
00110010000001000000000100000000000000100000001000000000000010010010001100000000101001000000100000001010001100101000100000000000
00001001010100101010000011000010010000010000100000000000000001100010100000100000100000100100100100101001001110001001000010010100
10100100001000000111100000001010010011000000000001000000100000000110000000000001000001001000010110000000000100110000000100000010
00100010100101000000000000000010010000100010110010010000000010000000010000000000000000100001000010101011111000101001010010000001
00100000010000110000001000111000100010001000000010000000100000110001001001010110000000000100000110000100010000010010000010000001
10000100010110001011100000010101000001000000010000000010010010100101000100011000000101100000001000000111000001100100010010011000
00101000000000111001000100110000000000000110010101000000000011100000000000001000000000100011000010000100000100110001100000001101
00011000000001000000001001000000000110001010000000011100000100000000001001110101100100001001000110000101000001100000010000001101
10010000000001000000000101101000010000011000000101010001001000000100000000000100000010010000000000010010100011001001010000000010
01011000100000011000000001000001001011000110101000101000000001000000000010000111011100001010000000011010000010000010010000001000
10000010000000000100000001010000001110100000100010100000110100000010000000001010111001000000110000000011011001000001011000001000
00000011000000010000000000011000100000110000001000110001010010010001000100000100000001000000000010001011100001010000000001000110
00000000010100100001001000000001000001010010000100000010001001100000100000010000000100000000000000001000000100010000010001010001
00100000001000101000100100111001000000100111000011001000001000000010010111001000000110000100000001000010000000101110010000101000
00000001010000001010010100001010010000010010010010010010010001001000000010000000000100000000000000000100000010000000010000000001
10010101010101000000001000000000000000010010000110000011000001100000010000110001000001000100010101000000000001000000100001001010
10100000000000100011100100000011001000100010000001000001000001000101001100001100000000000100100000000000010011001000100000000000
00000000001110000101101001100100000000100001100110100110100000000011100010000000010001000011001011010000100000010000001010100001
00110000101111011110000001000000010000110101110000000110000010000010000000010001100011100010000000010001010000000011001100000010
00100001100101100000000000010100100100000010000001101001000110000010010101001100001001011000001010000000001001010010010110001010
00000000100000010010001110000001000000000010001000100000100000000000000000000000001011000000000001100000000001100000001110100010
10010000100000011001010000111010000000001001000001001000010000000010000000110010011101101100000000000001000011000000100001100010
00000010000000000000110000100000000001000000000101011010000010100001001010110010000100000100000010110000000000100101010000010101
00000000000101000100000101000000001000010100110000010001110001001000000000000000000011011000001100010010000000100000011001100100
01011100011010001100101001000000000000001000010111100000001000000010001010001000000000000010010100000001100000101010101000000101
01010000000010000000000100000100001000000010001000000110101001011000101100011100000011100000001010010110010101000000101100000101
01000001010001000000001000010000000000010100001001001001000111101001000100000000100000010010000001000000000100000010001000000000
00100000010010010001000000000010000010000000010110100000001011111100000010000000000100100001000001000001100010101110010010010000
10000010010001111100100000010001000100101010001000001000010000000000011001000100000000110000001110100000000000011100000011110010
00000000000000110000000010000010000000111000100000000001001000001000000000001010001001000010101010010001000000101001010101000001
10000110001011010000100000001001000000010110110010000100000001100001000101110000000001010010000001000010001000001000010001000110
00000000100001101101010101000001001000001100010100010000100001100000010001000000000000000000010000000000000001000100000001101000
11011100010000000000001001000100100000110100000010000000000011000000000101100100001000000100011110100001010100100101000001000101
00010000100000000000101100110000000001001101000000000010000001100110000010000000011010000100000000000000100000001010000010010111
01101001000010000000001000000001000000100100000000001011010100100001000000000111001000000010000000010001000100010010010000000000
00001000000100000111000101100110100110001000101011010000100000001000010001110010100000001100000000101000100001000000010110101100
00000000100000100011010000010000100100000100001110001110100000100010000000110000000101101101000000100010000000000001100000000010
01000100101000000110000000101000000000000000101000000000110010100111010011010000010001001001100000000000001001000000100000110101
00100000001000000100110001010001101000010101110010000010000111000100010000001010000000000100100000010000000000100000000000010001
00010010001001101000000010001000000010000000010000001000000000100000001000001100000100000100001000100110000000010000000000101100
00000100000010000100001001000100100100000001000100101000101101100111010010011001001000100100000100000101000000100110010100100100
11100010001000001101010000000011000000000100110000101100010000010101000010000010000110001110000000010000100101010001000001010000
10001000010001110001000101100101001010010000001000010000000110100010000000000000000000000000000000010010010000110000000011001010
00000100100000010100100001100110111010001100000101000001000000000001000101000010100010000000000100000100001000001001000000000000
00110000100010100001000000001000010000011000000001000001010110100000001000010010000000100001110000001000000000100000000000100000
10101010010001000000011010001000110010000000000000000000011000001000000000000000000010000100000001000000000001000000000001000001
00010000001110010010000000000001000000001000000000000001100000000011110001000000000101010001010000011000000001010001110001000001
00101000100100100010000000000000010000001010000000000001001000100000000010010001011010000010011000100000001001100100100100011010
00100000100000010001101000010000110000000001000000000100001010110001000000010000000100010010000110011100000001000010000000001000
01000000100000000100101001001000001000001000000000010010000000000000000000000010000000010100010001000101010101101100100110001000
10000001100000000000000000000000010100110000100000010000100100000100100000000100001100100000010101000110000010110001000000000000
00001000101010000110000000010101010000000101011000000010000000100100101010101100100010000100000100000010101100100000010000000011
10000101100110000000000100010001000010000101000001001111110100010110110000000010001000010010010101100111110000000000000000000001
00010001001000000001000000011001000000000100000000101011100010010000100010010000100001010000010100001101010100000000000100000010
11100001100001000011000011000010010000000100000110000010010000100000000010000000100000010100001001000000000001100001000001100000
11000100110000000000000101000101010000010111010000000000001100001000010110011111000100001101000010110001000001000000011000000110
10000001000000000000010011000000001000001000000000000000101000100101000010000010100010100100011010000000001001000001000101111110
00000100001001000000000101100100000101001100110111000001011000011001010000000000010001001000000000100000010010000000000100011000
00000000101010010000100010000000000011000000000100011000000000011100010001000000000001000101110010100000011100000101100010001000
00000001000000011010100000000011000101100010000001100001001100110000001000111001001000000010100010000010000001010000011001101010
00010000001100100011100100100011000010001010000011011010110000000000100001000110000001101100000001001010000010000000001000010100
10010011010000100000110000001101000000100000001010001000100000010001000011000000000100000000000010001101110000001010000010100100
00010000000100101110010010010000000001100011100100000111000001010001000000110100000000000000000001010000000110001001000000000000
10000001000010100100011110000000010000000010011110100000000110000011110000001010100011001000010010000001000000010010010000010100
00000010010000100010100010001010001000101110000000100001000000000100010000001000000000000001000100000010000000010111000000001011
01010000101001100001010000001000001000000000010110000001010100010111010010101001100001000011000001000100000000001100001010000010
00110100001000001100000001000000000000010000010000100001001001000000100010000000010000100100000010000000000100000000010000010001
11101000100001100110000000000011000000001100000000000010100100000000010001110010111101010000101101001000000000100010000000010000
00001000010000001100110100100000010000001000000100001101010000010010001001000000001100000010011000000000000000000000000101110000
10101000001000000000001100010000000000100000000100000001001000001000010000000000000110000000011000000000010000010100000000100010
00001000000101000000000000010000010000100100010000100010010101101110000000100000001100000010000001111000001010001000001100000000
00000000100001100000000101001001000000000010000001000100100001001001000110001100001101101110010001100010001100000100001001000000
00000010110101000001010110001000000100000000000000000000100000000101100110000101000000001000011100000000011110110000101010010100
00011001100000001001000100000111000101010001000001010000000000100000000110100111100001100000010001000011000110011010001100110000
00001000000001000100000000000000010000010000000000001100001010100000101001000000101000000011000010001000001001100000101001100010
01101010000100001000000010101100010101000000100000011001000010000110000000001010000100010010000000000000010000000100100000000100
00000001110010011000000001000110000000000000010100010000000110010100010010000100011011101101101100000100010000011010000000010110
00101001011100100000010011001000100000100000010000110000000000000000000110000000000001000000110001001001000000010000010000100000
00000011000000000010000000101010000001011101010000000001101010101001010010000100000010001000000110000100010111010000000110010011
00000000001000100010001000010000000000101010100111101001000000110000100000101010000000000001000001010010010010101000001000110010
01010000110000000010100000000000000001000100000000101001010000100110000110000000000100000010010000010000000000100010100000000001
01100000000101100100000010010100010100000010010010011000010101000111010000100010000010000000001011000001000100100011010101010100
10101001110000000001010000000001011000001000000000100000011010000001000000100000010001001000100100000010100010101000000011000101
11001001110011000111110010000000000000110101001100001110000100010000001000010000000000100010100000000010110010000011101000101010
00010000000010000000101000010000011110000000000000000110001000000000001110000010000100000010000010000010001010000101000010000100
01000001000001010000000000000000000110000000001010101000001000001000000000001000000000001010000010011110000000100000110000001000
11000001100010000110001010110000010000100001000000000110001101110000000110000000000000010100010000000001001000000000100100000000
01000000111000100000001000000001000000010000000000010110000001100010000000010000011000001000010001000011001010100101010101101000
00010011100010000101000000000111010000010100001011000000001000110101010001001001010000000000101100000101010010100001100000100000
00000000000010100010001000100000001011010110000110001010000010001100100001000101100001000011100000001110100110000000000110010011
00011001100000010000011000000000000000000000100001000010010000000001110001100000000011000100101000000000000010010000110011001000
00010000000001100100110000100000000000001010001010001000000000000000000001001000000100000000010001100011100000011000000000000000
00000001000011000010001000010000100010010100000100000010010010010000011000100010000010000000100110000000111001100100000100100101
00001000000000100000111100010001100100100001010010000000101001111011000000010101011100000010010010000000000101000010000000000011
10001010010100101110000000100000010001000100001000100010010100000000110000000000001100000000000100100010100000000010001000000110
00100000000100010100000000000000000000000000100000000001100000001000011010000000000000000001001000001000101110000000000000000000
10001010100001000000100101010010000110001010000011010100000000000000000000100010000000000001000100000100000000000100001010010100
00001001000011010000000000011010000011010000001000000000011000000000000000111000000011000010000011000000011000001000100011010000
00100100000010101100100100000010100001000110000000000110110000010100001000010000010000000001101001010001001000010000011100010010
10010100001010000010000001010100000000001000010000010110000101001001110000010001000100101001010100001010100010110000000000000000
01000100000100100000010100101000000000000001000010001110000000011100001010101001000000000100001110000001000000100000110000000100
00100000001001100000000101010100011000001000110110001000001101000011000100000000000001000001101000001010010000100000000010100001
00000110001000001000000000010000110001100100000000000001011000001011101110000000000100101000100000000001100000000000010000000000
01100000010001000000000000000000000000001000010000100000100000000000010000001010000000110100000001001010010000100011100000000001
00000111110110100110100001000010100001011011000100110000000000001000000000000000000010001010010111001001000100011000110000000000
01100000001000100000100000010000111000000001010000001101000000001010110001000000000000000100000010101111000000000001100000100000
01000100100000000001100000001000000011010000000010100100000010000010001010000100010000000000110000001001010000000001000100110000
00000010010000000000001100100100000000000000000010001001001001100100100000000000000010011001000001000001001111000110001001100000
01110000010010001101000010010000010000001110001100010001000000000110001000000010010000000000000001000001010110100000000000000000
01000100011110010000000000000010100100000000101000000000000000110001101101101000000010100010001000101100111001100000000000100001
00000001001100100000010100001110000000000000010000000010000100001001000000100010101010000001011000000010100000000010000001000100
00000000100000001000001000101000100101000011101000000011000000000110100001000100101000100101101000000100001100010000000000000000
00000110010010100100000001101010000010110001010100110000000001010111100100000000101000100100000100001000010011000000000000100100
00000000001100000001100010000000010100011001001000000101000001001010010011001010000000000000000010101000100010000110000101010000
00000000100010011001010000010010000100000000011000100101010001000111001101001000001000000000000111000100000110000000010001101110
00000011000100001110010101110100110001000001000010010101010001100110000010100100001100000010000010110110100001001010000000010000
00000011000000100010000001001000010000000000100010010000101001100110001000000100000010010100101011100000001000100101010011100010
00000000001010000000000100110111000001000100000100000001010000100000101000000100000011111000000000000001001000100000010110000010
00111000100101000010100000000011100000000000000110001100000110101000110000010000001010000001100110100000001001000101100000001000
00100101000000110100001000000000000010001000000001010000000001010100000001010000001101010100010000001000000010000000001001100000
01000000000000010100000100000100000000000010000000000000010000000000010000000100010000000100101000111000001001000101010000001010
10000010010000011000000010000000000100100000000000000000110000000001001000000000000000011011000000110110101001010001010100110000
00001000000000000110011110100011011110000000010001000101011010000010100000010000010001001100001000001110010000100000000010000000
10010000000000011000100000100001000000010010110000100011000011001000001001000000100000100000000000110010101010010000000000100100
00010000001011001000100011000000010001110001000000100000110111001101000010010000000000100000100000100100000010100100100100100010
00001000000100111010000100001010000010010000000000110000000010011000011101001010000000010001000100100001000000000010000100001001
10000001000000000000001100000100000100000010001001110001110000111011001100000001100000001100000000000110000110000101100010010000
00000100001100001011000100000000010000001110001000000100000100000001100100000100000001100001000000001100000000101000100100000010
01010001101010000010001011001010000000000100000001001010010000001100000100010100010000110000000001110000100010011000100011000001
11001000001011000001010010001100000100010110100111001000010000001100100100001000001001000011000010000000100000100100100000000001
00010010101011001000000000000000000000000000100101000100100001000001000010000001000010101001100100000000011000000000001000000000
00101000110011000001001100000001100100010000000010100100000101100000101100000000000010000000000000010010010000010000000000000010
00001011001001010001000110000000010001000111001000000010000100000000010000100100001010001010010010100110010010000001001001000101
00000010010000011000001100000010000000001100010100000001000000000110000010010010000000101000100010100100010010100000101000101010
00000010100001001100000000010010100000000000000110001001000000000000111100000000000011010001010010000000000000100000000001001000
00001000001000000100000010111000101110000101010010110000111100000000000000001010010010100000000001101000000001100001001000100001
00000100100000001000000101100000000000100000000100100010011011000010001001100000010000101110000100000100100010100000010000001001
00000000000000010100001001000000010010110110111100000101010000000101100000001010101000000010010100000000010001000000000000000000
10000000001110100010100001000010000000100000100010010000001000101001000000000011000001100101000100001000101000000000010100000010
00000000010010100000000010000010000000001100111101001011100000000001000001000000010010001001011100000111100000000001000001001001
00000000001100100000101000100001000011000010100000000000100000110110000100000101010010000000010101000001111010111000110000100000
00001100001010101010110000100101010000010000001001000000010100100001000100111000001100000111000000100100000101010000000010000100
00010010000000001000000111000100101000001100010001001000000100100010000100000100100011011000011110000001111011110000000000000001
10010000000000000000010010100010000000000010000011100000110000001000010000010011000001000110000010010000000111000000001010010000
00000000101110000100000100000100100010010010100000000010010010000000001100100000000001100010100000011100010010110100010001000000
00000000001010100100011010100010111000100010010101100100100000001000000001110000000001000010100001000010000000100001000000100001
01000101000000001100100010010000001110000001000100000111001000111110100000100000000000000010000110001100000001100000000011000000
00100000101000111000100010100001010101011100100001001000000011100100001010001000010100101000001010000100000000000000100001001000
00010010100001000010010001010001010111000011100110000001001000000000000000010101010000000000001100100001001000000001100100100000
01010010001001101000000010000000001000000000101010011000000010010001100001000100000000000100100000100000000000100000101000000010
10000011001000001000000100001000010001001000000000000000000001001000000001111110100001000001000000100010001010100000111000000010
01000001000001000000000001000001000000100001100100000011000111000000000101011000010000000010100101000000000000100000010000000001
00001010001001100110010100000010000000000000000000100101000101100000100100000000000010001000001000000100000000000000000001001100
10010000000000110000000000011000000100010101010010100000000010110011110001000100001000010001001010010010001000100000000100000100
01000001101010001000100010101010100010010000000000000000110010001000001000000000100001100000010110100001000011010000000000100100
00100110001110000001010000000100000000000111000001100000010010011011000001001000000010000000001000000000001000100100010000111100
00000011001000000000010110000011000100000000101001011010001010010000000000001100000000000000000010001100101000001001000110000001
00001000000001000100001010000011011110101000010000101000000000001000001100000010000000001000000000100001100000000000010101010010
01111100110001100001000000001011000000100000010011100010000010001100000010000000000010010010001000000000000011001000000000000000
00001110001011000001000011000010000000001001010000000001010001100010010000001001010000000111100001110000000000001001111000100000
10011000000000000001000010001010100000001000011000010000100000000000000001000110011000100000000001000010100011000000000010010001
00011001000110000000000000000100000001100011110000000000000100100000010001100100000000100001100001000011000010000011100010110010
00000010000010000000001010010000101000000000100100001001001101001100010000110100000000000100111001000101000010000000110000100001
11010011000000000110100000010101001000001001010000101000010001000100010100000000100000000010011000010010100000000000100000001101
00000100100000000000101000100001000100000010000110100101000001010000001100000101010011000001010000001110100000001100011111100010
00000000000100101100100010100001001000000010000000100110110010010010010001100011100000010010000000000000000000100000000100010010
01100000001000000001100000000000000100001010010010000110001000110000010000100010100000001000000000001010000001000001000101000010
00101000000001010100001000100000011101000000011001001000000110001001100111010100000010111010101100000000010000010010000000101001
00000001011000010000111110001010100000010010100000110110010000000000010010101000100011000100000000100000000000010100100000000000
11000010100000000000011100000000101101000011001110001100010000100000010001100000010010011001110001110001000100101000101101001100
11010001010000010001000000000110100100000000110001101000010100010101100000110010000000100001000000000000010000001010001000100000
00000010010000110001000001000110011000100100100000000100000010000011000010000000000100100000100100101100010100110010000000101010
00010001000101101101010100000000111001010010110000100001010010011001010000001010001000010010000000100000000001100000001001000000
10000000000000001000000010000001000100000000000000000000000000000000000000000000000000100000001000010101000000000010110001000000
00010010000001110000100000000010000010000111000100000000000000000000010100000010000110000100100000001000000010100010000000011100
11100001100000000000010100000001011101010000010001010010000011010000000000010000000000010000000111000000000000010001000001101010
00101000000000100110000000001100000101110010110101010000111001100000011000000000000010000000000001001100000001000000001011001100
00100110000111000001000000000001100100000100100010000000110100101000000000110000100001101000000110000000010011100001000100010011
00000011000000100010100001001011000000100100001000001101011100000001011000000101100000000000000001000100000010000000001000100000
10000000000100101100101000001110010000000001110010000001010000110000001010000000110000010000000000100010000011000100001001000100
10010000010010001000010001010000000000110001000010000000010001000000001000001011100001000000000000000100010001110001000000100011
10000001000010101000000000001101100000100000100000010000000100100011000110001101110111101000101000011011010010010000100010000001
01100001000000000010010000010001000011010010000000110000100011011000000000010001000000011001001000001000001100101001000000001001
00000000100100101001111100000000001000000010101000100000101110000000011101010000000000100011101000001001001000000111100000000000
10100000000100000000101000000100100011100000001000000000001100000110001101001010100000010001000100000010000101010000001000000001
00101000100001000000000000100000000010000000010010000110010000101100000000000000001000100000000110000111001010000100100001010000
00101110011000010001001000100000100100000000000001010110000101000100001000000000100000001000000100100010000001000000001010100100
10011010001110100100011001100010000000101000001000000010100000000010011000010100100010000001000010101000111010100011001100000101
00000010001001000000010001000010011000100110001000001010000000001101100000100011110001010000110000101100000010010000000000000000
00000000000100000100000110100000100110000011000000010000000000001000000111100000100100111001010011100001001110000011110001101000
10000101000001100100001000000000010001000001000000001000100000001001001010000000000101000000000000000000000001000000001100100111
01010001010100000100010000000010000101000000001000001001000000000000010000010000000001100000001010110101000010010101100000000000
00010101000011000000000000000110011010000000100001000011100110100000010110001011000011101000001100000000011001100001110100010000
00000000001000000000010101000010000000000000000100001001010000100000000010110000001000001100000000010000100000100010101000001001
00001010000000101100110010001010011000000000011100000111001010010000000001000000010001000100000100000001000000010000000100000010
01001010010100000000000110000001000011110100000000011110010001100000001010100000101001010010011001000010000010001100110000001000
10000000010000110000010100010000000100000000101001000001110000100100001100011010000010010000000000000011000101000101100110110000
01010011000001000010101000011100110100100000000000010110001010100001001100011001000001000101000011000000000001000011000100000000
01100000001010110010000011010000000000000000100000100000000100101000000100000100100001100001000110100110000100100100000100000000
00000000001000100101000010000000001101100100000000011011010000000100000000010010001010100000001000010100011000000111100001000100
10001000010100000000110001000000001001011000000000000001000001001000000010110100010001010000000000101010000000100100010000110000
00100000001000110100000001000000001100000000101001100000000011000101000010110001010100011000001100001100000000010000000011001010
01000000000000001001100111000100000000100000000011100100000011010000000100000100000011100010010001001101000010000101001100000000
00000000000100000000001100000100100001100100101110010000001101010000001000000100010000111100000000010000000001010000001101000000
00001010100000000111100000010001000011000100000001101001110000010000100010000011011000110000001000010000100100000011001010011001
10000000000000010000010101000000000001100010100000000010011000000000011001010010010010001001000011000000000000001110000000001100
00011010000000010010000000001001011000100010100110000100000000000000101000000001000001011001000001000000001010010000000001000010
00000011000001000100010000011000000010000001000000001000010000000000010000010100011000000000010000000000100000000000000000000100
10100101000100100001100100100010001100010100100000110001101000000000100000110101011001000000000110101010010001010100010000001000
00000001110000000010101000111000000010000000011100000000000010011001010000001000000000100000100000011100100000010000000010000000
00100101010000001000100000000110010000001000100000111111010000010101011000000001010011001001000000000001000100011000000010100000
11000000010010110001000000000000010001000010001011100000001000000000100000001000010010100100000011010001001010000110000100001000
01010100000000000110100001101100010000010010000010101101000011000001110110001001000100100001011000000000000100010000001100000000
01001000010000000010000000010001011000001000000000010011100000100010100000010001000011000000001110000000000001001000100111001100
10000010100000010010000001001101001001000000111000010000000000100000001000000000100100010000000000001010100001010011010000000100
01000100110000011100000000101000000000000001000001000101001000000100000001000010000000001010001000000001010100001000000010000010
11110100011000000000101101000110001001000011000000000110000000000000100001010011100000000010010000010110000010001001000101100000
01000000010000000000000001011010000100000000000000101000010101000100000010001100100000010000000100000000001100000000100010100001
00010000011010000000000000100011000000000100000001000010010000010101000000100010011100000000100000000110100100110000000000100000
10000001001010000010000101000110000100000100000111000000110000000011001010110101000100001010001100000010001010100000000000000100
10001100000100100000000110001011100001000000000100000000111010001001000100000000010001000000010100001000011000000001000000010010
00000001000010110001100011001001100001111000100110000001011001000100101000000000000111011000010000010001110110000101001100000001
01000010000000000101000001011000000001010000110010010011000100000001111010001100000100010000110000100000000100000011000000100001
00000000100000000000000101010000001010000001111100100000011000000000000010000001000010000101000000000001001000101001000000000000
00100101101100000000100010000000000110000010000001000000101101100000000100001000001000010001001000100111100100010000001000000011
00010010010000101110110010011100111101100100100100000000000100000000000010100000100000000111110100110001000000000100000101001000
00100100000010000000110000000010010000000011000000000101010000000000101010001100000000000000000000000000000010001000010110000010
00011010100000000110000010000001011010000000100001010000100010010000000011000000000000110000010001001100011000111010011000000010
01111001000010001000010000000101001000100000000110100011010100110001001001000100000000000000011001010000000110011001000000000000
01001001100000110000110001000000001000100011010000001000000001011001010100000000100000010010000101000000010000101100010001000010
10000010010010010010010101000001010010000010100010001010100010100100101100100110000001000010111000100100000000010010100001010001
00101001010101000001111100010000001001000101000000000000010010000001100110000101001100001000100000100001100000000101100010010000
00000101000000000101011001010100000000100001010101111100000100000100100100000001010000000100001010000000000101100101000110000000
00000000010000000010001010001010010000100000100001000100000011010100000100000011000000000000000000011000100100100000000000010000
00010000110001100111000000100000000000001011000100001011000010100000011101110001000101000000111010000000001100000000011000000011
01001100000001000000010010000100011000000010000101000000100000000100000000000001010000010100100010100000100100001000000001100100
00000000011001000001000000000000010101101100100000000110000010000100010111100100101000100010000011010000010001000010010010000010
10000000000000100100000000100100000000100100100000000011000000100010000001001010001000001001100000001001100001000100000000000011
11101101010000001100000111111000000110000111100000000001100100010011010000010101000010001100000001000100000000110010001100000101
00101000100100000010101110001000110110110100000010010010000000001001000001101011000011000001000000011000111000000010100000000001
00111000001100001100010000000100100010000000001000010000010000000000000000101010010011000001100000110100100000000000000000000000
10010000001000000000100000000000001001000111010001000010001001101000010100000000010100000010000110001001000000011100000111100000
00001000100001001000000010000000000000010000100011101000011000000010010100000000010000100100000100100000000000000001000000000000
00101000011011000001100000001000100001111000000001000000100000001000100100000001000001000001001111011001000000101001001101000000
10100000000001000010000000000000010000101001000011010100011000010101000000000000010001000000010010100001000010001010001000010000
00000001101111000000001100010001000000100010000100100001001100000000001000110100000001000100010100000000000000001000000110001000
00000000100000001000000010001001000010111010000000100000000010010000001010001011000000000000001110000000010110010000000111111001
00000011011110001001001000000000010001000010000000000101111010111111000100000000000000000001111100000000000010000000001001000000
00100000111000000100000011100100000010110001100001000010000010000010100011011010011010100111010000000000001010000000000101000010
10000000010110001000000001001000000011100000000000001111000100010001100100100000010000000000000000100001000110001010000000000000
10001011000010000000010000000011101001000100011010001110100100001011100000000000100010011001100000000000010001000100100000011000
00000001000000101000000000001000010010101000000111001000001100110110001001001000010000110101000000100100010001000000001000010000
00100000000000000001010110010010001010000100100000110101100001010011001001100000100000000010101101000100001000010001000100010000
00010000101100000101000000101010110011000000000110000010000000001000010000010010000000000001101000000010001000100010000001000100
11010111101110000000000110000000000010000101000100001011001010001001110101010001000000000011011101001011101011000110000001100000
00100011011100000011000100010110000000101010011011010001010000011000011100011010101000000000000010000111000000010011100001000100
00010000000000000101100000000001000000100000001000101010001000010100000000010000111000110011111010100100000000000100101000000010
10000000000000001101100100001000000000110000010000001100001011000100100111000011000001100000000000001110000100110000000001000000
00011011000101000000000100010000000100000001100100011000100110100001101101010000001100100101010000000010011011010000000001011100
00110000000000001000010000010010001000000001010010110100010000100101001001010101001000000000000001000000001101000100100000000000
10100001110001100001111100000001000000000011000000000010000100001000010001110100001000000001001001000100000000000000110000000000
00101000000000010001001000000000000001000100000110000001000000001010001000111000100100000000010000100101000000010000100000001100
00100100100100010000101000000001000100010000100100101100000000000000110000000001000010110000010100000100010100000001100100000100
01100000001000000000010000100010100100000000000010000100100010000000000011000000001010001100010101000000001000010100010100000010
00000010000000000010101101000100010001100000100001010000001011011000110001100101011101000100000001000100000011011011000001010100
00100001001000100000010000001000111100010001010010010000100101100110010100010110000011100010010010010001000000010110001000010011
00000111000110001110000001000000110011100100000000000001000010000000001000000000001010000000001011010010000100000000000000000001
01000010100100000100000001000001010000000100101000100000000001101011010001001100001000100100010000100001000000000000000001010000
00000000010100100000001110001000001101001000110100000110001000110010001111000001110100000000000000001101001001010010010000000000
01000110100001000010001010000110000010010001010001000001000000101010010000000000010011001000010111000110100000000000110101000000
01100001000001001000010000001010101010010001110000110100000010001000000010000001001001001000010101010000000100010101000001001111
01000001001100000000000000000000011100000110000011000001110000000000000010001000101001000100111100000000101110001010000000001111
01000000000000001000110000000010000110001000010101110001100000000010100001000100000110000001001100100100101010000100001100000111
01000000000000100100100000000000000100010100110101000001000010001000011000000010000010000000100000000010000101100100000010000000
10101000000100000010000000011010001010010000000100010000001000100000111110100010001010011001001010100001001010100100111000000001
00011011110000000000000000010000000100001000000010010100000000000000000010000000010000011100000000010000101010100101100000000000
11100101000100011001100010110100100010000000001001010001000010100000100000010001010000111100000000000010100100000110000100000000
00000000000100100000111010000000001100010010110000100000000101110000011000010110000010000001010000101011010001011100101001001000
00000000000000110000000100001001010000010010000111000010101111100000011011000000011000101111000010000011011000000011100000010110
10000010000000000010100010010000000010000010100011000000001000001001100000010100010010010010101000001011111001000011100010000010
00001000001010000100010010001000000010011000010011001001000110000000010011000110000011000000101010111000100100000000001001100000
01001000000010000000001001101110000000001000000000001010100011100100100010000100000000000011000000000010100100010000001001010100
00010000101010000010001001000001100100001000100110001100000000000111101100000010001000000100000001000000000100101011010010111010
00010000010111010100000000001101010000001000010000010101000001000101000000010010000010000000001001000010101100000001001110000001
10001000111000110001010001000001100000100000000100010101110001000000011010001000010000000000000100010000000000000001000111001010
00001000100000000001000000000100001010100000010001000000011010000101000100111011010110000000010000010100011000001011001000101000
00010010010001001101011000001000000110100101000110000010010000000000000000010000001100001001010011001010000001000000100100010010
00110100001100000000000000001000010101000001010000010100000000000000001000010000001000010110000110000000001010010001001000000110
01100001000001010100010000110000000001011011000010000000010010001001000000000010101010011001000100011100000000100000001010010101
00001001100001000110010000100010000010000101000001010010001001000100100111011100001100000000000010001000100110111100000101000000
00001000100000000011000000010010100000010101000100100100100100010000111110010100011001010011001000001011011000000101000000101111
00000010000100001000100000011000101100001000000110100000000000011000001000100000010001001000001000001000000010001000001000000000
00000000000100001000000011001101001010000000000000000100000011101000100000100011000010001011001001001000110000100000000000000010
00000000001000000000010000000000000101011001100000111000001100100000001000010100101100011000011100001000000000100001001100000011
00101100011100001000000101000001000000100011000000000010100000100011000001010010100011010001001000010001100000100010101110001010
10101000000110100100001000101001000001000100000000010010010100000000000001001000010000100000000000000010011000010000010001000100
01100000100001000111100000000100000100000010000000001100000000010010101001000100100000000110100100001001010010000100100000010011
10011110000001010000010000100000000000010001000001000110000001000011100000001001000010000000000001010000101000001010001000100010
00000000100110000000000100010000000101001000000000100011001001100100010000000000110001000101101010000000000000110010001101100001
00000100110000101000100001001000000001010101100100000010010010010001100000000100001000000001001100000010100100010100000001010000
10000101000000000000000000000111010000001000100000010010000111000000101100010000100100000001010000000000101000101100001000000000
01111011010000010101011001101100001001000010011100100100101000111011010000000000000000101000000000000101010010100010100000000000
00000100001000001000001010000110000001000010010001000010000000110101001000000101011001000100101100000000000100001100000001011001
00000011000000011000100000000000001100000000000001000000001110000000101011010000000100000000000010001000000001011100110000000001
01100000001000010011101000011011110100010010000100101000001100000000100010000110010101100000000101000000110010000000000000010000
10000011101010000100000110001100001000010001000111100001100001000000100000100010101000010000001000000100001000001000000000001000
01110101000110010000000011101101100000010011100000011001000011100100000000100100000101010001001100000000000000000001101100000100
10011000100100000100000100100010000000111000000000001000000100000000000000100000001000011000000000011000000001000000000100000100
10000000000100000000000010000000001011001000010011111100000000000011001010100000001100001000000001000110000100000000000000010100
00100001011000000000000000011100100100000001101011011000000010101010000000001000010100100000000000000100001001000101011010100101
01000000001100000000011001001001100001000001010100010100000010000000000001001000010000001000000000010000110010001000001100000000
01010000001001101000000000001000000001000100110000010000010000101100000001101101000010010000000100000000000000101000000001110000
00010100101000000000011110000000100100000000011100000010100010001010000100110100000100000001110011001000000101011000000010000011
00100101001000000100001010011001111110010001101100100010101111000001000010001010000100011010000010010100000001011110010101100010
01001000101000000000001000000011000000100000110000001000000100010000100110100011000100001001001000001010000110010110100000001010
10000001100000001100100001001100000100100010000010000100000011100000000001101001100101000001000100000101001111000000100000000000
01000000011000001010000001000100010000111010000010001000000000000000100010000001000001000000100001001001001101110000011000000100
10000000000001010011010000011000011000001000011000101010011011100010000010001000000010000001000110010001000011010011100100000000
01001101000100101000110100001000000101000110100100000000000111101000000000000000000100010000100001000001110101000100000001010000
00000000000001000000010000000000001000000000000000000001000000000001100100001000100000100100000010000000111000000000001000000010
00000100010100010010010101000000001001100100000001110000000000000010000000010000100010000000000100000000000010000000001000001000
00000000010001010000100000010001000010000000010000000001010010011111010000110000000010001011000010000000000100100110001001000000
00000110001100000010001010000000010000010010000100000100100010000100000000100001001001101000001001000000110011000000000000100000
01100010001101011010000001010010010000100010000001010000100000010100010000010001001001111000000000000100100000111001000000000110
00001111110100010000000000010010000000000100100011000000001101000000001000000111100000000011000100000001101000000000010100000000
00000000000000000000010100000011100101100110000110001000000010000010000100000110000001100110010010000000100100100000101101100000
00100000000010001000000010000001000000000011011000000010100100000000100000000000010001000010000000000001000110100000001000000110
00000000000110000000001000010100000000000110100001000000000100000100000101010000010000010011101101000000000001001101000000010010
00010001000010001000000101010000000100000011100001000101001010001100111000000010000100010100100000000010010000011000000000011000
10110000010100000100100000010011000100010000000000000001010010000100010000000000010100001000000000100000001001110010100010000000
10100000001011100001000000000000000000101000000000010000000000111101000100000010000110000000111000000100001010010010000001000100
00010101010000100010101010000000000001000100100000100010000101110110100101001011000111100001000000000000001000100000110100010100
00000111100000001001001000010010000010000000101010000100100100100100010000000001010000001000000010010000010000000011011100010000
00000001100001000000100001000100000000100011000001111000011001010000000000000000000000000000011010101000101100001100001110000100
00000101010000010101001110001000010100000011100001100000000100000000000001110001100011100000011010101000110000010011110010010000
00100000000100001001100000000111100011000011000000100000000000101001000000000010000011001000110001101101000101000100000000000000
00011000000000000000001001101000100001110001010000100100001010100010100010001001000101101001010001001010101110000000100000000101
01010100000000000111000000000001000100110100100000001010000000000010001000010000100000000011010010100010000001100100011000000010
10000001001000101000000101101101001110011001001011000000010000000000001000001100110100001000100000100000100100100010011010000000
