10010010001001100000000100011100001010010100000100010000010100000010010001111010000010110000010000111000000001010000110001000100
10101000100010100001000010000000010010000011000001001000000100000110011100001000000000110110100100100010100000000000000011000000
00001001101000101000001100100000101000001111000001000100000100010110001100111001000010000001000000010001000100000100000100010000
00001001000011000001001010100000000100000010000100100000010000110100000000100100100000100000000001100001100110100110000001100000
00110100100100010010011001001011001000110010100000000000011000000000001000001001001000110000001000010001000100010010001100001011
00000100000000011000000001100001011000010100011001101000000010000001010100010100000010010100110000100010000010100110000010000000
11000101001000000010001110000010001111000011000000100001010010010001001100001001000010000100010001000100000111000000010000000000
01010000111000010000111010010110101000000000000001000000100011010000011100000000100010000110000000011100100010110001000010010000
00100000000011100000100000001001010010000010000000110010100000010000001100000011100000000000100000010001001100001000010100000010
11010000010101110001001100011001100100000000000000000010010100101010110000010000000110011000100110100000110000110001000001000011
00100011000010001010000000000000010001100001100100000010000011010000000010000010000000100000000001000100001001000001000100100000
11000011010000010000100100000010101100010011000011000101000101000001001000011001001000100000001010011000100011000110001000000010
10011011000000100000100000101000101000000010001100000000000100001010010001100010000000001100000011110000101100001000011011000010
00011001000001000001011110100100000010001010000100010000001000100000010000001000000000000011000001100100000100000000010110000100
01100101000001000000000100001010000101010010100010100001101000000100011100101010000000100000010010000001000100010110000100010010
00010110001001001001110000000000001000000100001000000000010010000000000100001111111100001001000000100000001001000001000000000101
10000001000100000001110000000100000000000000001001011100100010000100000000100000001001010001011000000000000101111000001000000000
01000111000010001001011011000000000000001000100000000000000000000000000001010000000001000100110010001000000000000011100101100100
00000000100000010000000001100110100000100001010001111100000011100010000001000011110000000100000000000000000110111110000011010100
00010000100100110001000001011010100000000110110111000101010101100000000100000000000000000100011100010001010000001000010000000100
10000010000101001101001101000000011101001001001000000110010000110000000000010000001100001000000011100000010000000011000000000110
01000000100000000000000010000001001101010000000000100001000100000000000000100110000100000001100000100011001000000000000000001000
00010001000001001000010001000010000100000001000000100100000001010000010010000001000001011000110000010001101100010001000101000000
00001000110010000000001011100011000101100000001100001100000011000010100001001000000101110000000000010000000111000101000000110000
00000000100000000001100000100000110000100000101000000100100000001100000000100000000001001000000001010000000100010010100000100010
00101000100000110000000111011101000000100000110100000001000000100100000011001000000101101101100001010000100000000100111000101000
00000000000100010001000101000100000000010000000010000100000010010111010001001000000111000000001000100101101000100011100011100000
10001101000000011011000000010011000010010000000100010000001001000000000100101100000101010100001000110000010000001000000011010000
00100001000000100000001100000000000001101100100000001000000000101010000100000010010000010000101000100010000011001010000000001001
00000000010000000110000010000000010010000001000000000101000000100000100100000010000000001011000110000000001000000110010101110001
00000011000000000000011001101110001000000011000000001010001010011000000111010100001010010000010111000101000000000010100000110001
00000000000000001000000010000001000000100000000001010010001001100000000000110100110100010011010001000101001000001010000000000100
01000101010010100000000000100000000100000100100000010100101000000100000000001010000100111000001010000000110100010110000100011000
00000000100110000000000001100000000100100001100111000000000100100010000001000001000000000000011000000010001001110100100000000010
00001000100000111000000101001001110001011010010100000000000001000010000000111100000000000000000000110000100001101010100001100100
10011000111000000001101000101000010101000001000000000100100100000110000000001110000000001000101000000000000000011101010100110101
00110110100100110100011000010000000010000100001000011000001000000000010000010001001000000010000000010000101010000010100000110100
00000010100010000000000001101000001011001010110101000001000010011010000101010000000000000001100100000000000000000000010000000000
01000100011000100000000001001100100001000000000000000000000010000011000110001010100000110000000001111100000000000100000001101010
00000100000010000010001000000100001000000000001010000000101000101000001000000100101000000010000000011001110001001000000100010000
00000000100000000111010100000000101101010000010001000001100000011000001110001100010010100000010000100000001110100001000000100010
00101000100000100100111001101001100000000000101100010000110100101000000000000010000110000010010000000011000000011001000001100010
00011001000000010000010000001000001001000000000000000000100000000010101111100010100000001001000000000000000000001000001000000000
10010111000010001100001000001000000010000000010100010001100000001001100100110011000000100000100001000101100000000000000001010000
01011001000100001000000001000001110000000000111100000100000110101000011110000000000000010000000000001001000011000001000100000100
00000010000000110001000000000000000001010000010000001000000000110011100000000010100110110010100010000000001010110000000001000010
00000001000001011011010000000011000110000000000000100000001010010010100000000100010000000010000001001010000010000100100001000000
00000001111000000000101000010010000000000000010100000010100101111000100110000101001101000000000000001000001100010001010000001101
10100000000110001000110000000000100001000000000000000100000000000000000011011011000000000001000000000010001010000010000001000110
00101100001011000000100001110100000100000000100001100100000000001000100000101000000111011011001000000101001101000000100010100001
01000000100100100010000001001000010000001001001111011000000000001001001110010000001011001011101110100101000010101000001000110100
01000010000010010000001001000000110000000100010011000000110000111000000010001110001001101100000010000000000001000000110100000010
00110000001000101000101010000000100000001000010110100100110000000110110010000000101001010000000000001001101101111110001001110000
00100000001110000100000111011100000100001000100000010100000000011000110010110000000000001100000000000110110000000100001001011001
01100011000000000000000000000000000101010110001010100110010000110100110000000101001000010010010010010000000001011000110001110001
00000110000100001100000000010010101000111011010100100010011010100000010001100000000101000000100010001000000011000100000010001100
00100000011110100000000000100110100001000010000000001010000010110001000100100001000000000000010000001011010100011001000000001000
00010001110110001011011000001000001101000001011000000000011001010001110000000001000000000000000100100101001100000000000010001000
01000000001000000010111000011001110100000101011000000001000000000100000000010000000010000010010010000100000010001100110000010100
00000010010010101001000000010000000100100001000010101010001110000101100001101011001000110001000001100000000010000001000000110000
01011010000001000001000000110110000100001000100000010000100101000000110000001001001100010000100000100000000000100000001000010000
00100001000000000000011000000010001100011000000000000000000000001001000000010110100000010001011100001000000000000001001100001000
01000001000001010001010010110000001000000010011010001100001000110101000000001000000000100000101011000110000000000110001011010000
11000001001000000011000000000100100000001010110000000110010111000010010010001000001011000000000100100001110001001001000001000000
00000100100000000000000011001010010000000110000001000000010101010001001010000010000100000001110010000000000000111000100001110000
00011110001100100101011011001000101100000000110101010010001100101010001001101010000100000000100100010000100001000100101100001100
01000111000101000100000010000100000001101000001100010000001001010000100100000000000000000000101101000110100011000010000100010001
10010001000010010100000001001100111000000001110000010000001000100101000001000000001100100110011100000000000000000101100100010011
00011010010110100001100101001000000000001011000000000000100010101011001011001000000000000001000011000001000000110110010010000001
01100010000000000100000000100000000000100100000000000000000010000000010100110111010000100000100000111000000010000000000011110000
00101100000010001000000000110010001101000101000100100011010000111100000000100100100000000100000010010011100000000110010000001000
01100110001100000001000100010000100101000001000010000011010100001000110000000000100111010011000001011000110010001001000110010100
11010011000010000010100000110100010000101001000011110101000111100001000000000101000100010000011000000101000101100011000000000111
01011000001000100101010110011001100000010101000100010100000000000100000000110101010100000100101000000110010000100000010011000000
00000000000010010000001101010000011000100000000000001010000000000011000000100001110100000000100100011001000100000100000010000011
00000000001100010001000000000100011000001000100100100000000110100000001010110001010000000001000000000001100000010000000010000000
01010100001000000010001001000010010100100000110000000010000000010000010100001001101000001000001001101011001001000000010000100001
10001011110000000000000011000010010001100000000000000000100001001101000000000010000110001000010000000000010010000000011000000010
10001101011010000000000100010001000010110000010100000010000000100001001001000000000110100101110000000001001000001100100100001000
10001111000000111001000001000000110000000000000110010001000001100010000010000110010101001000000000010100001010000000010000000000
00100001000001101001100000100001000100000100100000100001011010000100000000100001000001000110001100001010000011010000000000011010
00010100000000000001000000001000001010000000010110000000000000010000000100001001001000000101000000000000100010000001100000000000
00011000110000010000100000001000100000011110000101001100000000000000100001000101000000000000010000000100100010010001010000010000
00010010001000101101001000000000000010000000000010001000000000001000000000000000001000000000010001000010010101010000100000010000
00000110001000000001001100000000001010001000111000110000000001001001101000100110001000000001010001001010011001000010110000100101
10000101000100001011000101000100000001000000000100001101000100000000010111000100001000000101100100010000000011000001100011000010
00000011010001001000101001010101000000100100001000000100001000010010011000101000001001100000000001000001010100011000010100011000
10110000000000100000111100001011000010000001000001001000000000000010101010100100001011001101000000000000000000000010000001000000
00000100000011000000010000010001000101000001100100001000000100001100000001000001000000000010000000001000001100010010000001111000
00000000000000000000100000000000010001000000001110000000001011110001000001100010000000101001011100001000011001000000100011000000
00001000011111100000000000010010010110100111110000110000001000000000000100000000010000000000000000110010000001100010010000000000
00110100000110001111011001100100001000000000010010010000000100000001000110000000100110000100010100001001000100010100000000010000
01010100100000000010000100100000110001011001000001000000001000010000100000100000011000000111000100100101001001000001011101001000
00001000000001000011000000000100000000001000010000000100001000000111001110000010000001100100110000011110010000011000000001001001
00000100100000001010100000010100000101100000000100010000000000001000000000000000010000000100010100000000000110000000010110001111
00100000000000010000011101100001011000000010000100010000000100010111010000010011000011000010000000000000000100000000000100000110
00000000000100001000011010000010000000011000010100000100001000000000000011011000101010000000010001010000000001000011000000011000
00100100000000000101000101010000000001000001000010011000001000000001100000000000000100000000001000000011100010100011011100010000
00000010000000010001000001000000100000110000110010110100100100111001110000100001000000100001000000001000110000000010110001000010
10001000000010000000000010100101010000001000011000000000000001000100000000000001000110111000010000100101100010010000000000100000
01000000100010000001001001001010010000010101001000000001100110001001000000000000010100000100001000000000000000001100010001000000
00000101001101010010000000100000100010111001000110000000010011000100100000010000001000100010000000000001100000000001000010000101
01001000000000000001001100011000000000001010101010000000000100010101001011000001100000100001101000000010000000001001001000000010
00000010000000100000000100000100010100000001000001001000110001000000001001000101100000000010010001010000001011011011100010001000
01000000001110001110100000100000010010000111000110011100100100000000100010000000000000001000000010011100001000001100000000000101
00001000000000000000010100001000001110000000000001011010000000010011000010000000010010011100000011010000001100010010100100001010
00000011010000001100001000001000011000001010011101010000000100000000000100011100010000000000111001000000100010100010100000001000
01000010001001001000100100000100100010001011000001100001100000011000010000101000100001100100110000100010100000000000000000001000
10000000101000100001000010111100000000000000000100000000001011010011100001010001000000100100000100011111000000001010000011100001
00001001011001000001000101000010000101110000000001010000000000001100001100000011010001011010000010101100000000100000001001000100
01000101000110000000001011010001100000000100010000000100100000000000010000000000000010001110101000010100010110000100001001110000
11000100000101000000100000000000001000101010001101000011000011100001000000010101000001100100000100010001110010100001001100101001
00000011010000110010000100100100100010000000110000000000001010001000100011101001000000000001000001100100000010010001100100100010
00111000001000000000010000100100011000100010010000010110001000100010101000101110000010011010110001000001001000000001001101011111
00010110000000000001000000010101100010100000000000000000001111000001001000010000100010000001000000000000000000000000001010100000
00111000001000000100100001110000000010000000000001010110000111011000011011010110000100001000110100000101010000100001000000101000
01001011010001001000000100111000000010000100100010100000000001000000001000100001000011001000001101111000010101000000100101001100
00000000001010100100100010010011001100000010100010000000000000000100101001010000000000001000000111010000001000100001000001001000
00000010000010000000001000000001000001100100000000000001001001100100000000010000000100000001000010001001000001000010101100001000
11000000000000001000000001000100000001000010100011100000101000100000000110010101000011000000100100010000100010001100010011000000
11100010100000010001101100100010100100010010010010010010010100000001011001111001110001001010001110001010001000100000000100011110
01001100000000010011001010100000000110000000110000000101001110010000000010000110101000001000000000000000000011000000010000100000
10100010010001000000001010001000000000101000100100101010101100011001111000001000001010000101000100011001000100001000100001010000
00000100000000010000000000000000000010110001101000000000001000110001010000000101100001010011100000000100000011001011010010000000
00001000000100000100000001000100001010000000000000000000000101000001000110000001000000010000010101100000000010101000000000000100
00001000100000100101101101000010100001001000000110010100000000100000001011010000100000001010010000000001001000001000000000001000
01001010010000100010000000010000010001100100010000100110000000100000100000101001011000001000000010000000000000000000000000010000
10010110000100011001000110000110001100000000000010010101111000000001000101000000010000000011011100101000110000000000011000010000
00000000000000000001000010100010010001010010000011000001000001000101100001110100110100010110011010010000010000101000110000000001
00000001000000000000000001000000001001001001010010000111001010000011000000010100000100001010000001101000010000010110000100010001
00000100010011010100000001100000000001011101000000010010001100000100000010010001010000000000001011010010000001000011100000001000
00011000000010000010011000100010111001110010101000001001000110100000000000010001000110000000000000110011000101011101001110000011
01000001000001000100000000010001000100100001101000010000001010100000011100000010000010100000001000100010100000000000000101000000
10100000000000100100000010011100000100000000010000101010010010010000010000110100000001000100000000100100001000000000100010010100
00010000000001011000000100001001100000110010001100001000001001100100000100100001101000000010000001100001000100000001001000000100
00101000100000001011110001000010000000000010110011000110101000001001010110000000010011000000000000010010000011011000000001000000
00001000000001000000000000001001000100011001000001000010000000100000010100001010100010000100000000010000000001101001101000110001
01010000100000000011010001000001011100110010000000000000100010101001000001000100010010001010000011001000000000011011100000000011
00000001000001001000110011000000010001000001001010000100010000000001100000000100000010100101000001100011100010000110100000001011
00100000000000001010000000000001000010010000000100001001001001000100000000000000110000000000000101010000000000000000010000000001
00000001100110000000000001110000001100100000010000000000000010000000000010100011111001000000000010010000000100001000001000000000
11000000101000111100010000001000000001100001000110001100101010000100000101000101010010000000010100000000101000010101110000000000
10000000000000110001000001010001000000000000000011100000000100001000010000001000000001000101000000111010001101000001100001000100
10000000100000010010100101000000000011100000000000100110100100010101000110010001100000000000110100100010000000011100100010010100
10011011001010010000000000000000000000000001100000111000001010001001010100000000010000010100000001001100011000000001000000010001
00100010000001100000101000000100000110101000000001100011111011001010000010000100100110011000000010001101001100000000000000000011
00100000000000010000001000010000010100011000010000101000000000010000101000000000100110010000000000010001011000000010000001001000
00110100001101000100011000110000100100100010000001000001100000110101010001100000000110000100001000001000100000010000001010011100
00001000000011000000101010100000000000101010000010100000010100000010000000000000000100100000100011100010010101000110010100001010
01000100011101000000000000100010000000000100000011010001000010000100000000100100001001000010010100000000000000000001000000000100
00100000000001000000000100010000000000001001011000000100001010000110000001001000011000000110100000101000001000001100100100000000
00100011101000010100001111100101010010100000001000100001010000001001000000001100001000011001100010100000100010010001000000010110
00000001110001000011001000001010000000000100100000001100011000101000001010100000001000001100001010001000000110001011000000111001
00000010001010001110011100010100000000001100100000010001010001011001001101000000000000100000010000000000100010100000000010001010
00000010011011010010000000010000111000001011011000100001110000011100000111000010000000000000000010100010111000000001001100000001
10100001000001101001110000000010000100000000000100110000001000000000010000100000001010010000100000000000011011001010001000101000
10001101100000010100000000000000001000000000000000001100100000101100000000010010001000000011000000100001010100000000000000110000
10000000000000000000010000000000000000010001011000001001100000000011000000000000000100110010110010001100000100011001100000100000
00001000011001110001000100000010100010000000000100011100100000010000000000000100010000101000011001000111001000010010010100000000
01010010100100101100100001000110010000000010000000011010001010000000000000000000000010010010101000000001000101110110000001010000
00000000011000000011100010000001100011000000110010000000000100000000001101000000011000000010001001100000010100000101010110000010
10101000001000010001000000001101100001011010101000101110110010100000000000000010000001010100000001000010001001000110000000001110
00100100100000001100010000111000101010000000000000000000010001000000100100001000001101111001110100000101001110100110100011000000
00101010000100100001100001001010000010000101000000000110000001101001010100000100100010000011010000000000100000100000000000100000
11000000000100001000010000000100000000000010000110100110101101101000010101110000001000000110000100011001101100100010000001010000
01100100000000001010000001010000010100000101100001000001000100000000001010000100010001000001101000100001101110100100000010100000
00010010000110001000000001110000011101001100110011100001010001000001000001000100000101000110000010010000100000000001000000001000
01000000001000000101100010011000011011101100000001000011000101000100001010100000100100100100010100001101001000000000010010000000
10100001100100001101000100001001010110001000000101111010000010010001111010001100010100000000010000000000000110000100000011110000
00110000000101000101000010101101111010000001000001001000000100000101000000000001000101000010000000101000000110000000000000001100
11000100100000000100011100101000000000000101001010001001001101011000100010100010000001000000001010000000000000000000000000010010
11000010110000000111000000000000000100000000000010011000000010010000000100100000000000110010100100000100000100000000100100001100
00110000011000000000000100010001011001101000101010000000000000101000000000010100100001000000001000001000011000000110000000001001
01000010101100010010100010000101100000000111000000110010000011010001001001100100000000000000001001010000000000011010010000100000
10000000000000000000100000010101000010101000000000000001100000011000000000000000101001100001111000000000101010001000001110011000
10000101011010100001001100010000010001001001100000000101110110001110000100010010000010010001000000000000000110110011000000001000
00000101110000000001100000010000001000000001000100111001101010001100000100001000010000100010010000000010000000010000000100000011
00000100100101001000000000100000100000000010000000100100000100000000100000000000000010001000111100001000000001000001000000010010
00010100000010000110000000111100000100000001000110011100101000000000011011000001000001011100001000000100000101010000011000000000
01101000001010001000010000101000000010100010000000000010110011010000000010001000100110000100100000010110000010001000001011000000
00001100000010000000000010001000101000100000000100100000000000010000000111100000010000010010000000011000010000100100000000100001
01000000010000000000100100000001100010100111001010000100001000000100001000000011000000000100101001100001000000110000000000000010
10000000000000001100000000001000100000000000011010000001000010000000100001010001010010000100010001101010000010000000000000001010
10000000000000000000111100101100000000001110011000000000000000001001011010000000000000010000001000101001000100100001010101000000
10000000010100000000000010000010001000000000101011000010000011010000010001110010010101100100010000000000001001011010101000000100
00001000001010000100010010110100001000001000001011000101000100000100000000100000010010100010100000000101000001100001000111001101
00100001010000010001100000100000000001000000000000101010000000001001101011010100000010000010000100110100100000000000010010100000
00010100000000100000010101000100010100000010001100100110000000000010000000010100010000000000011001010100000100000100001001000000
00011010000000101000000000010100000001001101001001000010000001110100100000000001100000010100100010000000100000100101010100000000
10110000000000010001011000100000011010001000000000101001010000110001000000100001000000100100001000010000000100010101001000010010
00011000100000001000001000000001100001000000101000000001000110100000011010000100010000000001101010010001000000000000001001001000
00000000001100100000010001000010000001000001000000000000000000000000001000100000011000000010000010000000100010010001000111000000
00011010000000101000100000011000000000010000000100000001101000000100000001010100001110101100111101000000001010100000010101100000
00101000010000001001101000000010000000000101110001000000101010000100000000000011111010010110010101011010001011001110000000100111
00000001110000110110000100001000000100101000010000100010001010001001000000110000010000000010000000000000001001111000000000000000
10101010000000101000011100001001010000000100000101000000011001010000110001001011000010000000010110000000100001000100000010000100
01001000011000110110001000000000011000000010010101000110010000000000100010000000010111010000001100010000000000110111000001000000
00000000000010010100010010100000100000001010000000011010000001010100101000011001000110000000110001000010001100001010000010001010
00000000000000011100001000010010000000010000000110000000000001100000000010000000001000110000011000000000000100000110010001000001
01000001001010000011010000001000000000000000000001000001000000010110010100100000000000000000010111100001111000000010000000001000
00010110100000000000001000100000010100010100001110100110000000101101000100000000100000000100000001100000110010001000001001000101
01000100001000000100000000100000000001101001010001001100000110100010000001000000000100000000000000011100110001000000000001000101
00000000000000001001001001000000010010101010100000100110000000010010000000100001001100000000001000010011111100011110000000011010
00110000001010000000011010000010111010000110010000100100011011011110001110001000000001100100000000010000000000100000100001000101
00000000000000001111000000101101000000100101010010010000001101010100011010001000110010100100010010000000000010000001100010000001
10100110000000000101110000100011000000000000000001000000000100000010100010000101010000010001110010000000000110001111010000000010
00000100100100000000010000000101000000000101101010001001100100001011001011001000100010100001000001010000000000000101011101000101
00001000010000000010101000001110110000010110000100010011011000010101010101010000000000001001000000001001100100110000000000100011
00001100000100010101000010000110011010000010000000010100001000111000000001010000011000100000010001010010010100000100000000000101
00000001001010000100111011000000000001000101000000100000000110000000001000001100000011010100000000000101010010000010000010100100
00110000110000001000010100100000100000000001001010000010010001011010000000000100100001011001000000000110110000000000010100000000
00011011000001000000000100010100001000010011101000000000001001001100000010010000001000110100000001101001010000110000000010010001
10001110000100001001000100100100110000000100010011000100101000010001000100000001011000000000001000010000010000010000000000100010
00100000010000100100100010100100000000000011001000000100000000000010000010000101011000001010000010010010000101100100000000001010
10101100010011001011100010000001010010001000000001101000011110000100000101100100000000010001001000000100001111000000010100001100
11100001101000010101000100000010001100001010100000001000100101100000001100000000000100000010000011000100010011000000000000000000
00000010010000000010000010000000100101000100000010000010010000001000000000101000000000000001011000000001010000000001111000000000
00100000100000100000101001000000000011110000000010001010000001010101010010011011001110000100000100001011100010010010000100000000
00010100100100000111000100110101100011110101100000000000110100010100000001000100000000000011010000001101000110001001010000000011
00010001011000101111001001000001010000100000001000000000010000000010000001100000000000010001000001000001010100101000101000011000
00101001000010010000000000111000001100100000010000101010100100000011001001000000010001010000010001001010000000000011000000000000
10000010101010000000001010010010011001100100000000100110000000000001001110000010001000001000010100011100000001100000000000011001
00100000000000010100111011100000000000000010000000000010001010000000000000001100000100100000010000000101000001000010000000100001
00001001000110010001010001100010000001111000000000001011001000010000000000000000000000000010000000111100001000101011010000000001
01111101000100000000101001010011000100000001100000100000110000000000001001000000001000110000010000100000000010000100001001100010
10010100011100100100001001000101011000110111000010001000000100000011001000001000011000101001000000100100000000100010110100111001
00100100101000001000000010000001100000001000100000000001001010000110000110100010000110000001000010000100010011000100001010001000
00000000000010001010101001000100000001000010010110000010000000001110100000010000000000010100001000001100001011000000011000010000
10010011010000000001010100111000000000100001000010010011010000010000001000100111000100000000000000001010010000000100010110001000
10000001100010000001100000100001011110000000000110000100000100111100000010010000010000000100000100000110000101101010000010011000
01010011000100010101110000001011100101000011000000000001001001001111000001000000000100010000010000001010000000010010000000000010
00001100001000010100001000111110110100000000000110100001000000001000100001010010000000001010000000000000100000000100000000000000
00000001100100001100100110100110010000000100100000000101100000011000000010000001000110011000100001110010000011001001000010001000
00000011000000000000000000011100101010000000100100010100000010000000010010010011010100001010100010011110001100001000100100000010
10000101101110000000001110000000010000000000001000001000000100010000000000011000010000011001001000000110010000000000000000010010
00000000011000010000001100011100100000010101000010100000001010000110000010000000110001000101100100011010000100000000000000000001
00010000010001011000000001101000100010000111011100000010010001000111000000000000100000110000111001001001000010100000010011000100
00100111110101010000101001000000001001110110100000010001100000110000100010000011011001000000000000100101000010100000111000011000
01000000000100011011010000001010100101110011000010000100000000000000000010000000000100110000000000000101100000100110000100001000
00000010000000111001001010110000010000000000010000100001000000000000000110000011100100101001100000000000000100100000010101010000
10000000000000010000100001001001001000000010111110001010010100001100101000000010011000100010000000100010000101010100110010001000
00001000010100010000100000000000000000100011000000011000000100001010000000010000100100001001100001000000010000010000011001010010
01100000000000010000001110000000000001010000000100010000100000000000000010001101100000010010001100000010000110010011001010110010
10110001001001001100001100100000101001100000000001100001010000000000000001000101010100000100000011000001000000100010100000101110
00000010000010000100000000000000010000101000010001001100100001111000000000011001010001110010010000000101000010000110000100001000
00000000010010010100010000010000001010000010000001010000100000010000000001010000000000000100001010000101010100100000000000001000
10000000110000000001000011000000000000000000000100000010010110000000000010001000001010011000001110010000010000101000010010000000
00000000000110011000001000000010001000000101000011000000000001010000001010011001000100000001000001000011101000000101010000001001
00000001000001100010100011101101000000010001100000000000100101000010000000100101001000000000001000010110100100000000001100100000
00010000010000010000010001000100100001001000000010011011101101100101001001111101000000001001001000101010001000011001100011100010
01000100001000000111000100000000000000000000000111100001000000000010000101000000000100100001000100000000000010001011010010010111
00010010110010011010000000000000000110100001000010000001000000000000000000010000010000000000010001010000000000100001000100001000
00000000000000101100100100001000101011111000000010011101010000000100101000010000100100001001001100010000001000000101001010000011
10001000001001001101000000000010000000100000000101000100000000000000001110011001010000000001100000000100110000000101000100001010
01100010000001110000000110111000000000000010110000001000000000100110100000000100000010001000100001000010000000111000010000100101
00010011000000000000000100000000100100101100000000100001001000000011000100000101010100001001001000111001000010000001001000000001
00100100111001000011101001010100110001000010010100000001100000001001011000001100110000010000000000000010011001000010010000000100
00011000010100000000101000000110110100110101000000100001101000011010000010000000100100101000000101001010000001000101100001000100
00001010000100000110100000100000101000000001110010100100010000010011010000100110000101010011010111100000100110010001010110000010
00000000000000001000110011101010100010110001000000000000000100000110011000110000000000000000000001000000000001010000101011000010
01110001000101110010010000000010000101000001100001100100100000000000011000000100000000010011000000010000100100010000110101100000
10000010010000000000000010110001001101010110000000111001000110001100000000000001000100000100110000001000010000000000010000101000
00100000101000000000010001000100101000000111010010011100001110010010001000000000100000000110010000001001100000010000010001100000
00001001000100100000100000000000000000101101000000001100000000010000011000000001000000000011010000001011010110000000000011100000
10010010010010110000000001000001000000010000100001111100000000001001010001000001110010000010010100000001000000100000000001000001
00010111000010000000001000000100001000000010000001001000001010010000000010000000001100000000001100000111000010111000000000100000
00000000010000010000110100010001001000000100010001110011110000000000000000000010101001001000000000010010000000000001001000000000
01000001000010010000000000000001010001000000010011001110010000100000101001010000100100001010000100000010001011110000001001000100
10000001011100101100000010000000100000000000000011000010000101000000010000001001000001000000010011011001111000110100010100100000
00001110001110100010100000011000000011001000000010010000000001000000100001000000000110000101100000001000000010000001010100000000
10101101001001101000011001001110101010110001001100010001000000001110100100000110100001010010000101100010000000011101010100000000
01010000000000101010001000001001000000001000100000000100000000101000000000000000001000000001001110000000101000100100000100010000
10000000010010010111000100010100100010000000010100000000001111000000000010010000010101011010110100010011001001001000000000100100
01000000100000101111000010001000010000010010000000001000000100110000000001000000010110100000000000000100011000000000010000000001
00100100010000000000100000100000010110000010000000000000000100000001000000000000100011010000000000101000000001100010100000000100
01110011001100111000100100101000000000000001000000000000000010010111110100101000000000000010000101000110000000000000001010100000
01001000000001001100010101000000011011000010001000110000000010000010001000000000000000100000100000010100000010010101010100100001
00001010101000010000101101011000000000000000100100000010000000010110000001001000000100001000001000000010001000010010011000110000
00000001110011010100000100000010001110000011100000010000000000100000000100100000000110000110000101000000110011100100100100010110
10000000100000110001000000001000001000001000000110000000100010010100000010000000000011000010110001010000000000001010100110000100
00000000010001101001000000000000111000010000000000010000000001000000000101100010001000101000101000000100000000000010100001110100
10000011011100000000011001001000000000100100011000100000001100110011100010000000110000000000010011001000001100001000001100101000
00100010000100100011100010000000100001001000101111101000000000001000100000010100001001001000000000001000001001000010111110100001
10000010000001001000010000000110001011000000010001000001000010000100000110010100110110000000000110000000000000100010000010000000
10111000100111000001000000100001000001000001000110100001000010000010010000000110100100010000001001100100100100001100010000000001
00100111001000001100010100000000011000110010100111000000000000000111000000000101110000001000000000101010000100001010000110001100
11100100001000000001010000000010100010000010001000000100000000110000010010001100000100000000010010000010111000000111100100010101
10000000100001000011100001100010000110011001000100111000000000000000010000001001000100000010110000001000100100010000001000110010
01110100011110101000000000100110000010001010100110000000110000110000000011001000000000001000000000001000000001100001000111000010
00000000000001000100010111010101000001010100000010000000001111101110001000010010001000001000001100100100001100000010000011010111
00000001000000001010111110000000000000001010000100001110101000100111001010000100000001001000010100010001000100000010000010111101
00110010001000000000010010000001100100100011101001100000001000111011000110000000001010110100000001000011011010001000000010001111
01010001001000100010001011110000001000010011000010010101000000100110100110000001001000100001111000000000011001110001010101011001
00011000011100010000100010101000011000000100000100100010001010100000000000001000101100001010100010011000010100010000101000000000
00000000000000101010000000010100000000000000000001011001010000000000000010000000000001000111000011000000101001101000000000000110
10000100001010110000101010010000001011100000010100001010100000010010000100101000000000000000101000000001100000010000000000110000
00000010000000000000000000010000010010001000010110000111001001010001100000000010100001001100100000100100101000100000000000000000
00001000100000000000101000000010010001011000000000001001110110001100000000001000001000000100100011010000001011100000100000000000
00100100110010100100001100001010000110100000010000010001010010010000011100100011110000000001000001001101000000000000101100000000
00001000010000000010010110000000101010000100000000000010000001000000101010011100000010100000110000011001110000000000011001000001
10000000001101011000001010111101000010000000000100000000000001100000100101010010010000011000000101000010000100000100001110000010
00100010001010010100000100101000001000011100000011000010011100101000000000101000001000000010001001010000001010010000000000001000
10001001000001001000000000000000010010011001100010000100000010000000010010000010101000010101000001100000001010001000011001000000
00100101100000110011000100010000000001000000010001100010100010011000100001010000000001110001000000000000101100000100000000000110
11010000011010000010000001010001000000000010000100100000000000011100100000001010100010010010000100001000001010000010000110101000
00000010010110100000010100011110001001000001100000001010010000010001010001000000011100000000011010001001001000011000100001010000
10001000010111100000010010110100000000110000000010000001000100010000011000000000101000001100000001000000100000101011010000100100
00010010000000010001000111000000100010001110101001000000011110001101000000000100010000000001000100100010000110000000011010000010
00010101000010000010000000000010000110000000010100000010000000001010000000001000011111100010000000000000000011110010000000010001
00000010000000100010000100010000001100000011000010010100000010000000010001010110010000101110010000000001001000101001000000101000
00000100111100000011110000000010100110101010101011100000100010010000000010001000010001000101100100100001000000001010000000000010
10010001000000110000000000011000010011000010001000100000000101110001000010010100100000100100000010000011010011000110101100001001
00000000001000011100011001000010000000000000000000100010101010000000110011100000110101000100010000001000100010100000010010100111
00000011100001110001010010000010000000100100000111000000100100000000011000000001000001000001000011000000100100010100100010010110
00000000000110110010011000000001001010101000001000000100000001111010000001000110100000000000000000001001000010100000000010100110
00010000000010001010001000000010011000000010010100100000000010010001100001010000100000101100000000000101100000000000110000010000
01001000010001101100000011000000001110100100000000000100100001011010100000000000001000000000110001000100000110011010000000100011
00001001000101000000010000000011000001000001001011000100011001000010000000000000001010001101100001001001000000000100000001010010
00010011001100000101010000100011101000000000010110001100000001100100000100100000000100000000011100100001101001110100100000100101
01000001000010100000100010000000100111100101000010001110000100011101001000000010010000000000001010010001000101000011000010000111
01001100000100100000000010000001001000100000101001100100010100000000001001000000001110000110000001010110110000110100000011010000
10010000100000010001001000001000110010000100010110101100001010000000100000010010000100000000000000000001001001001000000100100100
00000100001000000001010000001001100000000001100000011001000000010100001000101010110101000110101010010011010100010001001000000001
00000010010000000100000000010100001010000100010001010000000000110001010100001000001000010001000001011100000000000010001000010100
00001010000011000100000000100010100010100011001011000010001000000010000101000000100000110000000100000000000100000000000010010000
10100000010000000000001001101000110000001001001100000000000010000000001100000010000010000000000100000000110111010001000100100001
00011110000000010000000000100000000110000000001100000000001100000011000010100000001100000001010000110000001000110000010100100011
00000000100000010010000010101000001001100101000010000001011000001000010100000001100000001000100100110001001011011000000100000110
00000100010000100100010100010110001000000000000000000010010100110100001000010000100100101100010000010100000001000001101001010000
00000000000100001000011000100100101100001000000000010000010000000000101100010110000001101001001100000001110000010000000000011000
10010000100000110000010000001000000000000000010110100000010010000000000000100000001000100000100100100010000100000001101000100010
00111001100110000100000000110110011000101100100100000000100000000010000011010000000000100010000000010000000010101000010000001011
00001000001000001011000000111000000010100000011000000001001000000010000000100101001100000001000010011010000110011100000100100000
01010011100001100001000000000110000110010010001001000000000010001000000000010010010100010001100100110000100100000000011101100010
10000101000010000010110100001000000000001100001001001001000000000110100000011001000000110010010000010000000000000000100001000011
00000000001110000100010101001000011010001000000000000101000000001010000000000000100000000001000000011001111000001100100111010000
00100000000000101001000001000000000110010001000000010100001000000000000001100011101000101010000100100111000000000100000010010010
10000000101000100000001010100100001001001010101000100000000000100100000001011110110000011110001000100000000000101000000000000000
11010000000000100010010110000010001000000001001001011010010000110000000111001100000001000000101000000011000010000111001001010000
01101011000001000000100000010110001100000110001000010100000000000010000010000001001110100000001000000010010110110011000010000001
10000000001100011101100000000000000010000100000001110011000100000000000000000000100000000000000100000010100000000101010001000100
00100010000010110011011001000100110000000100000000100000100000100001000010000001000001101001000000001100010000100000000000010000
00100000000010000000000000101001100010000000010000100001001100000000010001000010000000110000000110001100001000010000000100101001
00010000000010000011110110011001010000100101000111001100010000000000011000100101010100000110001100100000100000011010000100000100
00001000000101000001000100011000010110000000101000110101001001000000000000010000110010100011100100001111010000000000001101000100
00010001100000010000101000000101000111101010010010010001001010001001000100101000010000101000100001110000001001010110111111100000
00001100101000010100000100000100000000000110000000001011000100000000000001010000000010010011010000010100110100011110000010011101
01000010001100110000000000000001001000100000100000001110000000000000000000111000100010000100001000000000011000100011000010011100
01001010001000100100001000010011000110100011001000001000100000000010001010100000101000000110010101100000000000100100001000000001
00000100000000100000000001000000100000000000000001100001000000111000000110011010010001100000000000011000011000011100100001000101
10101011000001011100010101000100000100000000100010000001000100011000001001000100110010100000000011011100000010110010001000000000
01000000100011001100000100111110110000010001000010100001001000000001000011000010100100000000000000100100010010100000000100000010
10000000100100000010001010000000100001111001001000000011001011101100001111000000010000001000000010001101001001000010000000000010
11101001001000101100001100001000010010000110000110011000000001001100100000101010010011000100011100010000000010100100010000000000
10000101001000100101101000010000011011111111000000001000100000000010000011000000101001000001100101110000100010000010011000001000
00000000010000000000100000000000000010101000100000000010000000000101000010000111000001000000100101001011001111100000000100110000
10000010000000100000000001101000000001010000100010100110100010000010000001001001000001100101110010111111010000000001011110100001
00010000000101100100000010011010000101000001000010011001100000000100000010101101000111000010000001100001010000000010010000000000
00010110100000000010000000000010001100110000100100001000010010000100011000100100000010010000000000100001011000010011001110001000
00110000101000101010000100000100000001010000000010000100010010000010000010000010100000110011010010001000100011000000000100011000
01011000100011110001001000000001000000010000010001100001001011101001000001010000100000001000110100010011000000110000000000001010
01000011101100000011001000000000010000000010101000000010010001001000000100010000110000010000011000110010010000010000010000010000
10100001000000000100000000000001000101000000011000100100010110010010100010000010100010000010000000100000000000000000000100001101
00000110100100000101011000000111010100010000100000000001001000000010001111000100100100100001101010100101011001011010101000110000
00100100000001001011000110001000100000110001000000000010011000100000100000010001000000010000000001110100000000000011000000000011
01000010101000000010000000000100001010010001000000000000100010000000000000001001001100001000100101000000101100000010000100000100
00000010010010010000111001000100001100110000100101100000000000000110001000000101001000100100000010010100000000010000100010000000
10011000010100010000010011000110000000010001000011000100000001000001100001011000011110111000001100001100100001000000010100000001
00010110000001000011000010101101000110001100100000001000110100000000000100101000000001001010011010100000000010000110000010010000
10000000000010100000100000001010000010000011000100010010000001000011100100100000000000001001001000000101100001010100000000010001
11000000001000100000100111101000110001011000000000000000000000001000100000010001101000100010100000001010001000000000000001000000
00011100000101000001001001010011100000001110000000001000011011100000100001011000110001000100110111100010001010001000000000100000
00000010000111001000000000000000000000101100010100000001010000011000001000101000110000000000010000010000101010100001100100110000
00001000000111000000000000100000010001010001010001101001001010100100100010101000100100000000000011010001101001011010100000010001
10001000000101100000010000100000000000000000110000011000000000110010000001000011100010010000000010100000000011001100000010000101
00011000000000000000011100011110000010000100010010100011000000000000000000110110000100010100001000000000010010011000111100010010
00101000100011000010110000000000100000100000101000000000000010000111000000000000000000001000000000000000000110000001111000101000
00001010110011100100001011000010010010000000000001000000000001010011000001001001010001010000001001100000000100011010000000010000
11000000100001000100010000010001000000000001000000010010000100010000100010000001110000100001010000000000000100010100000000000000
10101000000100101000000110100011101000000010000011000100000001000100001100000100000000001100100010000001000001001100000000000000
00000010000000001000000001001001000100000001000100110000000000000100011000001101001001110100100000100000001000001101000100001011
10000000000010001010000000000010101010001000001000000000000001100100100000010100000100001000100000001010000001110011010010010000
00001000110000000000100100000000010010000000000001100100000010000000001101011000000001000000011000001000001001010010000001100100
00001000101000001110000010100001001000000000000000000010100110000110001010000000100011000000000000001000001001000000000100001110
10100001000001000110001110000101000010100100000000110100100000100000011000101010000001100100000000000000001001110000000000001000
01111001101010010010101001000010010001000011010110001101111100000001000010000000100100001100110010001010000101000000010010000011
01100010000100000100010000100000101100000000001000001110101010000001001000001011000011000101100100101100011010000000100101100110
00010000100010000110000000000011001000000011001001010100000010001110000001011000010001001101001000000100000000010111001001000001
10000010000000000000000000001010100000001000000001100010100001000011000000011010011000100000000000000101101000001000101000101000
00000000000100000100100001001001100000000010000100111000110010101010011000001000000101000000100000000000000000000001100100000000
00000010010110011010010000100000010110100000111001000101000100100100000000110100100000001000000000001000110000001000001001001000
00010000110100011110010000000110000000001000100000110100001000000100000010011000000010000100110100000000100100001000000001001010
10000001011000011101000000000101000100100000000001000101000010110001100001100000000100100100101001000000010011011000000000110000
00101000011001000100001100000011000110100000100100010000000000000001100110000001000010000010001000000000001010000101100000100000
00000010011000000000000100101000001100000001000010001011011000101000101001001011010100000100101001000100000100100010100100000100
00100110100001001010100000000000100010000001000000100010000001000000001000001011100010100111010010000010001101000100101000001010
11010000110000100000000001000100111010000001000000000111110000001000000000000010000000001101100000000001010100101000111100000100
00110110000001011001100010000011001000000000001100101000000110000100100100011000110000001000001011000000000000010110000001100000
00100000010000010100001001000000101000010000000101010000111000101100001000101011000000010100101101100110110010001001101000000011
01011100110000010000001100100000000000000001000000000000000101001000000000011000000100000110011111000000000001010000000000001100
00000011001001010011000001100000010000011001100001000010100001000000001000000110000000000000011010011001010000100010100000010100
00000100011100101000110110000001010100100100001100011101000000000000000000001000110100000000110001010010000010100001011101010001
00001000001010000000001000100001100100100100001000001000000001000001001000010001001001010000010000000000001001010000011000010010
00000010110000001000100001010111000000110010010001000000000010001000100010000000010010100010001011000110100011000010100000110010
00001000100010000000001001100000100010100100100100000001000000010000010001001000000001010000001000000010110100101001001110110000
00000000100010000000111100000000101110001000001100000000001000011000000010000001000100000100010101000000011010000000010001010001
00100001001001000010011000100100110010100000101100111001000010000000000010010000010001000010110100100110001000100011000100000100
01010010100000010010000000010011101101101000100010010001000100000001001010101011000000100000000001010000001000000111000000000000
00000000010001100100000110010000001000000001110000000000000000000000101001100001000010001000000000010111000000000000000000010111
00000000000010000100000000000000000110011000000000100001010001000000000011000010110000000100010010000010011000100100000100000100
10010000110000100000011100000100000000110100100000000001000000000000000011011001000011100001000110101110110010000001000000010101
00010000000010010010111000101000101000000000010000010010010000000000101011100010100001000011100110000110110000011110101111000101
00100100000011110000011000000000001001001011000010001000000000000000000001100000000000000000010001000000001011000000001000010000
10000000000011000000000010000001001101000000000000000000000100010000000110000000001101000110110011101000101000110000000110010100
00101010000001000001000010000000000000000010100011000011010001000110010001010001000000000100001000010000000101000000100000101100
00100001100000000011100000000010100001101000110001001000000100100000010000000000001000000001010000000000000000000110000000000010
10111001101001101100001000000001100001000001000001010001001000100010000000000100100100000010100000000000000010000000001000001000
00000000011001010001011000000001011000100000001000000000001100000000000010000100000000010011001000000001001000000101100001010100
10000000110100000100010001101000000001010100000000010011100001000010000000100001101001110000000000001100010000000100001001001000
00000000000100000100100000001100010100110000000000111000000100000101000000100100010010001010000000001000001000000001100110000100
00010100010001110100010000000000010000010011000010000011101000000000001000011100010111010000010000010001000101100100000100010001
00001100000110000000001000100001000000010000110000000001000101000101101100000000000110000100010000000010001000000010001001101000
00000110101010100011010110000001001000000001000110100011000010000100011000000001000001000011100000000110011001110100010100001000
00110001000100000000000001000000000100101000010001100000000011101000011000000010000010100100001000000010001010000000110100100000
00110000001001010000000100100100010000000000000001000010000001000000000011000000000100000000000000001010000000101100000101010001
00001110100010100001011000001000000000100000100000000110000100010100110000000000000000001001000000000001010011001100010000000001
10000000001001100000100100000001010001010101001001010000000001010100000000010000010010001100000010001000011001001001101111001100
00110000010000001000100011000000001010000001000000001000000001101110100100001000000000000111000001000010001000000000101000000101
00010000011000100111100000100001100000010001000111011001101010000100010000000011000010000111000100000100000001000000000000000000
01100001000110010100000000000100001000000010000100100000000000000100001011000001010001000000000010000000000011100000100000100000
01000000010000011001000001000100000100000000101110011101100000010100000001011000000000001000110000010010000000100010000101010000
00001010001001010000000001001000000001000100100000100010001100000100011101010000100000001000110010100001100000101010000000000000
00000100001100000100000001000000010000001000001001100000010010010000010000001000000010011000001000000001100010101100000011010110
00010000000010010000011110000000001001100000000101001000000000000001001001011001000010000010110000101000100001010101101000100110
00000101000101010001000001011000000100010000110000001110100000000000100100000110100010000011010001000011000001001000000100100000
00000000010010001000001001011000011010011110100000000011001100000011001000111000000010000000000000000000101010000000000001000000
00100000000000000001011001000000000100100100000000001000001001000100010000000000001010000100000000000100011000101010001000100000
10100110010000001000100000000000001000001010011000000110001000010000000000010000000001010100000100100000000001010001100100100000
01010000000000100000111000110100000110100000000100000000000000111001110111000000001000101000000001000000000000011001001000000000
00110100100011100001110000010000110110000000000010010010000011001000010000000001001000000000001100010001001100100100001010100000
10100000010100001110101000010001100101010000100000001110001100000000000100000000000000000001000001000100000001001000010001100001
00011101010101011000001010110100000000000000100010000000100111000001000111010011010001001111000110001010100000010001000011001000
00000000100000100000000000110000000011000000010010000000000100000010000001001100011001000000000001010001000100010000000001001110
00000100100001110101100100000000100010011110100100000000000100100000000000001001000010010010001000100000000010000001110000000010
00010000100001111010001000000010110000011101010100000101000000000100100000100001000001100010000000000000000001001100101000000101
11000000001100100000100100000000010110010000000010000110000000000000011010101000110001110100100010101100100000000010000000100000
00000000000000000000100110000001010111000010000011001000000000010010000000100100100100111000011010000000001000000000010111000100
00000100110100000000001000101000000001100101011010101011000001101000100111001101000001000010000101000100001010000101010100000010
01000010001100101100001000000001001011000001000000100000000001010110001100000000010000001000000001000010000010001000000100000100
00001000100000001000110000101000110101100100100100010000000010010001001000000100000000010000100101000000000010100000000100000100
10000001000001000010110010001010000010001010000000000010000000010110000000110110000101010101000100000010001000000000100101000101
00001010100000000000010011010010100011000000000000000000000000000011000011011100000100000000001000000000000000000101010110100001
00100010000001000000010010010001110011000000110000100001001001100010110000000000001000000000000101100100100000000100000000100000
10010000000010011000100100010011001000000010000010000011000010010001000000000000000000100011100010010100000101001000010110011000
00000000000001011000100001000001000011000001000010010100011000000011000011000000111000100011010001000110000011010000000010011000
10000100000000000000110001010101010010111110101010001101101000010011000000000000000010010000001010000001001100000110110000000001
11000011000100000000000001000001001000000010100000000100011001011100000100110100101000000010010000000100000001000101110001010100
10000010100101001010000000000010001000111000010000010111010010100000101011110000101001100000100100000001000000000010010000010000
01001010000000000100001000001010110000100101101100110000000001100011000000010100000000101100000010100000000110000000110000010001
00000001010001000000000000001000000011000100101001100010100000000010100000001000100001001000000010000000100000001100001010000000
11001000000001100001000100011100100001000000000000000100000001001100100000000000000000000010000010100000001010001010000110001010
00000101100000010000000000010000100001000000010100101000100000101000010100000101000001101000000001001100000010010001000010000001
00010110000010001111000000000011100000000100011000000000000100010100010010000100000000000000000001100010000000100110000000001000
01001001000011001100000010101100000001010010100100110100000000000100000001001010000100000000000000000000101001010000001100010000
10010000000010010100010000001001000100001010000000010001000000000010101001010001001001100000000100000000100000011000110000000001
00000000000000000100111011100110010000000010101110101000000000010001100100010000001010010110001000000000000000000101000000110000
10100001001110100000000001010000100001000000000001000010000011110000000000100100000000010000110000001000100100001110000010100000
00000111000000010111011000000010000100000100000100000000100010100000010010100001000101011100100010000001010000100010000011101001
00110100010001001100000000001001010100100001010101000000001000101001000001000000000001000001100000000001010000000000110100000110
00010000000101000000000000100011100011000100100110000000000101010000001001000101000100001001000000100000010111000010000100010000
00010110000001100010000111001100000100001000010000110000110000100001010111010100000000100001100000010000001010100000010000000000
11100100000000100011010100000110000100000010100000000000001000000101000001010100000011110000010000011000000011100011000001000100
00000000001000111100000011000001001000110100001101100000001110100110001000000000000000000000000010000000100100000010001000001100
00000001010000000001000100000100000100000010000010010001100000000010110000000100100100000100001100101001000001101000100110011000
00000010101101000111000011000110000000000000001000000000100100000101000000100010001000000100001010001000000000100100110000011010
10000000000100001110001010001100000110000100010101001000001000000000001000000000000010001000001100100001001000001101000010000000
11001000001010000000000001011000001011001011011000000010000000000001010100001001000000010001010100010000001011101100111000100010
00000000001101001100011000010000101001001000001000001100001001100000100000010000000000001011010000100000000010011000010000001001
00011000100000100001000010110001100000010100001000001101000100010001001000000000000000100011000000000101000000000000101001011000
00010000000100001000101001000100010010000011000100100100001000100001000001001000001000000010110000000100010010100001000000000000
00000101000100000001111100000001000010000000010010110000001010011001000000100110010100000001000100010000100001000000000010000001
11000000100011010001001010010000010010100100000010000000000100000101001000100000000000000010000100000001100001000100001000000001
01100000101010000001000101001000000010010001000100100000000101000000000000000010000010100010000010011011000010000000010000010000
00010111110010010000000100000000000001001000000100001000010001100000000001000000100001001100000000000000000000010000100000010100
00101001001000100111000010100001011001101110100110010000000100000010011001100000100010000000010000101100000001010010001010100010
00000001000001000101001000000000001100000000000100000101110000111001011000101100101000000000000000100100000010011000100010001100
01010001001110010101001100000010000011010001000101100100101000000000000000010000000000010000000011001000100100000101001000000000
01100001101100000000001010000000011000000101000000000001111000000000010010010000100000000000000000100000110010000000000011100011
01000000000110010001000010010010001000000001100010100011000000000000000000100110010000000000110000010100000010000101000101010000
00010100000100111100010011011001010000000001010011000000000101010011010001000001100000000000000101000011000011010000000000010001
01000000100100011100010100011001001100010000010001100011011000100001000000001100001010100100010100100001000011000101100100010100
00000100000101000000001000010000100100001001100011000000001010000100010000000110000100101000100100001100000000000001010000110001
01010000100000011010110000010010000000100000011000010100010000001100010001010000101001000000100000000110001001000000000011001001
00000010001000010000010000000001000000010001001000011100000000000010001000000001000001001010100100101000000010000010000001000110
00000010100000000010000100010000111001000110010000000000000001001000000010000100101000110010000000000100000010000001101101010100
00001000000100000010001000000001000010010000100010000010010100100100001100001100010000100001000000110000000100000011010100000000
01000001000100110000000010011100000101010000101101000010100010011110010000111001000000111100101000011000000100101000001000000101
11000000100100010010001001001010000000000000000000000110101001001011010110000000000000000100000011111011010001000000010100110000
00100101000010010100010010011100100010000110000000000000000000001000010011001001000000100001010001000000000001100000100000110100
00001000001011000101000000000010000010000100001100000001010000100100001000000000100000010000010010001111000111001010101000100010
01100000000001000010100000100100000000000000000000000000011000010010000100000100000000010101100001000100001000010000110010000100
00000010001000000000000000000000001000001000000110000000001011101000010110000001000001010000010000000000000000000010001000011000
00000000000101000000000010000010000100101000100001000000001000000001001010011001110000000100101000000000001001100000001010010000
01000000000100100001000001101100010100001000001000000000000100001110000100000011011100000100100000101000000000000001001001000011
01000000100010100000000000100000000010000000110011010001000010010000011100110100000001011000001010000000010000001001000000001000
00010110000010000010010000101000100001101000011000000011000000000000000000100100000000100010010000100011100000110000000000000001
00001110000100010010001011001000000001000010000010000010110000000010001001000001011100000010010001010000000000000100000000000000
00100000001000000100110011000000101000000101100000001010100010001000000000100000011000100011010010100000000100100010110010010001
00011001000110000000100000000000000001000000000000000101101100000011010011000110101000010100000000010000000000011000100010011000
00111100000000100000000100011000100001000001010100000000001100000100010001100000000001010010010010011000101100000001001000000100
10000011010101000000000010000001100001000000001001100000000100000001010010001000101000101000000000000011010000001000001000010011
01001001100000100000101010000100001001010000000011000010001010100010000000000000000000000010001000000000101000001000100000000010
