01100000010000010010001100000000100010000100000010000100000000000110010000000001100000010000100000000000111110011000000011111000
00000010010010001000100100000011001001101010000010010000100010000000111000000000000000110000010000011000010000000100001001010001
00010000000011001100000000000100001000000100000101000100001001001100100001100010011000001110001100000111001001100000000001000010
00111000000100101000000100100000000000001110000110000011000001010010000001000001101100000001000010100001000100100111000110000000
00110010000000000100000001100001010100000000000000001000010000101010000101000000011010110010000011010000001010000000011011100000
10010100001001110010100000000000000010010010000000100000000000010001000100000000001100111001011001010000000001110000100000001001
00000000000011010000000001110010100001010010100100000011010010101001100100000001010000100000000000010011000000000100000001100111
00100100001000000111101000000010010001000010000000010000000001100110100101000000101011010100000100001000100011011101001001001000
00011010010011000000100001100100111000000010101000000010010101000100110000000100001000000100001000001100000000000000100001011000
00000001011010110000100000110110100000000100100111000011010010100111000000010000001011111000000100001100011100000001001110000000
00011101000100001000000010100001001010001100000000000001000000011000100001000110000000000000001101000011011110100100000000000001
10000000110001000010110100001001100001100100110010101100000100000001001100000000010010000001000110001001010010000010001000000100
00001000000010000100000001000000001010000010001111010111010010000010000000000100000001101100100001000000000000100000000010000010
00001001010110000000000000100110101011000000110011001010000000000000100010000000010000000000010000010000000101000000001000000000
00111011011001010000000110110000000000000000010101110100010000010000101100101100000010001001000000001101110001001010000111001100
00000101000000000100111011010010101100000010000110100101010000011000100000110010001000100001000010000011010010010011100100000100
01000000100010000000000001000110010001000001010010000000010000000000101101000000001000000001010110010000000000101000100001000010
00100100000011101100000000100001100001000001000000000001100000000000000000000000000001100000010110110100000100110100001110000100
00100001100000010010000011000000011100001000000011000001100100000100001001000010100101010000011100001000000000001011001000000000
00000100001100000000000000000000010100010100000000001000000101010101000000001000100000010010000001000001110000010000100000100101
00000010110000101010000010010100010101000000000001000001100010101000001000001001001000000000000100000000000000110101010010101010
10000001100010100000000110000000001001011011000000001000110001000010010100011000000101000110000000000000000000100000110000001010
01000011000101110000110010110000001001000100000000001010101010100000000010000100110000000000001010010000001000000010000001000001
10100001100100001000010010001101000000000100001010001100100100000000101100010010010101101000000010101001100000011110111110011000
00001111100101000110001000000010000100011101010001000010010001000100000001000010010011001110101000000100000110101001010001001100
10100000000001100100000001000110010100000000000000000010010010000010000100110000100000001011010001000000000000101000100000000101
10001001100010001111000010000010100000101100001000000101001100000000000111000100100110000101000001010001110000000000011001010001
10100101011000000101011110000100101000000001000100000100010100000001000000000100010010010010100010000000000010000000100010000000
10001000011000000101000001010000010100000000001000000011000000100000000000000010000000100000000010011010101000000000000000000101
00011000100000000000000000000000000100000000000100001000100000000000001110100010001000010111001110100000000100000100001001011000
00011000001000000000000000001110001110100000000000001110010000000000100000000100000010000000000010111000001010000010111000100001
00100000000001111010100000100000111100000000000110100001000101000000000010011000000000000100001001000000010000000000100001100001
00010000000000100000011100010000101000010010000100010000010000101100001011001010110011001000100100000000110110100010001100100000
10110001100000010000000000000101001000000100000010000100010000000010111000001000010010101000000000000000000001000100100000000000
10011010000000000100000000000000001010001001011010000000101000010100100101001000000100001000000000100010000000100000000001011010
10100110000010100100001000000000110000010000010000010000100000000000000000000100000000010000000000000000111001100010000100011000
00000010001100110000000000010000100010000001010000000100000000100000110000001101010100100001000000001001100100101000010000011000
10011000010010001000100001000110111000010010010000011000000001100000000001000100000000001000000001101010000100000000000000000000
00000001101100000011000010000000000100110100010001110000010100010010001000010000000001000001001000001000000000010000000100000000
00001001100000000000000110110110101000101001000001000000000001010100101000010001100010000001100000000111001010101001001000000001
01101000000000100100000011100000000000000000011001001000001010000010100101000000000100001000000000000000010010000100100010011001
10000000100011000000000000001000101001010010001000001000011010110100000010110010000001001000001100110100000001000100100001011000
10000100100010000001000011000101011100101001000000101110000000000000001001100001010100010101001111101001000110110000000000100000
01010100100000010010001100010110000010010001111000010101100001001100100000100000011010101000000000000000000000011000100000001000
00000001011000010000100001101100010110000001000000100000011000100010010000001000000011000101000001001000100011110000011000000101
11000000000100000000000010001000000010101000000000000000111101001000000010010111000000001000110001011011000001100101010000010000
00011000110000011111001000100000010100000000000011010010001101010010101000101000100000000100000000100111001111001000100011110000
10000100000100000000100010011001000001001010100000000000001111100100101011011010001001000000010011100010000100110100000000010000
00101000001100001011100001001000000000001010000000000110000100100111000000001000000000101000100000100101000010001001000000010100
01001000001001111001000010110000010010110001100001111000000100000000010001001001001000000000001000000110100100000000000100001000
01001000010000110000100000000100000100100001100000101111000001011011001010000000100011000000110000010001010100000000001011000001
00001001010000100010000100000010000000011000110010000000010010010101011000000001000001111010000000101000011001000001011101110000
10000000000100000011010010010000011101001000100000100000001010000000000100010001000011010110000000000010100000100000000001000010
00001000000001100000010000010001000000100011000000000100000000000000001000001000100001001100010000100000000010001101000001000100
00100100001100010000000000011000100001100001010000000001000000101001011000000010000000001110000110010100000001000000000000010101
00101100000110000000011000000001010001000000001010000010000101001001010000001010000011001000011000001001000000001100010100001000
00011000000000000000011000010000100101000000000000101110001000010110001001010000000001000010010000110001001100000100100000100001
00000101100001000000000100000000010000000000000101001011001010010010100000000110001111100010100001000100001000000010000000000000
01000010000000000010000000000100000001110010101000000001000111010000010010000000100000010000000010111011000011001001100111000001
00000000000010011000001100100000100101010100100000101111100101010000000100010010000010110000000000000011000010010000000000000011
00000010000010000001001000000010011010000001000000000001000000100000100010001000100101101000010000000010001000001100110111101100
00001110100010010000010000001001000000000111000010000110000000001001000000000010000000010010100010000010000011001001001001000000
00000100000000010110100100000000000010100011000000000000000100010000001000000000000000010000000000001000001011001101110000100100
00001000010100001011000101001000001000110000010011001001000000001111010001010001001000010000010001011100000100100000001000001001
00000000000011000100000000100000011000001000100000000000000111000001100000000000110000001110001001101000010100010000000100000000
00100110000001000000110000100010000100000010100010000010000010010010000010110010101110001000100100011000010001110110010000110001
10101110001001001000000111110010100000011110011001010001110001000000000001000000010100100010000110000100100000000001010000000111
01110000101000100110000000010000000000001101101001000000000000011000000001101100000100000000110000000010000100000010000000000111
00110000000001000100010001110100010001001000000001110100001000010000000001000000000110100100001100000000100011000100011000110100
01000000000011010001000010010110010000000010000100010100000100000000101000101100000110000000000010111001001010000001000000000001
00000010010100101000001000100001001010000010001000010000111110111000010110111010001010010000101010000000000100010000000101111010
11000100100110010100101001001001001001100000110100000101110000010001000010100000010010100000001010000100000000001000001000000010
01100000000010000000000001001000000010001100010000010010000000010000010000010010001000000001100001000000001001010011000000101100
00000001100011101100000010000000000101000010010000111000100100000000000011000101100000100110000000000010000001000100011000001000
00000000100011000101010100010001100100000000000000000011100001001010000100010001001000101100000000000010010101000001000010000001
01110000000010000001011111000010010010100000000000000010000000000100111000100010000001101010010100000001000100000010000000010110
00000100000001101011001001000101001011000100000000100000010010010010100001000100000000000011000000001000000001000010000010000000
00000001100110011110100000000001000000000000000000000101000010100110001001001000000000000001000000000010000000000000110000010000
00010000000010000100001110101001111001000100010000000000110100010001001010100000010000010000001010000010001001000000110010000100
00000010010110000000000000000000000000001100000001000010101000010011000010000000000010000000100001011000101100011010001000000000
10000000000000000101000010100010010001001001001001100100001110001000000000100000010000011000011000100100000000000011000000000010
10000001000001000000100000000010000000000000100001000001100000111111000000011000000001010010000100000000010000010000110000101000
00000001100000100001011001110000101100000000000100000000010000000100100001100000101011110000110001000001001000001000010000000000
00000010111000000000000000000101000100001000011000101000000010010100110010000000100001000000001001001000000000000101101001001100
00101110011111000101000000000101001000101100010100001001000000001000100110010000110100000000010100000001010001000100001100000010
01101100011000110010000001100010011110000000010010100010000111100100000000000000000000000000000011000011010000001010001000000001
10010000000100000001010000000001001000000001000101101100000010000010000110000010000000001100001000000000010000001011000101001000
00000001000001000010011000100011000000100001000010010010110010000000101100000010010111100000001000001000010010000000010000000000
00000011000100110000010000010110000001000000001010000100000000000010000001100000000001101000000100000011000100010001010100000101
00100000000000010001001000100001001001000100110000000000010000000000110010100000001100010001010000000000000100001001100000000100
01000001000010010101011100000100100010010100011000010000000000000000001100001000000110100000110010010010000011110000001110100000
01101100000000010011100001011000010000000011001011001001000100011101000011001100100011010000010000110001010101000001000000000010
11001101000000000001011000000000000000001101100000010000000110001110000001011000000000110001100000010000000000001000000110101000
00000000001000000111000000010000001101000111010000010000000100000001000000011000001010010001100001010000100001001010001000000000
00010001101110000100000000010000010101000010100001001101011100111100001000000100001100010000000000000010110100000000111000010000
10101110000000100000000000000000000000000110010011001010000100001000010001110101000011100010110001001010000000000011001000110010
00010110010000000000001000001000000000001011010000000010011100010010000101110000000100110000000010000000000000100000001111000010
10000001001000000000100010000000101101010010000100001100000100001001000000000101000111100000001000001010001111110010001010000000
00000101100001001000000101110100011000101000010000000111001000000100010100000100100000001001000000000000001001000000000001010110
00010110010000100000000100110100010001001000100000111001110100010100000100100000100010010011100000000000010110100010010001010000
00001101000111101001001001000010000000101010000001001001001001001000011010000010000110001110001011010111000100000100000000010010
10100110010001000001010000000010000000000001000000101010100000000010010000000101000100101000000000000111001001011000001000100100
01011001001000000010001010110000100000000100000001010000001001001011000010000000010110000001100000001110000000000100001001010000
00000101000001000101111000000100001100000110000001010000001011000000110000010000011001111011101000000100010000100111010010010000
00000000011100100000001010000001000010010100101010000000011001001001101010000100000010010010000010001101010100000000010010000000
10010010000010010001011100000010100111000010010000001010010010000011000000101001100001000000000100000001001100000000100001000110
00100001100100000010010000000000000000001100010000000001000100100011001000010100100000010000010000000000101001000000000000000000
00100000000000000000000001000000110000101001000110000011000000010000000001011110100100100010001000100100010111000101101100100001
00100001100100100010100000100011100101000110000010000110010010101100001101001011011100010000000000000010000100100001010001010011
00001000001001010010000110000000011000000000000000010000000100000010000000000000000100100001101000101010000000010101000110000100
10001100000100101000110000010000011000101001101000000010000000000010000010001000001000000000001000011010000000111001011111000110
00010001100000011000001000010001000001000000101101000100000001011001000010000001101001111000001001000000011101111001000000100000
11111101000010100010010000011000000001010000100100000011010001100000111101000001000001000010010100110010000011111000000000000010
00100010100101000000000000000011000000000011000001001000001001101011000010001000100000000010100100000101100010011000010000000010
01000011100100010000000100010000000000000100000000000000001000000000000100001000000000000010000100000000000000010111000000010001
00000000100100001000000001001010001000001110011001000001001101000100000000110000000100000000000010010000110110000010000000000000
10000000000000010000100010010000000001100001010010000010011000010000000001000000000000100000000000101010000010000000010100000110
01001000110000000000001000000000000001100100010000100010000010110011011010010000000000100111001000001001001000101101001010001000
00001000001000000000000001101000001000110000100000011000001011011000110100000001010000000000000010001101001100000101000000000001
00001111100100010101001000100110100100010000000100010110000100000000011110010110000000001000101000000001001010010001011000000001
00000001100001010000000010000010000100010001001000000000100010100010000001100000011100011110000000110010000000100100000000000010
00001001000010011100000001011000110001100011000101100001000000000101010010000000000010000000101001001000110000100000000001000000
00011000000001101010001000010001000001000000100101100110010001000000000101100100000000001001010000011011000001101100101010100000
00000001000101100000101000011000100000000000000110001000000000000000000001101001100100010101001000000110010001111000100010111000
00001000000010001000000010000000000000111101010001000000000100001000000100010100001001000100001010000000000100001000000000010001
00101000010000000100010110110100001100001001000000010100001001100100001010001000001100001000000000101100001010110010000001000000
10000010101100001001000000100000000010000100110001100000100110000000100000010001000100000000000000000100001000100000100000000000
00110000000011011100000110000000011001001100000010010000100000000000100001000000101010100100000111000000000000001110011000110010
01000000000001100100000010001000010000100100000000100000010001100010000100100000100000001110001001010100000000100000010000000100
00011000000000001000000000001000101000010001000000000000010010000000000001001000001101000000010000000000000011000000010000001100
00100000000001000100100000000100010000000000100000001010000101000000000010010000000101011100101100000000000100000000001001100010
10110100010110000000000000000100000000110000100001011010100100000100100001000000001000000001010101001000100000010000011000000000
00001101001010010000000000001010001010000000000100100000000110001000001110011000001100001110011010100001001000000000000011001010
00000110110000100010000110010001000100100001000000000100000000000101000100001000000001011001010110000011000010000110100010010001
00000010101011000100011010000000001100010100001010000100010010010001000000010000101100000000011000000000100010000010000100000000
00010100010000000000011000011011000100011001000001000010010000000000000000000000000010100000001000010000000010000001101001000011
00100000000100011001010000000100011001000100010000100110001100000101001000000000001101000000000100000000000000010010001110100001
01000000100010000100000010000100000000100100000100001001000100000000000010000011010000000100011000100000000000000000011000000001
01010000010100000001010101100001000000101001000001001000000101100000000110100101010110000100100001000000000001010001110010000100
00000000100000110110110000001011100000000010000100100101011011000110000000001010100000000101100000100010000010000000001000001010
00000100000000000111001000101000001001110101000000001100010001001001000110100000111100010001010000000001000111000000010000000000
00000100101000000000010100100000101011110001000001100100011100110000100101000001010001010001000110110100000000001010000100000000
11100001001000010000111110100110100001101010000000010010011101010100100000010100110110110101100001000100100000000110100001110000
10000101000000001000100100001100011011001011000000000010000000000000000000000000100011000000100000000100000000000100000100000000
10001100100000010101000000001000010000000111000000001100100001000001001100100000101000010100010000110000100000110110001100000010
00000101010000010100010000011000000001001000000001010100001110100100100000000100000001001001110000100011000000000000001000000000
00111010000011101101100000100000000000000000010001110010000000010001000100101010000100010001000001110000001010000100011001010000
00001001000001000100100101000101000000100000101001000010000110000000100000000101000000000100100100100010010000011000100100010100
00000000000000000101110000000011000010000100001100000000010001001010000000000001100000100000001000011101000000110000010000101001
10000100100000000000000110000010010100000010001000001101000001000000010000000000000000001000001010000100000011110000000100000100
00010001000000100001000001100110011000000010010001010101101000100010001101000000000010001000101011001011001011000000010000100101
01010100000001010000110100011110000001100101111001001000011100000100100000010001000000100010000000011110010001001000110010000001
01000000100000010000000000000010000000000000001010000010001010000000000001010001000100000010100000101101000010101000010100101010
10010001000000001001000000100110000000110000100101000000110000111010000110000000010010001100000000000001101000000000100000001010
00010000010000000000101000000000001011000010110001010000111000000110010001001000001010100101001010000001110100000010000000100011
00001110110010110000000100010001000001000000100100110100100000010001100011000000000000000001100100100000010100001100010000001011
00011001010001100010100011000000010000010001101000000010000001001011000000100101000000100100000100000100000001100001100000111010
00001010001001100100000000001100001000111100000011001000011000000000001010011000000000000000000011011001001100001000000000110000
00000000000000001000000001001100011010000010000000000000010000000000000110001100000100000010000000001110011000101000100101000001
00010010100001010000000000010101000000010000000000001000011000000000100000000001100000000001000000100010000001001100010100000100
10000000000000100000000010001101000000000000110000100100000001000101001000001101110100000100001110001010010001101010000000011110
00000000000100111000000000001011011100010010000010100101100001000010000000000110000100000001001110011000100010010100000100010000
00000000000000110100000000000111000010000010000110001000011100010000011110001100100101001000000000101110010000100000000100000000
10110101011101100000000010000010100001000010101100100100000000101000000000110000011010001100000010000000111000000000111000010100
00001100001001010100000000001000000100010101111100000010101010000000010010000010100001101101110010100001010111000000000000000001
00010000100100100001000010000000000111000001000000001010010010010110001000100000001000100100101100010001000000000101010010001000
10010000000010110000110000010000010000000010010000011100001001011011000100000100010000010101010000100000110000011000000101000001
00000010110000010010000001100000000001000010000000100000000010010000100100000000001000001100001100000110000100100000000010100000
10000001101000000001001100100010000000101000101100010000000000001010000001000101110101101101010111001000110100000001000000100011
00011000010011001000010001010001000100010000000001000000000000100000010010000110101000100010000000000000010011000100000110100000
00011110001100001010000011000001010001000011110110010110000001010001110001000010000010000000010000000000001001100100101111110010
00000101111000001001111000000001010101100001000100010101100100110100100010010001000000000110100000000101001110000100000000101000
10000000000000010011010110000011000001001010001000010010000100000100000000010000100000000010000000000010010000100100011001011110
00001000100001001100000000010101000000001000001100100000101000010100010001001000111010110000000000000011100000000100000000010001
11000100001000000010010000000010011100110011010001001000101000100001001010000000010011000000010000100000010000001001001100000100
11010100011001010000000000100001011110001000010110011000000001000000000000111000000000000000000010000000110110000000000100100100
00001001100100001000000100100100100000100000011000001001100000001110100000001000010000000000010010000001100000010110000000000001
00010010000100110011001001001110110100000010100010111010000110000000011100000100001000000000101010001000000100100010000000100001
00100011010000000000000000000000001000001000000010100000000101001000100001000110000100000010001001001000110010100011000001000001
11000001000000001001000000011000000001000000000001001100010001010110000000000000000000100000001100001110100111001000010110111100
00001010100001000000000011001000000100000001000001101000100010011010001000010110001100000001000000000000000000101110100000000000
00100010110000000010010000000000110010000000111000000000000010100000010011000100000000000000110011001000110110001000001100011000
00000110011000101101000100000001000000110001000000001000000001000001000100001000011010000001001000000000101000001001110000000100
01100000000101011000100010100110001000001011000011001010011000100001011000010010000110000001000001000000001001010010000100000100
00001001010100000010101011000000100010000010001000001100111000000000010010100100010010010000100000000010000000010000100010010010
10100011100000011000000000101000000001000001011001000110000001000000000000011000010000001000000001001110100100011010000110010010
00110001000000010001101100100100011100001000000110000001111010000000100100010100110000001011000101000000000010001000011100000000
01000000110001010001110001000000000000000100011010010000100101011011000000001010000101001000000000000000001011001000111100001100
11000011000000000000000100010000000001000000010000010000001001000100010001000111000000000000100000000000100011111110100100101000
10011011100111000010000101000000000101000010000000000000001100000000010000010000000000000100100000000001000111010001100000010111
00000010010000000111101011101010100000000101010001010011000000000000000001001011000010000010110101011000000001000100000000100001
00010101001000010000000011000000001000000100000100000001100000000000010000000000100010000001000010011000001000000000000000001101
00100011000000100011000000111000001000000000010011000101100000000000000000010010000101000010000000001000101000000100001011001001
01010001000000101010101011000100000010001100001010100011100000000000000000101100000000000001011000100001000101000000100010001110
01010000110000101010001000000110101101001000000001011000100010000010110010000000001000000000001000001001000000000000010001000000
10010010000001000100000000100110101110000000001100000000010100000100000010110000110100000010001010000000010001010000000101100101
00011000100000100001001000001000001000001000000111001000000100100001100000000100100010000011000001000000000100100000100011010010
01000000000000100010000001010000000001000101000000100001001000001010010000010100000010000101011000000101000110101010010100000010
00010000000000000100100000000000000000000000010010100010000110000001010011000000001100001010000001001100001100101111000000011000
01000100000010001000000000000000010010001000000011000000000000011000000000100000000000101011000001000000101000000010000000011101
00100010000100000000000011000010000100010000101001100001010000001111000101000010110011000100000001110110000000001000100001001010
00111110001001000000110000100001000000101011010101000000100000000101000011000011001000011010000000000011000001010010000101101100
01110010110100000101000000000010000001001010001001011010001010101000101010100010000000001000000001000010000011001000000000000011
01010000000000010001000001000110001000010001010010101000000000011000100001000001001100000110001000010000011100100000010101000000
00010001100000000000000000011011000000001000010110010000000000000000110111001000000000100000010000000010100010101100010010100000
01000000100110001011001100000000000010000000010000000000000011100100010000000100011001101000000110010000101101001001100001011011
01100001100001100000001100011000000011010101100110000011001001001011001100000000101010000000001000110000000000000001000100000100
00100000000110000110001101110000100100010000010101001111101100100100101100000000001000000000000000001100000011000000001000110000
00000100100010010001000001010001110000100011100000100000000000000000000110000000000100100011000000000000010000000000001110010000
01000010010010001011101000000000100001000001010000000001000000000100000100010110100011000100101000101010010101000001101100011100
01001110100001001100010000000000000000100000000101011100101101100001001000100000000000010000000000011000000100000000001100001000
00100110001100100010010000000000110100010010000100011000001000001001001010110000000000000100110000000000000001010010000001000010
00001001100001001000111010001001000001100000000000010000011000100000000001000011100000001001000000001000000011110001011001010000
01001000001110000100000000011000000010001100001000101101000000000000011100000000010000000100100010100000100000010000000000001000
00010010000011000001010000000000110010000000000110000101110010010110001110010000100000000010001000100010001101000000000010010100
11000000100000101000100100100000000000000000001001001001010000000001000100011010000000010001000000100010101100001100100000001000
10000010000010001010100000000001010000000100000010000000100001000000110001011110000000010101000110000010011100100000100000010000
00000111001100101000001000011000001000000110000000010000011000000010000000000001010000001000110010000001010010000000000010001100
10000111100001011000001001010001000100010001000110000000000010000010001010000000000001000010010001000001000011000000000001000101
00000000000000010010010001001000010001000001010010000000001000000000000101000001000110000100010000000111000100000100000000110110
10101000001100000110010110000010101010000110000010000000001001001000011000000100000000001010011100111000000010100010000000000000
00100010010010110001001000001000000000110000000000001110000001010000100100000001110101000000000000110010001000000000000000100100
11001010010100011110000010000000010100010011000010000110000001000000100001001000000001110000000100000010000110000010000000000000
01100000000000100000000000000001000001010010011001000110000010000000001011000010000000000011010001000000001000100000100110000010
11000100000000000111001010000000100010011000000000001000100011001001000011010110000000110000100100000001000000001010010000000100
00100000000110001000000001100000001001111000000010000001100000000010010000001010101001100111000100000110010011000100001010110000
00100001000100010100001001000000001001000001010000110100110010100100100001000000100000001000000100000000010001101000100100100000
00000010001000010001000000000001101000000111000110001101100000010000010000000001010100000000010000001011000011001000001011101000
10011000001010100010000000001101000000000000000101000000010000000010001001100001100010101100001110010000001001010011010000000001
01001100011100000000000100000000010000010000100100001000000000100000000000010000000100100001000001000100100000000110000110001010
01110000000001000000100001100010001010100000110010000001000100000000001000011000000010000100000000110101101000000000000010000001
11000010001010001001000000010101100001010000110000001000000000111000001010100100000100001000110011000100000000010000000010000000
00000100010001110000000100000011000010000000100100000000000000011000001000000000001010101001001100001000100100000011100001000110
10001001000001110010000001110000111100010101100000110100000110000110000011101000000001000001000001000100000110000000100001000010
11100110000000000000001100001000000000011101010000010000000001010000100000000011001000000000010000100001000000000000000000010010
00000000010011000000010000100110000000010000001100000000000000010001001000010011000010100110000000001001100000001000010000001100
10000000000111100110101000110011010000011110000000010000000000001001100000001110001010000000001000101001000000001001000000000000
00000100001000101000010001001000010010000100000001000110000100100001010000000000000000000000000001001000101010000010111000000111
10000100000000001001001000000001000001000110101111001011000000100110101001110000000000000000101001001100010001011001010010110001
00000010010010001110011010001001010110000100000000000000011000000001010000000100000000000000000010001001101100000010000000100010
00101110000000000000101001101100110000000001100001010011000100010001010000100110000000000010101000101000000001000100100110010000
00000010100000010000000110100001001010011100011011010100101010001100000000000000110000010100110000010000000001000011010000000100
00010100001101100000010000001000010001001000000010000100010100000010000100010001000001100000000000011001000110100111010000000000
00001100010001000000110000001000100001001000000000001010110000010000000000010010111011011000100000010100010011000100100000000000
10100000000000000101001100010010000100010000100010000000001000100100001010101011000000101101000000000101001000100000100000001010
00111000000010101100000000110001011001000010001011000100100100101000010010000100000010100000011000000010000001000000001000000010
00101000111000010000000000000010010000011000100010000000100010100000111000100001100011000000001010010000000010100000110000000011
00000000000011100000000100000000000000000010100010000000010001100100101001101000101000000010011000001100000010000000010000100001
00000100000000100001011000100000001000100000000001001000010100001000000101000000000000000010100000000100000000000000001010000000
00001010000001010111010100100000000111100000001000000000000100001000000110000010000000000001100001011000101110100000010100100000
11000101101000001000010000000010100110000011000001000101001001001101001000110010000100100001111000000000000010000100000100010000
00000000000000100001001101010110100010000001000010001000000001000010110111000000011011001000001000000000011000100001000000001010
00001000100000100100011100111000001100001011001010010010000101110010000000000100000000000000100001001010000100010000000010010000
01100110000101000100100100100110001000001000110000111000000101000000000000000101000011101000001000010000000000001010000100000000
00100001100100000000000001101001001000000010000111000000011000000000001000000000000001010000000000010100000010011000100100010010
00010000000100100001001010000000000011000100101010010001010001110001010100000100000001010000011010111010001010010000000000100000
10001001000010100000000001000010000000000001000011111000100101010000100101111110010000001000000101000000000000000000000100100100
00001000000000110101101000001000010000010000000000000100010100001000010000010001001000000100000101000010111010001100100010110000
00001000100100100000000110000000000101000001111010110010001000000000100000010000110111101110001000011100000000100000000010000011
11110010000001000000010100100000000000001000000000000000000100000000000000000000100101001000000000101010100010010010010000101010
10000001010001100001110010001100000000111110100001100100000011100010010000010000000100100001000000000010000000000010000000000010
00001010010001100001010001000010000110000110100000101101101010100000000010100000000011000001010000111010100100100010010010011010
00000010000010100011000000000001011101001010000101001101001010001000000000001101010000001001010000000100001000000100001010000001
00010100111000100100101000110100101000100100110100000000000000000000000000000100010011000110100010000010000001100000010000000000
00010100000100101000101101000000000000100001000000000000101100000010100000100000000100100000100011100110000000000000000000010001
10111100101000110110100111001010001110010101010000010100110000000110010100100000110000101010000001100011000001010000000000000011
01001100001001010010010001010101000000100110010000010000000111010000000010000000001001110000000100000111000110000100010011100000
01000000100000000100001100001000000011000000000000010000010100101011000000000000000001000000001100101111001000000000001100001000
11000110001000010001101100000000000000100001000001000010001000001000111000000011000000110001000101010100000101110000100000001011
10000110010001000000010010001000001010011000001000000000100100010100100000011000110001001000001001100000101000000000111011100000
11001000000010010000000000100000000000000100110001101100101000010011110000000100100001010000001100010000000000001000111000110001
01001000100000010010000111000000000100000011000000000000010000000001000010000001000000000100000000000000100000100001000001000100
10001000010100001101000000000001010000100000000011000110000011010001100100100001011000100100000000100001000000010000100000011000
11001000010000000100010010010010000000010000000000000000001000001010001000000000010000111000000000001001001001000000000000000000
01000110000010000010000000100001000001001101000000100000000010101000000101000100000000000001010010000000001010110000100010000001
00100100110010100001001011000001000100100010100000001001100010000101011000011110000010010000000100000100000100000100010000010000
10000010000001110000100000100000010110000001000000010000010100000110001101101000000000000001110001001010100000000100000000000100
00010001100000001000001010000000001100000000100000100001100001010010001001000010000100000011101010000001001011000000000000000010
00110001000000000000000111110000100100100001100010110100000001010000000100000000000011000100010000001001001000010000000000100000
11001010000001000100000101111010000010100010100011000010000001010110100010100010010000000101010000000110010000110010000000110000
00010000000010000111000000000000000001001000111100000001001000001100000000001000010000010000010001000010000001000000101000100000
00000000001000011000010110000100000000010000110011000000100011010000001110100000010111100100101000100000101100000100000011001100
00000101000110010100101000010100000000011100000000000100001001100111101000000011000000111000000001000000011100010001001011000001
00010000111010010000000101000100010000000010001000000000010101000001000101001000000000100011010010000000100000001001100011001011
00001000000000000010000000000000000000100000110010000010100000001000000110000000000101000001001001000010010011000001000000000001
00001100001001010000000000000000000000000000000011000000110101000000010100001000001001001000101001000010000000000010010111100000
00100000000001000100000000100000000010011001000001100000000000000100000100100100101000011000000001000110000000000000000100000010
01100001011000001000100000000001100000000001001111111000000010100000000001010000100000000001000010010000001100001001000000000101
01000001110010100000100000001000000000100010100000000111001100111111001000000011001000001010000011000101001000000000000101000100
00000000000110000000001110010101010010011010010100001000010000001000000000010100000000100010001000000000101010000001000000010000
10010100011000000011010101100000011001000010000000000110011001100001000010100001011000011000001000000000011010001010100001101000
00100000000000001011000000000001001000110100000100000100100110111000010100100001001000000000010100100100100100000000000010010110
00000101000100010100011101010010111000000000100110110000010001110101000101000110000000010000001111011010000001100001000001000011
00111100000000001000000011000010000001000011011000010010011000000000000000110000101001100000000100000000000001000010111000000001
00101010000000110110000110100010000000000001001001000000010100000000000011010100001110010000100000000011101001101100000001010000
00000010000001010000101011100010000001001110100010001000010000000001000100010000110100001000010000000001000100010000000000000010
01110010001000001000100001100000001111010010000100001000000111100110000010000010000011000001100010000001001000000000000000000000
10000001000000000010000010001000100010101000100000110010000100000000001001000000001000001000110010100001000000100010110000011000
00100000010000011001010001011000101000001000100100111000001001011011011110000010000100110100000000100000000001110000000000000100
00101000000001000000001000011000010101001100000000101000100010010100000000010011100010000111000110000100100000000001000100011010
00001001001000100100001100100010010000000001001100000000110010001100011100001001000001001000100001000000110101101000011011111001
01001100000101000000001010101000100000100110000100010000000101101000000000010110000011000010011000000100000000000000011000000001
11000001000110101000010011010000000000000010100110010000000100000111000000000100000100001000000010110100000010100001100000010100
10000000010001000001001100000000000101000000000001000000100100001000000000000100000010001100010000010001110011000011010100000000
00001101000000000110000000010001001000010111100101000100000010000001000000010000100011000001000010010000100000010101000010011100
00110101000000100000110110000000111100000000000010000000000011000000001010000000000100000000000000000110011010010101001000000100
00110000001000000100100000101001000001010000000010011000000000000000100000010000000010110101100000001100100010001000001000101100
00110100110000000010011000000100010110100000010001001100100000010000000101110100010001000001000101001000000000000000111101000000
01000001110010101000011000010001001010101000010011000000000001010010010010010010001000100100110011000000000000000110001010100000
10010000010000000100000000110000000001000001000110100010000100010111000000000000110001001010010000001100000001001000000101100000
00000000100000000000000000010000100000010000000110000010001000111111011101000100000000100010000000000000001000000000000001000011
00001000000000001100000000010100100010001000010000011000000100011001000011000010100000011000000000000001110000000000100000000000
00110001000010000000000001110000000000001010000000100010000000101001000100100110000000010001100111000010101001000010000000000000
10001001010000100001010000000000010000000000110000100001010001000000101000011000010000010010000010001010000000101010000000010001
01100100000110010010101000010000000000101100100000010010000000000001000010110000100100000011100100000100100000010000011001000110
11100000000101000110110001100001110100001000101000001001000000010011000001000000000011100000100010000001000001000100111000110010
00000101010010001111100101100010010000000001001000001100001001000011010000001000010000100000011110011000100000000110000010000100
00000010000010010010011000001000000010001000001011000000010001000000100100001000010100001111000000110011010000110010001000000001
01010100100011100000000000100010000001000000001110001000010000110110000010111010100000001000000010000010000000001011000000000010
00001101000000000000000011000000010001000100000000000000001000000000000000101010000000000011011000001000000100000000000010100010
00000100001000000111011000001000001001000111101011010100000110100000000100000100001001001111000000000000000000000010000001001100
00100010100000110000100000100000000001000111000110101100000010000000100000101011100001000000001001001000000000001101000101101000
00100010000000010001111010011100101010000000001000100000000010000000000000000100000111000010000001100000000000001100000000001100
00000000100000000000111000000010100001001101100000000000100001000000000001110110100111100011000001100100000111000000001110010010
00111000001101101110100000100111001011010001000110000010101100000000011000000000001100011000000100000010000001001001000001000010
00001000000101010000100010010110000101010000111100010010111010001101000000100000001110000000000000001101100001100000001100000000
00010010001010001000010001000101001100000000000001001110000000110011100010000001000000000001000001100001000100000010000000010000
00100001000000010001001001000010000001000100101000000100000000110110010100011000110100000010000000011110001100000010100000100000
11011101010100010101000001000110000101011100000100001000100010000000100100001000100010000010000001000000111100001000000000100110
00000101000110011000010000001010000101000010011010000000100010000001011001101100000010110000000000000000000010100000000100010001
00001000000011010000000001100010000100011011010100000000010010010100000000000000011000101000000000100000000100111011000000000001
11000000000000110000000000010000100000010010100000101000110010000000100000010010000100000000100000010000111010101000000000000000
10100000100100000101001001000001000000011100000011110010000000000001000001000000001000001000100100000100000000000000011000100100
00011000011001101001001010101100010101000010100001001010001000000101000000110100001000001001011000000000010000000100100101001000
00000000100001110010000000100010001000100101001000001000001000010001100000001100001100000000000000010100100000000000000011000000
00000000000111000111001000100001100000101010000100100011001000000001100010000000000010000000000010001101000001010010000100000100
00000010001010011010100010111000000000100010000000101111000010000000000000000110110000000000111010000011010000010000110001000111
11000001000010000010011000101100000110000000100100000000000001010100110001110110000011000001000000000011000010000110110000000000
11000010000011111001000000000010000001010110101000000000000101010011010100000001000110000000000010001000010001000000000000110010
01000100010101000000000000111101100101000010001000110100001000110110100000000000000000010001000010100100001001000000001000000100
00100010100000100000010000010110100111000000000110000000100000001100100100001100011010010110110001001010010000000110100000001000
10000110010000001011001101011000001001000001000100101010000001000110010110000000110001000000010010010110001001001001110110010011
00000101100001101111000100001100000000011000100011000000100000001101000000110000011000000010000111100000010000000000100101100100
00000010000011010010101010101011000100000111000010001111101100100000110010010100110101000001100000000000101000011100000000000100
10100010100100010010011000000001000000000010010100111000000001000000000110100001000010100000000010010010010000001100000110000010
10000001101000000100100000000110001010001000100000010001101001000011110101000011000001000000110100001000000000100100000000000000
01010000000001001010010010101000100001000001100010000000001100011000100001000010100011101100010000000011000010000000010000000000
00000000000001000011000000001000001100001000000000000000100101000010001000100000000001000010000010100000100100000000000000101100
01000100010001000100000011000001110000000100010001101000011001001010000000010100001010100100000000100000000000000010001011000100
01000010001000000001000100000010010001000010101000000001001010100001000110001100001000000000010000010000000001000000001000000011
00000010100000110110110001000000000000000000000001000000010000001000010100000111010001000010100101000001010010100000000000100000
00001000001000000000000001000001010000100000100011000001000000001010100000011000001000001011101000000000100000000110100001000000
00000001110101001111100000000001100000001010010010000110100000000001000000001100000000000000011000010000001001100000001001100000
10011011000000000000000001000000000000010010101000000011000000000000000000011001010100000001000101110000001010100010000000000011
00000001000000000000000001100000110000000000111000100001000010100100100100000001000000100100000011000001110010001101000100001000
00000000000010001110010000000000001110000001000000000000010100000000000001010011000000100010001010100000000111001000100000010000
00000001001000000000000010000000000000000000101010000011001011100010000101000001100011011010000000000000100001000010000011000010
01100110000000100101001000000000000010000000000000000100000100010010100000010100001000000000011001010000001000000000010000000110
00110000100000001000000101000100000010000000000000001000000000100010000110011101001101000100010100111100001000010110000000100000
10001000000000001100101001110000101010000000100010001010001000001001101100101000000100000000100010000111001100001001000100110101
01011001010011000100000011010010000000010000000000000010001000000100000000011001000100000000111110100000000000001111000000011001
00001000010110000001000010000110000000000000000110101000111000001001100000100000000000000000000010001111000001000100101110110000
10000000000101010100010000100000000000011010000000000110000001001000111001000010000000000000101000001001000101000001000000000100
00000000000000110000000000001001011000000100110100000001001101001010000000001001000000000101100000000000000010000100010100000100
11101011001001000100001010001101000010000000010001001001101100010000000100000010010000100100000010000110000000101000010000000010
01010001010000000001000011100100000100100100100100010101000100000010000000010100010000010101000010000000001001000001000000000000
01100001001000100000000111001010000100000010000000011100000000110001001000000110001100000010001011000000101000000001001000010011
11100001000100000010100101010110000010000110011001011010000010000011000000001110000100100101100010000100000000000000000101100000
01000100001000000100000010010000000000000000000000100100000000101101011000000110101100110000011000010100000000100000101010000010
00010001000100000000011001011000001000001100011000000000100000000011010010101001000101100100010000000010001000001011000000001000
00000001100100110010010000001100010000000000111100010000100101100000000101111000000011010000010000010000100010010000001000001000
11000000000101000100100000000000001000001000100000001000100100010000001010010000001001100000000001000100000010011100000000001101
00000000000100110010111001000010110000111010100000010000000100000000001100000100000000010001001010000100000000110100111010111000
00100100010000000101000110001000101101000100110000110001100001000000010110000000000110100100000010100000100101010100000000100010
00000000100001010110000100001001010001010000000101000000001010000101000001000100000000000011000000000110000000110000000000110000
00001001000010000100101010000100010011100011000000000000100000001001110100100000010000010110010010001011000000100110000100000110
00000001001000101011010000010010000011000000100100000100100001001000010011100000000001000010000000000001000101000010001000000011
10011100000010000000000000100001110000001101111011001000010000000100000010000010000000001001000100010000000000011000100001000000
00000000000001100000000010100001000000101000000100000001000010001000111001000000001000000000011000100100010000010110001100000010
01011101000000001100010001000000001001100010100100100100000000000010100100100100000001101010001000101001001001110000000010001001
01100100000000010001000110000100000010000000101000000010001000000001000000000010010100000000001000100100000000101000000010000000
00100010001000000111010000100011100000000011000100000110000000010000110101001100000100000010000110000100000110000010000000000000
01001100001100010110010000110010001000000011001010010000101011000000000000100000100101011010110010000000000100000010000000101100
00010010000000000000001000000110110000000000000001101001000000000010001000100001000000100111011010110000011010101000100010010000
00000001000110000000010101000010000110000111101001100000000000000000101110000010100001000000001000000001001000000000101000000001
01000001000110000011000000000101011100000001010001001010001000000001101010001010001000100000001010000110000101010001000100100000
10000001001000000000000000001111101001000101001010000000100010000000000101000000010110010001110000001100001000000100010000000001
00000000000100100101000000111000000001010010000001010000000010000000000010000000000001000001010000000001011010000001000110011000
00000000100100000000000000001000000001100010001000100000000000011000000000000001100000100100100100000100000000000110000100000000
00100001000011001001010010000000100000111000110110000000001000010001100000000000110010000111010100000100000111010110000100100010
00010110000000010000000000010110000001110110011001000000110100001000001011000001000001101000000000100110001000101001000010100000
00010000010001100000010000000011000000000110010100011000000000000000001000000001100100010011000100001100000000101001000010110100
00001001010100000000101000110000000010000010010000000100001000000000000001000001000000101001100000000000100000000000000000000010
00111000110101001100000001010010010111000000011000000010001000000000000001000000001010000000000100100000000110000000001001000000
00110100011100110000100100100000000001001000000000101010000000101000000001010000011110000000000001000000000000101000110000001000
00000011000000000000000101000000000110011100100000000010001010010001100001000000100000011000000001000000001000011000001000001011
01000010010000000000000001010000010010001010001001000010001000010010000010000100000010100000001000000000001000011001101000000101
00000000000000000010000000100011100001000010011000000101010000010000101000000110000010000000101000110000000100001000001001000000
00111011000000000100010000000110010100100100001001000100110000010000000000000000011001100000000000010000100100001110010100000000
10000000111000101010000000000100010100100000000000100001010100000010010000000010000110110000000000001010100010010010000100101110
00000000000100000010010000010001011001110001000100110001000000010110010100000000111101100110000001011001001010000110010000000000
00010000000011101000100001000000100000111110001000100000010010000000001100010100001000010011001000000000100100110000100001000100
10000000100010000010000010001001001001010001001000000100001010011000000000000100001000000100000010000000110001100000000000100010
00100000010001000001011100001010000101000010000011000110010010010100000001001010001000010000000100000000000110100001100000010100
00010001001000001000001100101100000100000000001000000001010000010110100001001000000000000001101100000000001001100100100011001010
00110000010111100000110000000000010110100010000100101001000100000000000110000000000001111001000000100001110100001010000000011000
00000001001011000000000010000000010100011000000000000000001001000000000001101100001001001001000000010000000000010001100000000000
10100000000000000000000111001101110110010010101000000010000000000010000000000000100010010000011000101100000010100100001000100100
00010000100110110011010010000001010000100000000000000001000000110011010000100100010111110000100000010011100010000000001000100100
00001000010000010001010101000000000000001000010011110100000000001001100000010011011010011010000100001010101110000100100000001000
01100100010000000001000000011000000010101000000100100101000010000101000001011100110001000010000000000000000001010000000101100000
01000001010100100000011010100101011000100000000000110000100101000000101000000000001000101000000010010100000010000001000000100000
10000010000001000101010000000001101110011110100000000001001110000000011000000000101000100000000010100101100010000100000001001100
10100000001100001001001000000000001000001010111011001000000010010010001000100000001000001101001101010000001100001000101101000001
00001110001001010010000000000100000010010010100100100101101000000001010010000001000000000010101001000000000000100110101100001010
01000000100000001011000010010010000000001110000010000000010100000001010001000100000110000001110010000100111010010100100010100000
00001100000010101010001000100011100110101000000100000000000101000111000000011000001100001101000110000011000001010001000000010010
00010000000010000000000000010000100110000011000000000101101110100001000100000001000000000001001100010000010000000001000000000000
10000100110000001000101000000110110000011101000000001100000100001100100110100000000010110000000000100101000000001001011000000000
01101000100000000100001000101001000000001000001010000010101001100000000000000000000000001000000100001001000100100000010000010000
00001010100010000000000101000001000000000010011000001001010001010001000010100000110000000000000000001100011000010000000010001010
10010010000000001100100000110000000101001110001010001000100000000000010000100010101011100010001000100000010000001001110000010001
00001100010000010000001000000100100001010000101000111010001010000011100000001000110000000001010100010100000000000010100000000010
00000100001001011100001000011000000100010011001001100100000010110010000000000000000010000000001000101000000000000000101001100000
00000000110011100010010101011000001110011000000000011101001111000000000101100000010010000010000000101000000100000001001100000000
00110000000110000101110000010000010110000100011000000000100000110000000001000000000100010000000010000110001010000001100000110000
01000111001101000001010100000000001000000100110000011100001000010000000000101110001100110000000001000100010000110011100000000000
10100000000000000000000000001000000001001000001010110000000000100010000001000000010010000110100000000001110000000000011000001000
10010011001100100001000100110000000011000000000100001110000000000000010000100000000000100001101001000000001001001001010001010101
00000000100000000000000100000000100000000001011000100010011010001000000010011000000101000100010101010000011010000100001000010110
00000000100100001000011010000011000000011000000001000010000001101000000010000001000100001000101100010001000110001100100010111000
10001000101000001000001100000100010000100000000000000010101001101001001011011000000000000100001011010001100101101001001000000100
10010001010100000100000010000001100001010011000110000110001000000011010100000010000001110010000101010000000000000000110000110110
00100000010000010000010100100000000001000000100000000100000100001100000000100001000000000101001000010010101001000010000001000000
01001000000000110011000001001000000001010100100010001001000000000000100010000001001100000010000000100011011000000000100000011100
00101001100110100000000000110010000100010101000000000010000000010011000010000000001000001100000001000000011000110010000000000110
00110100001000000100000001010001010000000001110100001110011000001001000000000000001011000001001100000000000000101000000100000101
10110000100000000000010010000100001101000000000010100110000010000010000100000000001011001100010100010100000100111110001000111000
00000000000000100001011000100000000001100010110000000100000010010100000001000110110011000100000110110000010110000010100000000100
00000000000000100001011100001011000000110001000000101000000010000000001000100100000010001101000000001001010000100001001101011110
01010000010001000100000000010011011001000010001100000000001000000000000010000100000010000100000001000010001010000100000000000001
01000100010000000010000010000100000010000011000000000000010100000010001100010010000010000000001000000010100100011000011001011000
10000000001000001000100001101000101100000000011010000001110011000000010100000100001000001000000000001010000000110000001000000011
01000000000011010111100011000010010000011111110000000110100001100001000000100000000000100000000101010000000000000000000000100010
00000000100001010010010010001000000101000110000010010011000000000000000101010000000000000000010000010000000000000000001000001011
00000000000000000000001000000101000000100100100000000000000000100000101010010000100000101010001000110101000000011110111001000110
00111000001000000000110000011010010000111000000001000001000011100100000000100110000000000100011000000000011000000010000010110001
01000100001111000000000000000001000010000000000010110100110000001000100010100010001100100100100001000000000001000100100010000010
00011001000000001001000000001000000001000000001000000001100000000000000010100000100000110000001111000001001100000000000100001000
10000100111010000100000001001000000010000001010000001110000000011011011000000001001110000100010000100001000001011100100000100010
01010001101001000000100000100100000100000001000000000011110000001100010000000011010100010010011000001000100000000001100000100010
00001000011000001110001100000100010000101100010010111100000010001001010010100010100000000010000000010100100010001111000001100000
01000010000110000100000010101100000000010000110111011001010110000000111100100000010000011100000000000001100010011000010100001100
00011001010011010010000100000000010111010101101001110001010011000000001000101101100110000000001000001010001000000001010100000000
01100000011100000100001111100000000011011001000100000011000000001100101001000000010000111000001001110100110001000110010100011100
10010000101000000000010010100000001000000000010000000011101000000000101000010100001010000000100010010010000101101001100011010000
00001000101000010000100001010010001010000000000100000111010011000000000000011010000010000010000001000100000100100000000010110000
10010000000000000101101100010101000101100000000000000000100000000001000001100001100001000000010000001000101100000001100000000000
00000000111010100001010100100000101000110000100001000000000101100011010010000001010110000100000100111001001101110000000001001010
01100100001000000010001001000010001000000000100001010000010000100001000000000000000101101010100000000000001001110000010010000000
00010001000110100010000000000000001000000100001000001100100010000000000001110001000000000001100001000100011011110000100001000010
00101001010001000100000100000010000010010110011010110000000000011010100010010010101111100010010100000000110000000000000100000110
01010100110001000000000001001000000001010000000110000000000000000010100000001001011000010000100000000000000000000001000011010100
10100000010001010010011100000100001101000000000011000010100001000001000000010001010100101100000010000010010010001010000000010001
01000000000000010001100000000000000110000010000000000111001011100001000000011000000001111100000000001100010001001000010000010001
00000011010010100110000001110000001000100000010000000000000000100101001101001000001000010000111100000000001000100001001100010010
01000110010000000000100010000000001010000111111100110100110000000000100000000010000101000000101000110001000010000001000001001100
00001000010001110100000010001100000001011001001000000000100100001000110010100100100000000010000000001000100000000100101000010000
11000011000010001100100101000000000110010011000001001110110000011010101010010010001010001000100010000100001100000000001000001110
00010000000010000000000010100101001001001000100011011101111000000000000000000000101010000000000000010101001000011000000000011000
00100000000000000010110010100000100101110101010001001010001001100010011000000001000000110101001001000011000011000000001100000000
00101100000101010000100110000000000000001000101001000001000000000001010000111110111000010110100000000000100110000010101101000010
00001001100110001001000010101101000101100100010001001001100000010100000000110010100000100010000000000000100011101011001100101011
01001110100001000000000000000010100110000010100000100101000000001100101100010000000101000000000000100000000011010001100100100000
10100110000000100001010100010010000000000000000100001011000100000110001000100000000001111000000001001000100111100001000010010000
00000100000000000000000000000001001110000000000011000000000000000000010000000001100011010010001000000101001010010010010100010100
01001010111000100100000010000010010000000100110000101100000010000010011100010110101100110000011000000100100000010100110011010000
00000001011011000000000100100010011101000000000101000000000110001000001001000000010000100000001000010110000001001100100010010111
11110000000001000010100100000000000000101000110000000000000000000100000001100001010001011100000000000000000000000100010000000110
00000000000000000001000011000000000000000000000001100000000000101101100101000100100011000000111010010010000000110000111010000000
00100000000001100000100110010100001010000000000010000000000100001100010001010000001001001100001000000000000000001000000000000000
00000000000000000100000000000000001000000000110101010111001101111011110000100010000000000110000010010001000000000100100100100000
00000110011000100101000100010000001100000100111101100110001010010010000010001100010000000000100000011010101000001000100100000000
00000110000000100000101000101000100010000100100010000010000001001000101010000001001100101000000000001000000010000000100000001000
00110010000010001010000000000010100001000001011000111110110110001000000100001001000111000111010000000000000110100000100001010001
01100000001000100000110001100000001010000010000100000100001100000110111000010011000100001100001011000011010110010100000011000110
00000000110110110001000000000011000001000000101010000000001010001000000100000011010100000010011010001000100000010000110000000100
00100011000000010001010100110100001100010010100000000000100010000010000010000010000100000011000100000010000010000010000101100000
00000010000010000000001000111001010001100010010001000000001010010000100011000000000000000000000000100010000000011000001001000000
10000000100000001010000000000000101000000100010000100000000000100000101000000000001000100101000000000110100100010010000000000010
11000010000000000001001000000100001001100010001110010101000100001000010100001010000010000001000011000011000000100100000010010000
10111111110110000000000000001000001100100001001001010101001101110010000000011011000000000110011010000100010100001010000101000001
10000000000100000000000100000100000000100010010001010000000011011000001000000010101001010101011000010000000000101000110010011000
00100001011000100000000000100000000110001000000101100010010000001000001000011000010010010100100000100000100100000100010010011001
10101001000011000000110000000110011000001010010100000010010001010000110001111000100011000110100100111000101000010000000110010000
01000000000000000101000000000011010011000000101001110100000100100000101010010000100001001000000010101100010000000000100001110100
00100100010010000101000000000010100100100100100000010000000000000000001111101000010000100110000000100100111000100001000100011000
00010011000100001010001001010010001000101100100010000100000010100100000001000101001000000100001100010100000000010000000100000010
10110001000000011000001000100011111001000000000001111001000000011010011000001100000000000000001000000100000000001000010000110011
01000100100010001000001001010000100010100000001000010100111110000000001010000010010000000000100110100100000010000001010000000000
00100000000000011100101100110000111001000000011001010000000000100101101000010111010101001100010011100010001100000001100000100000
00100100000100100000010010100100000000000100100100001010000000000011110100010000000000110101000100100100000001100100000000000000
00011110010000000000010100101000100110100000011010001100001000100000000000011000100010010001000111000000000100000000000111010000
01001000001001100000000101010000000000100110001101101111001100101010101000000110000001000001110000000000000100000000100000000010
00001100110000100000010111000000000100010011101011100000010000001000100100000010000000110000001101000100010000001000000100110001
10011100010001000000100101100100011100010110001100000110101000001000100001010000000000000100000010100000001000100011010110000100
00100001100010000000001010000000001000000000001001000000010100100001000000000110001000000000011000000000011000110001000001000010
00000010011100001110000110100000101010100000000000000010110000000000110001010000000000000000000011000110001000001000000001110001
00000000000000001000000110100000000000000000001000101100011000100011000010001100000110000100000100100100000000001010000000100100
00011000100000100000000000000000000101100011000101000000001000011000001001001010000100000010000000011000010001000001001101000010
00000100001000000000000100100100011000000000100100000001001000000100011001000010000000000010101000100000010000010001000001000000
00000111010100011000001101000100010000000110010001001001000000000000000100010000100110100100010100100000000001000001000000000000
