00000100001001000000000010000000000100000100100011011101100001001000000000000000000001000001010101001010001000000001001000010010
10010000001101000000100111000111000001011001001000010101000010001000110000000010010000010000110000001100000000000101001001100010
00001000100100000100100100001100000010010000100000001001000000010011010000010101001000000100010000001010000100000101011010100000
11100000100101100000100100110000110010101001111000011100000000001000000100101000000001000000001100010000010000001001000000100100
00011001000010001010000100110001111000000000001000010001010001000010111001100000111010000010000001100011100010000101101100010000
01000000010000010000000000000000000001010101000010001000000011000000010110001000000000001010000010000010100000000100000000000110
00010100100010000000001100101000001000110000000001000000000100000001001000001110010110110000010000000001000100011100000000010010
00000001010000010000001000001101011100100000000000100010000010110001000011000001010000010000001010100110000010100010000100001001
00100010100010000000000000110100000010000011001011101000000000100010011001000000000000000100000000101011100000010001000001011110
00100110000000100000000000001000111000000100000000000010110010011000000000110101011000100000100010110001110000000000000010000010
00000000101100000000100100001000100100100000000010100100000000010110000000000000100000001001010000100010100011010000100010010110
10000000010100000000000000101111000000000000000101110001001000000001000000010010001001010000000000000000000000001000000100000010
10111010000000110110000100000001100001000000000001000110010000000100000110010001000010000010000100010001000000000000000000100011
00000000010100000101000001100011100011000110001111000001000000000011110000000000000010000001000100100000000000010011001100001110
00001101001000000001011000000000100110010001100000010000000000001000000000000101000000010010000010000100100100001100000000111000
00000100000000000101010100000000001000100000101001000000110000000000100000000011010111000001001000000011010010000010100000001000
00000001100000001101010101000000000011110100000110001011100001010010000101000000100010101100000010101011011110001000000000000000
00000011000101000010100000000000000000011000001000000100000110100011101000010000010000000000100110001101001000011000100000100101
01000000111000010000011010000000100000010011000000000011010100100001000000000100110000000011110100100010110000001011110000000000
00010110010000000000100010001101000001010100000000100010010110100110010001000011000000000000011100000010001010000110111100000110
10110110001000000000000010100011001010010000010000000111000010000010000000101000001000000100000000111000101001100000110100000010
00000011011000111010001101011110000001100001011000100010000000001110100010010000000100111000011100000010000000000001000010100010
00100000000000100001101010100010000011000001010000000011001000001001000000000011010000001000001000101001110000011100000110001001
10000001110000000010110000000000110000010000000110000000000000110000000000000000100010010001010000010000100000000000100000001011
00000100001000000101110000100000000000000011000100110101100000101000010010010000010000000100000100010100011010000000010100000111
00100010000100000100000001001001010100101010000000000111111000101000011001000001000001010000000000010000101000100000001000000000
10001110010110000110110000000100011010100011000000100011000010110100000100000010000000000001001100011110000010000000001010000010
00001010000000011010001100110101000001101110000000100000000100100000000011000000010000100000000000000000001010000000000001000010
10010000100110001010000000000001000100000000000001110000000100010000010010100000000100000100000010000100010010001100000110000000
00010110010100001100000000110110000001010100001011000100000000100011000000001000100000000010100000010001000000000101100100011000
10010001000001100100001011000101000000000000111000100000011000000110010000000010000000000101000001000100010100001001001000101101
00110000000000100000110011110001000111011100000101001000000100000000000011000100001001000001011000010010000000000100000100001000
01000000000001100100000101111100000101110000101110100000000000010000010000110000000000100000000001001000000010110000000000011100
01000000000000001000111100010010100000000101010101000100000001000000100001000001000010000001000011000001001000100010010011111000
01000100000001000000000100000001000010010000101000010111100100000001010000000000010011100100110000000000001000001101000001000000
01001101011100000000101101000000101000000000110000000000100100010000100011100000110100001000011000000001100001010000010000010000
00000110001011000111001010001000101001001000011000100000000010000001011010000001001000100000010100010000000000000000000001001010
10111100011100001001101000000001010000000000100001001000000101000001010000101100111000100000100010100100001111000000010000001000
11010000000011000100000101000010000000000001011010001010100000000100000000100010001010100000000100100010010011000110000101000000
00010000000000010110111000000001001000001010000100000010000100000000100101001000001000100000000000000100100000001110010001000100
00100000000100001010000001000000100110000100010001000000001000000100000000110000101000110001100110010000000000011100000000100110
01011000100000110001100000100100000101100110000000000001001011000001000000000000000000000000000001001000011010000100000000100010
11000001001000100010001101010000010010000000000011000000010000000000000000011000100100010110000010110001000111100000000000101000
11010100010001011111111000000010000000000000001001000000000000000000001000100001000000000000110000000000000000111110001100110111
00010000100001100000001000000010000101000001011001000000011001000100001000000000110000000001001000010010011010100000000000010111
00101001110100000000000000001000010000100011100000000100000000100110100010100000101000000000011100011000000111000001100100000000
00001010100010000000101010010010100010001000011000000100000011010011100000000010001110100000101110100001000000000101000000000000
10000010011101010010001001010001011010101000010001010001001010100011001011000000001110010000000100000001100011100001000110000001
00100000000010110110000100000000000000000010001011100000100011010001011010000000100111011000000110000010000000000010110001000000
10000010110010001000101000000010001110010010000010101010010100000010001001000000010000000010101000010000110000100110001001001010
00000011000100110000000000000000111100000100100001000000000010001010010100100001000000000010000010001000000111000001100100100101
00100100010000001000000010000000100010000000000001000000010001000000100100111100010010000000100100000000011000100100000001110000
10010000000001100100010000010011101010001000010110000011000001000100000110000000001001000010100001000100000110010000010100000100
10101100000000100100000000000000001010000010010100110000110000000000001000000000101100101110011010000100010000010000000000101001
00010100101001100110100100000010110100011000100011100000000000000010100010000010010100000010110000000010011010000000000101101111
10010010000000000001101000100000010100010001001000000100100010000000000000011000010000100100100000010010101001100000000001100111
00000000000010000001101100000010001000000000000001110110000000000000011011001000101100011101001000111000001000000100000000000010
00001100010011100100000010100001110010000010000000000000000000100000001000001100011110000011010000000110001001000000100000000010
00000000010100101000000011010100000010000000010010001000000010100010001100011100011111010001100001001100111000011001000000010000
10010110001010101000001010000000000001000000000001110001001100000010011100000001010000001000000010100000001000010000100000010000
00000110100110100000111001000000000001010000000100011000011100010010100010000000000000010001000001110001000001101000100011111000
00000000010100000000001100011000011000101000010001000000100011001110000010010001000000100000000000001010000001000000010000100101
01000010111001001000100000000110000110000000000010010000000000000001000000001000010000100001000000100000000101100000001001111000
00100000011100100001000000110100000001001101001000111001000101100010000001000000001000100000001010010100111000000000000001000000
00001010010000011000000000000000000000000000010000110110000110000000101000000000000100000010000000000100000000001101100000110000
00000000000010100000011000000000001010000010001010110000000010000000100101100001000000000110101100001011100001001000000010000000
00100000010011100110000000001000011011010100000010000010010000010000101000010100111010010010011000000001010111010000000100000000
00011000000010010001000000001100010010010100101000000000000000111000000001000000000100011000110001010110001110110010100000010100
10010101001010010000000010000000000010001001000000000000100100000010001010010000000101100100001000000001100100000010000010100100
00000000101000000001000100000100100001000000000010010000001000001100000000000000011100000000010010000100100000000010101000010000
00001001000100100101100000000000110001110101110001100000000000100000011010001000101010101100010001010000010000000000001100100100
00000000100100000000001110100000010000001111001001010000000000001000001010011001100000000000011001000100011101000011000110100001
00000101001000000000100010000100011010000000010010000011011000010001000000000000001101100100010010000001110000001000001000000010
00011000000001000110110000001001101001001101001001000101000001000001001001111000010010001000000000010010010000010000100100000000
10111000010011010100001100000010110010000010100010010000000000000110001000000100110000011010001000100100010110001010100000100110
00001010010000010000010010000000010100000000000011110000000000010000001010000000000100000000000001000010000100000100010011101000
10011010001000010000010000001001000000000111000010110010000000000100100000010101100101100000000000010111101000000000000110001000
00010000000100000010001011001110000000100000000011000000000010111000000001011000000000110101011011000100010000100011000011000010
11001001000000000100000100011000100100010000000001010000001101000001001000010000000000000010000001000000000011100101001010100000
00100001001010100000011100010110000001001010010001000011010000000100001010000000000111000000001000011100001000000000010000001001
01000001000000000100100011100100001100011010100001001001000000001001101000000100000000000010001101001001000010110101100000100000
00010100000010101000011000000000000000000001000010000010000110000001000011000000010100000110100001000001000010000000100000001011
00010111100000011001000001000000001111100010010100100101001010000000000000000011100000000000001010111100000001000100000001000110
10000000000000001000010100000100001100101000000001000011110001100000010010000000000010000000000000110000010010110000000100000000
00000000010100001011000000111100000010001000000001001000000100100100100000000110100100000110100100001001000000010000000000100000
00010000000010010000011000000110100001100000000100111000011001000000000000000000010000000000001100101100000000100000000100000000
01100110010001101001001100000010000010000001010000100000110000010100100001011000010110011000000011101000110000000000001000000001
00000100000000000010001010100000000000001000000000001000100000000100100000000000000010000000101100001001001000010000000010100000
01000000000000000000001001001000000010101000010000000000000000000101110000101101001011110000010001000111000000100010100010111010
11000001000000101010000110010010000000010010010000100000000010000010000100001000000010000000000101100010101000001010000000001000
10011011000000010000100000000000000100000001100010001000000100010000000001010010111001000011010000000001100100000010000001000000
10100100100001000000110000000000000011000010100000000000100110001101001110100000000000100000000000011100011000100000001000001100
00110000111000100001001010101011000001000010011000000000010000010110101000010010000000000101000010100010100000100110001010001101
00001100001000010100000001010000010100000100000000111001010001101000010010100010010110000001000000100000100010001000001011000000
00000000000100000000011001001100100010000100100001000000000000100000000010001001001001000000000000101100001001000000000001001101
00100000010100000000000000110001000000011101000010000010000010100100000100000101101000000000000010110100000001101000010000000101
01001000100000100000000000000101000000001100010101000111000100011001000000110001011110010000100101000010111100000001110000110100
00000000010001000001100010101000100000110001011000110011000000110000000000111000000100110001000000110100000001111000010000000100
00000000000010000010010011010100100000110110000010001000011111100001011010000010000001101010101100000101110001000000010001000001
10010000110000010001000101100110010001010000000100000000000100000000001010000111100000010000101100000010000000101000001000011010
01001000100010000011110110010000000000101110000000000011000101000100000001100000000100100000110101010000000001010000100001100000
10010010000100001100000100001001001110111000010000000010110111100000000000000100100110000001100000001000000001100100001000001011
00000000000000001010110000001000100000100000100010001101000000000000000000110001010000001000001000010000000001000000100000000000
00000111100001101001000010000100000000001110000000000000101100000010100000010010000010101000000000000111000000110100010000010000
11010000000000001000000100000001110100010000011000000011100000000101101000010110100000010000101000000000000010011001000001001010
01000010001100101011000100010010001000010000000100001010000000000000000010000010010001100000010110001010000100000000011000001000
01000010110000011000110000110100100000000010000010000000011011010110000000010101010100000000000010000000110100000001001010010000
01000001010000100000000000000100000010000000000000000000100010000010100001001010000000000000110100101000000000000100101000011000
01000011000001101010100111000000101000101010000000010000100000110000001010100000000011010000111000010100000000010000000110000010
00011001000101011000010000000100000000010100000101001001010001000010000001110010001010001000000000001000001011011000001000011000
10010000000100100000010010000010000110001110010000000000001001000000000100000000100011011100011000000100100111010001100010000001
10000000000000000010101010100100100010010010110100111100000000110000100000100001001010010001001010001000000000001001010000000101
00000000110000110010001010001110001010000010000100000010100001000000011001000000010000010001110100100111001001000010010111101000
00010000010001000000000001010010000000101010000110000010010100010001010000000101000100000000000100010000000010101000001000101000
00000000000100111000001001100000000000000001010100110001011101010000011100000000000000111010100110000001101011010000000010000001
00000011100100010010000100000001100100110110010011000001000010100101011000000000110100010010001010010100000100000110000110000011
10000000100001001000001000010000010000001000100000100010001000000000010000100001001110101100010010000010101000100000010011001000
00001000000000110000001001101000000000010010000100011000010000101000000011100001010000000000000000001100010010100000000000000000
00001100100000000001000000010001000001011100000000010000100100000000000000100000001010110001000000110000001000000011011000110101
10000000000001100111010010001110000000001001001110010000010010000001010000101000000001110100010110000100010010010001000100001000
01000000100000011000000000000000101100100110000100000010000100000000011000111000010000000001000011000100000110000000011100001010
00000111000001000101000000000100010000000000000001001000001001001000000000000000000000000101011000000010000000000000000000111001
00010100010000111100001010100011000000000000110001000001000001000010000000100000010000000000111000111001101000001000000101010000
10000110101010001000000000001010001001010010000001001010000010000001000100111000010100000001010000001000000100010000100000000110
00000011000110110000110001100100001000001010001001000101100000100001001000010000001000100011101100010100000010010000100000101001
11110000000010010010001000001000000100000000000100000100001000001001101100010000111000000000100000110101000001000001110000000100
00001000000011000000000010100010000000100001010001000100000000000001000100001001000101000100010000011011101000110000011000001000
10001000000100100110000000000001011110001100000000000000001000100000000010000011110110100110000100010011000000010100110100011000
00000100100010100000000000100000000000001001000000000101001101000011100010000101000010000000100001000001000000001000000000110110
00000000000101100100000000100000111010010100000000000000000000001000000000111110000100100100000000010101001110010000011100000001
01000000010010000100110000100000000000000000000100010000000000010000001000001001000010100000010011000010100110100000010001100010
10000000010000000001000000001000000001000000000000101100000110000001000000010110000000010001000100000010011000110001110010000000
00001000010000100000000110010110100001001100011010011000001000000001000000000100000101000110100000000001000000101101011110001110
10100110000010010001100010000101010100100000100000100010110000000101010001000100100001100000000000000000100001000001110110100000
00010010100000000000010010000011001000000001000001101000100100010110000000000000100000001100100010100000010000011000001100000000
00000010100000100010010100000000110000001101000001001000000010010100100100000000000000010000100000000001000000010000000000010110
00011001100100010001001001001101000000001100101100000001000000110100000000001110011110001000000000001000011010000001100001000001
00000110011110101000010110000000100000000000011101000001001000000000000010010000011100101000010001001011000011100000100000000010
00100001110110001000001100000011011010011100000010000100001000010000011000000000001100000100000000010000000000001001010011011000
01010100110010000010000010000110000000011000000010000101001110101101010001001000100001000010001000001000100000100100010000011000
00000000000010000010010100100010000110101001100001100010001100000000000000110010000000000000010110011000001000101000010100000000
00111001010111000001000100100100000101001101010000000000100100000000100000001000000101110110110111100110001000100000100000100000
10000110010000000010000000110000001010000000000100110000100001101101100100000001000101000010010011000000000010110000000100000100
00000000100000100000010010000000010000110010000000000000011000001100010011100010000000000100100000001100001100111000001100100000
10111100010000101001001100000001011001110101001000001101000000101100010100000100010110011000000000000010000101010000100000001000
01000010001000101101001110001001001000000000000000100000001000011100100110000000000010000001100000010000000001001000000110001010
00001000010100000000101000000000001111000000010010000000000000010011100000000001100010001011101100000010011000000000000101000000
01010010001100000000111000000000000100000000010100111010010000000110101000101001100001000010101000000100000000100010000100000001
00010000011011000001000000000000001000101010110010011010010000000110000000010000000000010100010100001001101010010010001010000000
00010001000000000000000000100010010000000000000000110101000000000001100000000110000000100101000010000100001001010010000000100001
01111010000001000000000011100000010000000111000100001101001010100000001000000010000100001000001000001110100001000000001100011000
00100000000010000010100000001000011100110100101100010010110000010000000000001000100000001101000010000010100010000010000000010000
10100000101001000000000011100010111000001001000100100000001110000010110110000000000010000001101001100011000000110000000011000000
00000010010111000100010000000001000001110010101000000010001000000000000101000000101011001110001010011010101000000001100100100010
00000010000000001100010101100011100000010000101100001001000010010110001001000000001000010010111000100000010010000001110000011010
00000010010000100000101000101001000010000000010110000000101000010000000000000000000011000000010010010010010110000000001000000100
11000010000000110000000001001000100000100100010011101000000101010001100000000000000000000000100000010000000001000000000000100101
00000000011010100100000100000010001100011111000000101001000010010100000011010001011001000000000000010101010000100100001100100000
11001000010000100000010011110110010101000111100100000111101000000000100000000000100010000100001100000001100000011000110000001000
00010001000000101000000001010011110011000000000000101000110010010000001000100000000000010000010000000000111011011000000000000101
01000010000000100101001010011010010001000000101100011000000000000000010011100000000000001100100000000000010000001001000011001001
00000000110000000000100100001000000000010001000000000001000000100000001000000000100000010000110100000000000100000001000000000110
00010011000000100010001000101000000100010010000000000010110000001000000010010101000011100100010000000000000000000010010000000010
00100010010000001100000000001000000000100100010001000000001010100000000000010100000100001010100010001000110000100101110100100100
10000010001010010000001110000001011000010001000000010001100011001010011000000100000000000011000010000011000010000000110101000000
01000001000100001010001000000000001010000000001010001001000110001000000001001010000100100000010000100000010110000000000000000010
00000100010110011010010100000001010000000010100001000001000010011010010100000001000000110111000000000100000001000001000001010000
00001000011000001000000010100001000000110010000010000010000101000100110000000000010100010000101100000001100000001100001000010110
01100000100100010101110000100101000000000100011100101010100000100000110001100000101001100001101001000000000010100010010110001000
00010000101010110001111000000110000000010000000100010101001000010000001000100101000000001101000000000010101000100000000000001101
00000010100011000000001010000000000000100000001100100000001110000100001100000001110100000000000000000000000001001110000001000001
01000000011011001000000001110000000000000000010010110100000010010000110000110000001000000010010000100110000001000000001010100100
00000000000000100000011110001000000000010000000000000100010001000101001000100100011010000000000011001000000001000000000010101100
10000100000011000000001001010000111000100111001000000000000011100000010110000000000000010000000000000100100000100100001000000100
00001000000101100000000011001000000001100001011000000001010001000001000000001110000000001001000100001010100010001000000000010011
10010000000011000000010100100000000011000000000011000111111100001100000000100000010101001100100000000001000100010000110000001000
01001100000000000100001000000000000000000000100100000000000000000001000001000000100000000000100110100000001000110000001101001010
00000100000000000000000000000100110100101011100001101000000011010000000000000000110000110011001010010000000001001001000000010010
10000011011010000110000000011000010000110100010000000000000010000110100110011000010000100101000000000010000100010100100110000101
01010010010100001000010001101000000010000000000000100000010000001101100100100101001000000101000010000001010111000000000010000000
00001000001011000001010000010000001000000010010110000000100001001100000001000001110001010010010000000000101000011100010100000010
00100000000000011110001010000100001110001100100100000000010011001000100000001010000000000001000100000000000000101000000110101000
11001011000000101000001000010100000001000000000001101000000101000110011001001000000000100000110000100101100000010010110000000000
01000000001100011000100010000000100100010100001110000000011001001000101100110000000010100100000000001000000101111010001000000011
11000000110101010010110011000000000010000011000000100010000001000010000010000000011000011110000000010011001001000000000000111000
00100000100010000000000000001010000001000000010000000010111001001000010101001010100101000000010111000011000100100000010010101000
01000010100000000011110000000011000110110100000000100000001000000101001000000001101000000100000100000000011010001000000000001011
00000001001001100000011001001111100110000010100010001000000010000001110001000001000010000010100001111000100101100000001100011000
10001001000000000100110000010000011001101000010011001010111110100000001000110110010000101000100010001001110011100000000000000000
10010000101000000100000010000000000000001000001100000000000010100100100100000000001100100010001000010101000010010000000000100000
00100010010010101001001000001000001000100100101000100101100000000100101100000001100010000011110000000101000001000010011000001010
01011000000100001100000101000010000010011110110001100000101001000100000000000010000011010100000100011000000010001001000010010000
00000100010101000000001010000000000000100000000010100000010000101010100000011011110000001000001001000000000000100000010101100100
00110000000000110001001000000101001001000100001001110000000000000101000000010110100000000000100000101000000000000100011000000000
10100000001010001100010100000011000000010011010000000000100100000001000101101000000000000010000000010000001001000100000001000010
00000110100100000001010001011010001000100010000001010000100010000000010000011000000000001100000001100000010011100101001010001110
10000001100001001010001000010000100010101000100011100000100100000010001110001000000111101000000000101000001000011001000000100001
00000000000000000000010000110001000000010000101011011000000100010000110001010101111111010001000001010001000000000000000000010010
00100011000100010000001001011000001011001100000010000100000000000000000000111001010100001010111010100001001111000101000111100000
10010011000000110000000001000000100000100010010010011110010010001100100100001100110000101000111101001000101000000000001011111101
00000100001001101000000000001110000000010100010000000100110000010010000001010110000000000001010010011001001000000000000100000100
10100011100010001000100100001100011001001000100001100101100000000000100110001000010011001010100010000000001000101000000101100000
00010000010100001001000010110101001000000001000000111010001000100011000110000000000000001010100011000011000100100100010000110000
00000000001100000010011100010000000100101110000000010100010100010110110001100010001010000001000000000100011001000001000001000100
00010000000011001000011100000000000000011100000000011000000100100100010001000100000000000001000010000001000010101001100011000000
00100000011010000010001000000100000000000001000000010010100011000000100001000000000000000001000001010010010001110000000000000000
01000001001001101010000010011000010100000011000000000000100100001100100010001001000000011000001101000101100010001000000000000000
10100001010010010001100000000000100011000000010100110000000000001011100000100000010000000000000101000000010001000001010000000010
01001000100101000110100011100000010000010000000001001010000011000101000001010011000100000000000101001110000100000001000100000110
00000000100100000110011000000000001000000000000000011000000011111001000000000000001100000000100010010011001000010011000000010010
00001000010100010000100010000000001000101001000100011100010000110011100000101100110001010100000000100101000110100001011000001010
01000010010010010000111000000000000001110000000100010000011101001010110000000100000110100010101000010000010010100001001000111010
00010000101001001010010000000001001000101000000001110010101100110000000010010000100000111001101000100100000001000101100000000010
00000000010100011001101100000000000000010000001000100100100000110000100110011000000000001001000010000000000011000001010001100110
00010100100000010000011100001001000010111011100111000010000001110110110000100000100000000000000000010000000000101100100000000000
10000100101001001011000011001100000011000101001101001110100010001110000100000001100000100000011000000100000000000010011010000000
01000001010000011000010000100100010000110110100100000101000000110000001100010000000000100000100110100101100001111000011100101110
00000000000100100000000001000100000100010000001110100011010010010000000101000100000000100010000000001010000000011001000001100000
00010010001100101000001010011000001010100010000001000011000000000010100001000011000010000010100000001010001000000000011000010001
00100101000000100101010001011100100100010010000000000000001000001000000100000110011001000001010100000100000010000011000000001100
00011100000000001000110100010000011000001000000001110100000010100100000010000100100000000010001000100000000001100000000000000101
00111000000000001101001001001001010000000100000100000010000000001100000001000000000010010100001000000000000001011000001000000000
10000000000010011110100000001010000000001100000000100000000100000000100001011001011100000000000000010001001000000000100000110001
11100000000000000000100000000011000000000100000100011101101000001100000000001001000000000000001010000001000011010010001000001100
10101000010000001101001010010010000010001000001000000001000011000001011000000000010000101001000000000101000000100100000001000001
10000110010111001000000000000000010100000000100101010100000100001000010000100011001100001000010100010101000100110001000000100100
01010000000001100100100000011000000010100000100000010000100000000000000000110000011000000000100000000010101001000110010000101111
00101011010000001000000000000000000000111000000000100000010000000110001110110110010000001100000001000000101010100010011001000000
00000001011001000100011001001000000000011001101000000100011100011100101000000000000000001110001000101001000000000001010100000010
00000110110000110101000000010000000010000000011010100001000000000000010000100001000110110000000100110001000110001001000000000000
10000010001001000001110000000111000110000110000000000000001101010001001101100000001000001001100000010010000001000000001000000000
00000100100110011011100010010000000000000100000000100010001100110000100010010011010000000000100100000010110100000011001101000100
10010100001000000101010000000000000000000110000001101010111000001001001100000010000100100000000000010101010100001100000000100000
00000000100000000000100010010000100001001100101000000010010101000010000100000000010000000101010000000001101000100000101000111000
00000010001001000100110000100111000000000000010010000000010000000000000000010000010100100000010000010000101010001011001000100010
00110011000110000001010010110010001000100000000000000100100100011000100000000000000100011000000000000010100010000010001010000000
10010000000000000000001101001000000000000110110100010101011001000110001001001100000000000001000000000001110000100110000010000100
00001110010000000000000000100010101000000010001001000100010100000101001000001000000010001000110101100000001010000000100010100000
10000101001000000010000000100000010110000100001010001000000000100010100100010000000011001100000101111000100010000100100101011000
00010000100010000000000101000101010100000000000010100000011011010100110000001011010011000000001000010000000001000010001010000000
00000000011101101000001010000100000010000000000000000000111010000010100010001000111100000000000101010010000000001010100101000001
00000100001000001011101110101100001011001011000100100101000000001000000000011000110000000000000000000000010001000000000000000101
00100100100000010010000100000010111010010100000000000100000101000010001000000000000010000000010100001001000101000100100010001110
00001000000100001000001010000001000110010000000001000100011000101010000000001001000100000010100100000000000010001000010000001100
01000010000000000000011001000000000100010110011001100000010001000010100100101001010000010000011000001000000000000000000001001110
00110000001010000000100110000011000010101011010010000001000000011000000000000000000100000011100000000001011010011000110010000001
01100000000000000000001100100010001100000001100000001100000001010010001001001010000000100100000000000000100000010000001000100101
00000000001001001011000001100000100010000000111000000010100000100100000100000000100001100011010100001000111000000010100101000110
10000011000000000010100100010100011010110111001001000110000100000111000001011010100001101011001100000100000001001110111100000000
11100000000100000000000000000010001000100001010000001000000000000000000000010000000010110101100100010000000110000000110001000000
10000010001001110000010100100101110000000000011000100100000100001111100000000001000000010000110110110000101100001100000100001000
00000000100011010110000000100000000000000010000010100100001001000000110000010100000000001010100100101011000000000001111000000001
01011000101100010010000000000000001001101110000011000010010010010000010110011001000100011000000100010000111000000101000010000001
00010000010010000000100000010010100000100000000000100100010100001010000011000000000000100011010100000000000010100000000001101000
00110001000000001000010110001000101001000000010000001010111100000000000000011000000011001000001000000110010000000000010000011000
01000000000100001001101000001100000001000100001000110010010011000110000100001000000000000100000000000010100010000010010100000001
01011101100000001110001111010000100000000000001000011101010000010000100010000000001100000001010001001000001000000011010011010101
00010011000100000000001010011000000100000001100001001000010010101101100011000010000000000000000100000000001100000001000001000001
11010110100100100110000010010000000100001100010000000000000011010000001100100001000111100111100001000001000000100000011000000011
00101000010000000100001000000000000101010110001110001000000000100000001100010000110011000000110011000001100110001000100000010000
00001000000000001011000000010001100001010000100101000101000000110001010000000000110001100100110001100100010000011000000100010100
00000001100100000101000000010000000011001000000000000010101000110000000011000011001000000001000110010011000010000000000001000100
00000000000000000011000010000001000001101100100000000001000100000100000000010110100011000000000110000000100010000000010101000000
00100000101000001101100001000000001000000001000010010000100001000000100011000001110000000000000001010000001010000010011000100100
11000000001010100000000001000000010000000000010000000111000000000000110000000100111000110000001000000000000000001000000001000001
10000000001111000110010001000000100000000000000000100001010100000010010110000010000100000000000010000001100000000110100000001001
00001010010000000000000010110000001000111010101010101010000000110010000010000100100111000001000000001001000010000001100001001010
01000000100100100010100000000000001001100010010010001100100011110000100101000000000001000101000000000100000100000101100101000001
01000001100010110101000011000000010000000111010110000001100100110000000001011011000010100100000111100100000000000010000000001001
11101000110010000001001100000110010110111001001000000000100000001000000000001000110100100100100001000001010011001001110000111100
00000100110100000000010010010000100001000000000001010100000000000001000100100010000000000011011000000111010000000110011000100101
01101000000000100010000000000100100000110001000010000100010000010111100000000110010110100100000001000101010101000001000100100000
01000101100001100010100000000000000010000000000110000000101000100000001100000000000000010000101100010010000000000100000000101100
10000001000001000001011010100000000000000000010000100000100100010000100000001110000000000000000111010100000110000001100000000000
10000100000001000100100010000001001001000010000100100100100001001101000010100001010000000000010100100001010001000000000000001010
00000000001100000010000000000001000000001001010000000000001000000000000100010000010100001010000100100010000000000000000110000011
01010000000110011100100000000001000100000000010000100000010000000011000001000100001000001000000010000100000011000001101001000100
00000000000111100101011000000000000101000001110000010010001100101001010000011000010100010000000100000000000010101100110000011100
00000001010101010010000001110111100000100000000100100100000010000000101010000000010001011001010000010000000000001010110000101011
01000100000000010000000000011001010010100000000010100110011111100001101110010000010000010000000000010000011100110011110000010101
01000011110001000000111001010000000011100000101100000000000000100000000100000100000000001001000110100000000100000000001010010000
00100010100000011000000001000000100000101110000000000100100000000000001100000010010100001100100000000000000001000000010011000001
01000000001100010000100000000010000000000101001000000000010000000001000000111001010000001000101100110100110100100000101000000010
10100001010001100100000110110000001000010000111110000000000100000101110001000000100000000100010100000000100000010010100111101001
00000010100000000000000000000001000101010011101011100001000000001100000000000110010000010000000100000001110011000010000100001000
00100011001000011100000010000000010010011000100001001000000010001110100000001000010000100001000000000000110000010101000000000001
00000110000000011000110000000000001000010110101000011011000100100110100000001000100100111001000010000010100100001100000011010001
00011010000100001111111000000000001010000000000010010000000001000000000100000010010000100001100000011000001010000000110100001000
11000000001010000010011100100000000001010010000110011000000101100110100000010010000101000010000000011010001000000000010001011000
01100000000001000111100010001101000001100000000100000000011100001000001001000100000011000001101000001000001000000000011101000110
00101100100000100111000001000000011010010000001010100000100000001001000100000010000000000001000001010000000001111000100000001001
10000000010001010000101000011110000000101000000000001000000110010010000100000010011000000000100001010101001000011001100010000100
00011000100010010011001000110000000000000110000010100010000010000000000010000010010000001001100000000001000101000000000010101001
01000000001010001001000000110100010110001000001110110000100000101010000010001000000100010000111100110100001000000000001010000010
01100011000000000010100001000000001001000000000011100000000001000100000000010000000101100110000000000000111001011000100000101010
11000101000010000001000101010000000000000001100010000001001000000010001001110000000100001000100010001000010000000000110000100000
10010000101000011001000100001000000001000000000000100000001000011000110000000000000000000011001001100000001100000001101000000101
11000000100000001100000110000010000010001000010000000000110001000000101100011101110001100100110001000100000000011100000000100100
10110000011010000010110100001000110000000000000001001011101000000001000000001000001001011000101001000000101011100000100001000000
00101001000111001000000000000000110000100010001001001001000101010000000000010010100010001000001100010000000011100000101000011010
00111100001000000001000011001000100000001000001000000000000000000100000000001100000000000011001000000010001100010101000000010111
00010100000000100000010000000001000001000011000001010000101010001001000000110000101001001100100001010000000010000010011001001000
00011100100100000000010011010000010000010000011001001000110000010000000000101000010001000110000100010100101000001001001001001100
01001000010101000101011110001000010001100000100000101000000000000101111000010000000000000001111000010010110010001100100101000000
00100101110011000001010000010010000000101001100110000001000010010000110000000010000001100010010000000001000100010010011100100000
00001001010000000111000101000000100000010100000101100000100101001000001000100010000100010100100100000110001000000000000000000000
01000100001100011000000110001000100001000000001010000000101000001100000010101110001010000000000001000001000110011000010010000000
00000001001001101100110000000000000001000000000010000000000001001001000000000010000000010010001100100001001100010010010000000101
10110000010010000110100001000010100001100000001000100001000000010010001000001010000000111000100010000010100001111000000010001011
00000100000001000010000001000010001010000111011000001000100110000010011000100000001100000100000100000001000000001000100000110001
11000000100000101100100100100000000010000010001000000000110000011100100000000001000000000111101011100100100000001000100000001000
10101000000011010100000010001011010000000100000001000000010010000000001110001000000000000110100000000101000100100100000101000000
10000000000010001000000100011010100100001110001000000001010000100100001100000000001000001100000001101001000010001101001000001001
00000000000110000100000001001100011000000000000000010000000001100100000001100001000001100110111000000010000000000000000010110000
00010000000001100000100000000100000000000000010000110100001000000001000000100100000100010001100110101000100000000000100001000010
00010001000011000000010010000000000001000001100100100001000010010111000000000000000000101001111000001001001101000011000111010100
10100000110011001000010000000001101001000110100000000110110000000001100010100000001100100100000001100010000000000000110010000011
10100000010101000000000001000010000100100000000100011000010100000101000001000000000100000101000000011000000000000100000000001010
00010001110000100110000000000100001000110001001000000000010101001000100100000101000100011100111000010101010001000000000111011000
11110000100000110000100000011010101000001000000001101000000001000110000100000000010000101010110011010000000001000100000000010100
00000100000000001001000101011100001100010000100000100110000000100001010010000100000000000001000000001100100100000000000000000000
00000100000010100011000000000110100000000001011110110100001011000000011001010000010000000000000101101101010101110010000111010100
00000011000000001010000000000101000000010100000110000101100000010110000000010001000100000000111000100000000000010000010000000000
00010001000000110100000011001101000010000000001001000100000000000001100000001000010000111000010011000000000000000100100001011011
00000101000001000001000010010100000010000100000000100000011000010111111111000100100010100001100000000100000000010010000100001000
00000010000100100000011100101000000010010101101010001000100000000101100110010000100010000010000000001001011100001000100010000000
00000000000000000100100001011000111010000000011011000100010000101001011001100011000010010110000010000000000001100111000000000010
11101000000000000001000000001000000100000010001010110010010100000000101001011110101010101101000111111001000000000000000001001001
00000000001001110111000000000001111000001101100000000111001110011000100001001010000100000100000010010010101101101000001011100000
11100010000110010100010000000000001100001000110000000000011100000000010100100000010000000010010100001000000001000100101000110011
10001000100100000100100010000100000010001110111101000011000001000000001100000100101001000000000011000101010000101010000011010100
00010000000101000101100000001100100000000111000100110000011010010000010010101001100000000000000100001000100000000100000101000001
00100000001000010110001000100100000000001000000110000000101110100001010100100000111000100000100110000001000100000000000000000010
00000010101000000001010000000010101000100000000101010000100000100010100000010000010010000001100000110000000011100000010101100000
00110000000000010101000000010000100010100000001110001100001000100001000001000001000001000001001001000101000101000001000000000010
11000000000010001010011101101101011000100000100010001000100100100000001110000001000010000000000000100001001000100000010000000001
01101000001000010000100100001000100000000000000100000011000100000000010000100100001000010010011000100000010010010001000101001001
01001010000110000000100100100000000000010011001101000011000110000110010000010001000010001010010100000110000000000001000000011010
11000000000110101000000100101101011000000010000000000001000000100010000000010001000100001101010001000010000000001100001100101110
00101000000000101000100110010110000001001110000011100100001010010010000011100000100000000000000000100011100001000011001010100000
00001100011001001000000000000100100100010101001010000000000000100010010110000000000000000100001010100000011011000000001101111000
00000011011001100000011000100101000100000000010000110000011000010000111000100011110000100110010100000001011000000000011001000101
00100100100010010000010010001011000010000000100010000000001100000000101100000010000100011011100000010100001010001001111100010100
01100001010100000000000000110000011010011011101100000101000000000000000001000010001010000110110000000000111010000000000110000001
00001011101000010001000010001101100000111001111110000001100100100000001000000000000011001100000010000000010000000100001100000000
01101000110101110100001010010000000001000010000000001000100000010010000000011010101000101000000011110001101011101000110010000000
00000000000100000100010010100011000000010000010000010000011100100000000100001000010010000000000011000000000010001101100110110000
10001000010001000101000000000000010101000000100010000100000010100000100110010000001001001001101000000010001000010000100011000000
10101000110101111000000000000000000110000000110101100000010001000000100010011010100000001000101000011101000000000010000011111010
00010101100011000100010000101000010000000010000010001000011100000100110011000110100100010010000100110001000000000010000110100000
00000000100100000101010001001001000000000000000000100100000010001011000000000100000110010000000010001000000100000000001000010000
00000100000001011000110000001000011000000100000000000010000000000001000100000000000000111000000000111001000010011100000000000000
00111111100001100100010100000001010001100100001000000011000010000000000101100000000000110000001000010000010000011011110000101000
00000100010000000000000000011000001011011001001000110000010000000000001100000100001010101011100100100000100100000000001000000010
00000101100100010001000010000011000101101000000000000110100101001001000001000000000010000000000000100100000100001110100100001100
01000000100100000000000001101001010000101000000000100000001011110000010100000000000101100110011100000101000101000000000001110000
00110010010001000000110100000000111011100001000000010100101000000100000000010100000001110011100010000111000100000000100001000000
01000000010000000000010000010101000000101110010001000110001101000000000001000100000010000000011101000001000000110010000000110100
11101000001100000010100000100000100001010000000101100101010001001010000101000111000000001000000000001000000000001010100000000010
00000001001000100000100101110000000110000010011000000010010000011101010000100100000100000000011011000001000000000100100100000000
00100010100001100000100001100000110010000100100100101000100000000000000010100000001101000011001000100000000000110000000000011000
11100000100010000001001111000100000100000000000000001000000000000100010100010000000000010110100010110001001000000000000110100000
00000000010000100000001000001000010000110100000000011100001100100001001000000000000001110011001010100000000001000000010110010000
01000000100000000000010010000100001000100011000000000000000000000000100010000000010000010000010001000011010000000001100111010110
00000000111000000011001110010001010000011000000000000000001001000010100001010001000010000000100000100000010100000000001010000000
01000101000100000010011000010000100010110000110000010111000001000010000100000100100101000001000000000100000100000101000010010010
00000010000010110110001000010000001100100000110001000000001000000100000000000000100010100110101110001000100000000011001000000000
00001000010101100000010000000100010000001000000000010001000011101000000000000011000010010001000000010010101000010000101000000001
00100000100001010000010110100100010000010100000000110000000000100001100000001010010110001000100110100001000100001101010100000010
00001010110000100110010000011000000010011100110101010010000010001110000100001000010100011001000000100010100000010000001001000100
10000010000000100010000000011000000010100010100100000100100000101110000100100100000000101001110000010010100000000001011101100000
00000010000101100110010001110000011000100000000010000001101101000101110100010010000001011001000011010100100000000000000000000001
01001000100010000100010100001101000001001000000000001101110011000110000001010101000000001001000010000110010100100010011010011110
00010000000000100001110000000011001000010100101011000000000010100011001001010100000000010000000000001000000100000100000100000000
01001000001000000100001010101010100100000000101000000001011001010001000010100000000100000001010100000000000010111000000011100010
00000000010000100010010000000100110110010110010000000010001000001000000000100000100000010000101111000000100011000100011000110001
01000110010000000000010000000000000000010101010110000000000000001000010011001000101101000000000000001101101000101000100000000100
00010101000110000000000010100111110010001010000000001000010000000000110000011000100000000010000000100101000000000010000000001110
01000000010100100000100000011100000010010001100110100000100100000001000010011111000010010011000011001110110101010000000100010001
10100000000100000011010011011100000010000000000100000000100010000100001000000000010001101100010111000100000000010100010000000001
01000000000010000000000100000000000100010001101000000000110001011100111000000000000010000000010011000000000010010010000000000000
01000010100101100000101001000000101001010101000000011010000010100010110010110000000101101000010001000100000000000000000000101001
00000101001001001000110001101100010110000000010100000100000001011000101000000001000101110001010000001010100001011000000000011010
00000100001011010100010100100100010111010001001010100101000000001000010100001010000110010101001101001001000100101011010010000100
00001100010101011001000100000000000010010100100101000110001001000100010000000000000100010000001011010100011101001000000000001000
00000001011010000000001110010000101100010000010101001000100010010010010000000100000000000000000000001010011100000100000011010100
10001000000001001000001000011000010000001000000011000001101010011001100000000010000010100010110010010000000000000000000000001001
01010110100000000000000000100000010001000000000001100001000000100010000000000010111100010100000000000000000010001111100000110001
00011000000000000100000001100000000011000000000110100100000000000001001001001010000110100000000000000001001000010010000001100100
00001000010000000001000001000100000110111100101000000000100000000100000010100000000000010101000000010000000000001000001010110000
00010000100000000000010100001010000000100010000100110001100101010000000000010100010000001000000000001100010100110000000000001100
01010100000010000010001110111101000000010001000000000010001000100010110001000000001101000010000100000010100100010000001110010101
10000001100010000010000010000001000000110000000000101000000001110011111000000011110000100100010000100100000111011100000110000010
00000010001001100001000010001000000001010000001100000001101001000100001000101000000100110111000001000000100110101100100100001010
00000010000101000010010101100100001101100000010000000010000000001000101000110000000010011101101000000000100000000100000010100100
00010100101100000001000011001011001000000000110010010100001101000100100011000010000100000111000100010000000010001100100011000000
01000110100010001100100000001000100000000000000001000101000100011000000100010000000001101100010000001010000010100000000100100011
00000000101001100100001100001010100001000000110000000000000010000100001100000000001000101000100000011000010000000000000000010010
00001111100000100000000010000000100000000011000010010000101010100001000001000000100001100001000101000011010100100010000000101000
00000100001000010000111100001000010000010100001110000000000000001001010010001011101101101001010000100110000000000100000000110001
01010000000010000110000011000010000000000100000000001010011101000000000000101000101010000011100100000100011000000000010110001001
00010010101100001000010000000010000000000110100010000100000010110100100010010000000100010010000101010110000000001000010000000000
00010000010000000000000000110000011000000000110010010010001000000000011100000000010000100011101000010100010001000010000100001010
10000100010010010000010000010100001000001000000000000000000010101000100000001011000100000000010010010000001001001000010001001000
10001000010000000010000000100000100000001011000100000000100000001000010010000000010000000000000100000000000011100000000000100000
10000000000010000000001000000100001000000000101000000100000101000000001000001010011101010000000100000000000001011010000000000100
10000000101000000110000110010110110000000101101010001000110000010001010100010101000000000001100010000010001010010010100001000001
00001001000100000100100000110101000010000000001000000000100101000000001101001000100000001000010000000100011000010000000010000000
10000010010010000100010101010000000101000110001101000000010000001001101010000100000000100010000000001001001001101000010000000011
01000000001000000011101001000000100100011110000000001000100000100000010010110001000000000100011000101001000010000011000010000000
00011010100000101001001000000001100000001010010000010000000000001100000001100010111000110000100101000000000010110001001100000000
10101000001000011000011111010001010011000001000010000111010000001001000000000000000000000001111001001010000000001000010111000100
11000101000011011000000010001000000001010000000000100100101110000000000100000010010010000100000000100101010000000001000100000000
00000000010000000100100000000101100000011010011101001100000000010010001000100000010000100010001010000001010001000100011010001000
00010001000001000101000000000011010110100001000011001000101000000101100011101000000011011110000000110001010001001010000001000000
00001001110000001100100000100001001000010000000000001110001000100000010001011100010101000000000010000110001111000000000100011000
00000101000000000010011101010000101010110001000001000010001010000010000000000001101000000010100001000010100001001000110100000000
01011000001000010010010000110010100110011010010110000100000000010010100100101000001010000110001101000000001000110101011111110010
10110000001000000010011000000100000000100001000000001010000000000000111000001011001000100001101000000000000001000100000000100000
00000000000010000010000100001000000000000000001100001000000000001000000000000000110000010010100000000000010101100100000000111000
00010000101101100100001000000000000000000000000000101100011000001101000101000000010000001010100000100000000000010101000010001010
01000000011001000010100100000000000100101011001001100010000010111101011100110000001101010100100001100010100001000001000000001001
00000100101110101101000010101000000010000000000000000101000110111101111000000010100100100000000000010000100010010011000001000001
01001000100001000000000000101001010000001100001001100000001010010000000010000000000100000001100110010010000010001000100000000000
10100010001000010000100100110110101000001010010100000000000110010000010000000000000000000010100010000011101000000101000100101000
10100100110001100000000000000001000000000000100000000000000100001001101100011000010001110011001100001000000000000011000010010000
01110000000100001001001001111000000001000000000010001001110000000110001100110001000000000110100010010010011000000000001000000000
00000000000010000000111000000000000000000110000011001100110000001001000010000000001110001100000001000100001010110001000100000000
00010100000000010000100100110100100100100000001100000000000010000010000100100011000000100100000000001100000001000010001000011001
01000111000000000000000000000100011110011010011000000011100000100000010000100010100000000100101010000100000110000101000000001100
10000001101000001000000000101000010001010000001010000000010000100100010001000001000000000000000000100101010000001100010000000001
01001100010011000100111100000101100001001000101101000000000100010000100000000000000000000111000000010000010010100001100110000100
10011000100101100100000010010000100001000000001000000000000100011000000001000100010000010000000000000000100010010000000110110010
00000000110001110000001001001100100100101100000011100001010001000100100000001010101100110000000111100010000010000011100001100001
00010000010001100010000100100000010000000000010000011000000001100000000100010100000010001000010010000100101101000000000100000001
00000000000101010001000000000111000010000000001100000101000100101000010100100000000010000100100001100010100000000000000001001000
00001101000110100100000000000000000110001000011000000010111100010000111010000001000010110000100001000000010000100010001000001010
00000000000100100010011110101000000000110000000101000000000101000010100010001010001010000000010100000010000010000110010100000000
00001000001100001000000001000000000000000000001100000101000101100101000011001000000001000000001011010011001000110000001110010000
00000010011000000000010000100000100000000000000000000101000100000000001000000000000000101000001010001000110001011011000101100000
00101000000000001000100100001010110100011100101001001101001000010001001000101000000010010001011010110000001101100011100001001001
01001000001110010111001000000100000000000010000110000010000000110001000100001000000000001000010001010000100010000010000011010000
00000000110000010100000000000001010000000000100000000000000101000000100000000100010100010000010100000000001000000110100000001100
10010001001000000000000001011000001010010110001100000000010000000000010001011000010100100000010000000000000000000110101000000000
00000000010000010101000101110001010011100000000011000000010000000000011100000000101100000011001000001001000011011010000000111001
00110001010000000010001011010000000000000011010000110000000011011000111101000000000010000000000110010000000110110000100001000001
10001001100111100001100010000000100010100000000000010011001000101010011001001110101000010000001100001100100011001000000000100001
00000000010000000110001010000100110001100001000001000000011000000100000000000100000000100001100000000001000000000000001010000000
00000000000000011000010110011100001001101000100000000011100000010000000000010000100000010100100000100000010000000000001000000000
10000011011001000000000000000010001100000011001001100000010000001101000011110000011000100100010000100000001100001010101110001001
10001000000000001000010100000100000001000000010001000000001010000001000100010100001101100000100001001001010011010001011000000000
00010010100011101000010001000001001000000010010000000100000101001110000100101000100001010010010100000001001000110010000001100010
10000111111000110010001000100000000000001000100110000000011001000010000000010000010000000000001100000011000100100001010100101000
11000000000010000000001000000010011000100000100100010000001100110000010010001010100000100000001010000010010101010110001011001111
00000000100100010100101000100001000010000000100000001000010100101010100010000100000000101100011010000010001000000001001001010000
01000100100000000100010100010100000001000010010000101111100000000010010001100000100000100000001100000001110100000101001000000011
10110100010100010001001100010110001000111000001000100010000011000100000000010011110000010010000000000100000001010001000000110010
10000100001001000000010000010000000100000000001100000000111001110100010000000001000000001000011000100000100000000000100001000001
01000010101000000000011000001111010010100001000100000001100000100010000100100100000100000001011100000000000000010101010000100001
01001000111100000010000001010010000110010010100100010100000000001001000110000000011000011000010000000000010000010010010000010111
00101101011001000001101100010101110010000000001000010000010000010001101101001000001000000100000000000010010000011100010010001000
10001000110010000000100110000000010000011000110101110000101011001010000111010000110100000000000010000000101000100100001011000100
00000011100011011001000111110000101000000010100000000000110000010100110000110000101001011000001001000100100000000010000010110011
00000100100100000000010001110100110111001001001000000100000100000000000100000000001000010001001100010010000000000110000000000001
00100000011101001000010000000000001101000000000010100100100010001010000100011000000010000000000010000001000000100000000000000100
10001101000001011000010001000000010001100000001001100000110000100110001000000001001000000000100000000000000000001110000000001000
00000000000001010001100000010000000000000010010001001010000010000000001011111110001101000010000010001000010010000000000000011000
10010001010000011011000000011000101001001000000000001010110000000001001101000000100000000000001000010010001010001010000001000010
00000100000100110001000000000010000110011100000010001110001000100010000010000010100000010001010001010000010000100000000000000010
01000110101000010001001000100100000000011100010000000000111010000000000011000110000011000000000010000100010100000000000000000100
10001000001000110001000000000010010001001000110010000000000000001001000000101000001100000000001100010000001001000010000000100001
00001001010011000000011000000001100000001101000001000000000000000000000000000000010011000110101000101001000101000001000000001000
00100000001000011000011100001001000000110010100010100010010000010010000000010001001000101100000010101010100010001000110010001001
10000000010110001010000101010000100000010000011010000000100110010000100001110000100000101011000100010100000001001000100000000010
11100000001111010000010000000001100000000000100000000000101001000000001000001001100110000001000101010000000000100010011100001100
01100010001000011001101101000000100000000100000001000110000101010000010000001001101001000001000100100000000000001000100000010000
00001000100010001000001000000001100010001000000001010010100000000001000000000000000000001000010000001000010000000000001010000000
10100000100000101101000000000010000000101010000101111001000101001000000000000000101111001011001110000000000001000100100000100001
00001101000100001000000001010100011101010001101001000000000011001000001000000101000100100000000100000001000010101000000010110100
00100000000011110010100000001110000010000110000100001000000001000101100001000001000100000010111000100101011000000100000001000000
00010000101000000000100010100110011001100000000110000000010001100000010000100100011000000011100000000000001010000000001010010000
00000110000011001001010001000000011101110010001000110101000010110000000000001000000000110000000000001000000010100000011000001000
00000000010001000000100001000100000000100000000010010100000000001100010000000000000100101110010000010000011110000010000000000001
01110010000111100000001110000100110011000001000101011100101000010100100110100001100001001100000010010001000000000001001001100101
00000011000001000111100001001110010000100010010000100000010010000000001000001001001000000000000010010110000000100010000111001010
00100001000000000000001000100001001100001000000010010000000000001001111011000001100100000000010001101011010100000110000110000000
10000100000000000101000000001010000000000010110010000001100010000000100000000000010001101000100101000110100000010000100011100000
00000000001100100001001100000101001100010010000000101001000000000000011000000011010001101010000011000010010000100100010100100101
10100000110000000000000100100100101110000100000000000000000111110000100001100000010010100100000011100100011100100000001010010000
00000000000000010010101100000010110000000000000110000000011000000010010001001001000000010100010000010000000001000001000000000000
01010100000100100100100101010000000111000000000100000001100010000000101010000001101000001100000000000101000000000101001000100001
00011011000010100100100001001100110100000110101000000110001000100001010000010010000000000110101000010100010001100000101010000100
00010010111001010000010100001000000000000000000000010001000010000001000000100110100010010010010000000000101000000000001001001010
10000000001011101000001010000110100001000100000000101000111000001000000000000001001001010100110001110000010001000011010010000010
10000001101000011000000100111110001001000000000000111101000100000000000010001100000100100000100001000000000000000100100110010111
10000100000011101000010000011000100001000000000100000100111001100001001000001010000001100010000000011001010110010000000011000000
00010000100110000000010000001000011000001000000100010010101101010001101000000011010000000000010000001000000100001000000010000000
11010100010100010000101000011000010000000001000001001010100110000100100000100000001001000000100100000010100001001001000000000000
10010000100000110000000000000000000000100000011010110001000010100100000000100001100000011010110000011001100001110110000100010100
00000000000010010010001101001000100000101000000001010010000000010000000010001000100010011000000000001000000010100000111001110000
10000000001110000001111000000101001010000000000010100101111001000010110000000000010000100000001000000000100000110000100010001101
00100000001010000110001100011110001010010000000110000110100000001001010100000000001010001010001110000000000100000000001000100100
01001001000010010000100010000000010100001111000010100010000010011001001000000100010001000010001110110010010000000001000001100000
10100001111000010001000001001100010000000000100000000010000000100101010001000010001000001001001010110100100101010000001101011001
00010000100000000100010010100000000001000000001000000000100100100000110000110000000000001000000010001011000001100100100000010000
10110100101001001001000000011010000001010010000110010001000001001001100001010000010000001000000000001010001000001000000111000010
01000011000010100000000001001001000100110110010001000010101001001011010010100001011100000000101000000010100001000010001010110100
10000100001000000001010110001000000010001000000000100110000000000000010101000000001010010000100000000001011000010000010000000000
01001000000110000000010000011011010000001000111001000110000000000011010010000000000001000001000010000000000000001011100000101010
10001000000101010000000001000000101000000000000100010000000010010100000000001000010100011000010101100000000100100000000001000101
00000000010000010100100000000000010010000000001100000001000110111000000010010001000000000011000100010000001010000000000110001000
00000110110001000000000001010000011000000000000010000001010001000001100000110000001110010100000001000000001000000000000000010100
