0010000100000001000100010010000100000111100000001010000010000001
0001010000010100100001001000001001010000100000001011001000001000
0010110110000001100011000010011000100100000000001001000000001101
0101000100101100100000000000001000010001000000100011011100100000
0010100110100101100100000001110000111000000010110000011000011000
1110000000100100001001000000000000001100000010001000000010110010
1000100000000001000000000000000100011100111010001000010010011000
0000100100001001010110000000000011000000000001100111001100000000
1000000010101000100111000110010000001000011010100001000011000001
0001000100001001000100110000100010110000000000000010101000000001
0000011000000101000000100101010010010101010011000000110000001001
0000000011101000001000010000000000010000101010110100000000000000
0000001110100000100010101001101000101100100000100001000000000000
0000000100100010111000000000000000110100001000001000000000000111
0100000000010000010000000000000111100000100000000000000000100001
0000000000000000000110100001110000000101001100001000010011100001
0010000001000000001010100000010100000100000000001100001100100110
0100010001100000000001001001101100101001011101001000000010001000
0000000100001001010000001010000101101100010010001010010010100100
0001000110101001010100000011010100010000101000000000000001000100
1001000101000001010100000010000010000101111001110010110001100010
0000000000000101010010000000010011001000000100000100010111100000
0010000100010000101100001000000001000001000110010001100010100100
0001000010010010100000010100100000100000101010000001000100000000
0101000010000010010000010000010000011000100000000010000000111110
0000110001100100101000011100000000011001000000001100000000010001
0000000000000000000001011001100101001100000000100100100000000011
0011100011001000000000000100111001110010010001000000100011010000
0000000100000100010110010001010110101111101000000001000010001100
0101110100001010100000100100010000101110011001010000010000100000
0000011100000001000000010010011010100000001000010100100000000001
0000001001000100000001001001000100000000000011001000000000000001
1010110000100011000100000101000000100010001000000000000000000000
0001000111011100000111011000000010001100100010000000011010000001
0010101000100100001100001000010001000010000000010000001010100010
0000000010010000001000000000000010000101110001010100000001010000
0000001000000000000000001010000000110000001010000000000110000000
0110000000000001001000101011000000001000001000010011000110000010
0101000010000101100001100000011101000101011001000100001010000000
0000010100111100000000000100000000000000000001010000000000101000
0110000000000100000100101000000000101000011011010010001110010000
0100000001111100000001000010000000000101110001000000100000000011
1100010000000001000010100010001001010001000100000000000100100000
0000101100110100000000000001001100000100000000000000100111001001
0000000100010000000000110000000010000001110100000000001010100001
0100100010000000000001100110101100000011001010000011000010011100
0111010000010010000000000000000010100100000000000001001001000000
0001000000000110011000001000000010001110000000000000000000110000
0000101000001101100001100000000001100001100000000001000000000000
0010000111000100100000000001000001000110000000001001010000100000
1001101100011011100000000000000010000000000101000000000110000000
0100100000000000000001010001000000100011000000000100000000000000
0000000011100000100100000000010010100000000001000000011010000000
0010001001000000000101011110000100100001011000000110101101001000
0100100010010011100010100000101000100000000001101010011000000000
0010010011100010010000010011000000010000100101000011100100000001
0000011001111000110000000000000000100000110001001101000101000110
0010000010000010100000000100001000000100010010001010100001000000
0101000000000010010100001001101000100000000010000010000001001110
0000010000010010000000110000110100100000000001000000000000001010
0010000001000000100000000000001010010000101000001010000000100010
0000001100000100000000100010000100000011000010001000101000000100
1101110010000000010110000101101000010110100000000011100100100010
1010000100111100110000000011100010000010011000000001000010010011
0010101011000000000111000000010000100110010010010100110000000100
0000000000000000100100000000011010001011000000000000010100101000
1000000000001010010111000000011101000010001010000000010000010100
0111000100011000011010011111001100110000010110001000101001000011
0001010011011001010011000101101000001000000010000111010110101000
0000100000110100000001010000010110000000101011010001001100001101
1001000011000100100100000000000001110001100010010000101000100000
1010011100100011010000101110000000000000001000101001101100000001
0000000000100010001010000001000101000000100111001010001100001110
0000010000100110000110111000100000000000000101100111000010101000
0000000000111001010110100110110110001001100101000000001000010010
0010011100000010010101100000000000011100000010000010000100010010
0101100110000101011001001000000000000100010111010100110001010001
1110010010000000101010000000000110001000000001010100100001000001
0000000000110001000000110010100000100011010101000000000000110000
0001010000100000000000110000000000101001100100101100000011000000
0000100010000001100101000000000000101000100000001011000000000000
0100110110010010110000100000000100000001000101000010011000001011
0000001000010000000000110000000010001000000101001001100010000111
0000010001010000000000100001011100011000010101000001000000001100
0000100011100000100000100110000110000000010110000100000000000010
0000000100000100100001010010110000000000001001000000000001101100
0000011000100100000010110001001010010010100000001110100000101000
1001000001100010001010000001000000001010010000000000011011010000
0100110000000000000001000000110000000000010010000000000000000100
1000010000100100000000100000001010000110110000001010110010000011
0001100000100100111001100001100000001000000011000000000000000000
1000000011100000000000000011000010010010000011010110000000001010
1000100100000000000010000000100101001000011000000000111000110100
0101000000000000110101001000010000001000000100001000100100110000
1010010011000000010100100000100000000000010100110010000100000100
0000000100010000100001100010000011010010000100001110001000000101
1110110110011000010101000000000100111011101001011001011000000000
0100000100001011000000000100001100000001000101001000100000100000
0100100101011000000000000000000001011000000000000101101001000010
0010101001001100000001011000010100000000011000010011000111000110
0001001000010001000100000000001001000010000000000000100000011000
0100010110001110010001011000110000100000000100000000000000010011
1000100000010000011001000001010000000011000100101010000010000101
0000000000101100000010000001100001001100000110000001000101000000
1000101000011001001000100100011000001101000000100001001010000010
0100101100010010000110100000101000011000000000001100110001101000
0001001000001001000000000000000000001000100100000000000000000110
0001110000000001011000000000000010001000010000010001000011001000
1000000001000000000010000000001000000001000100000100000011000010
0001010000001100100000000110000001101100100000011010000110001000
0010001000000000001010010000100001111010100000101000100011101000
1110000000000001010000011100000101000000001010000000001000100111
0001010000000100010010000000000100110001101100011000100010000011
0000100000101001000000000100101010000100000000000010000000000011
0000000100100000100110100000001010000000101100010100000010100010
0000010100010001010101000001010000011000000000001100010100000000
0010000100000000000010011000001001000000000000000101100111010000
0000010000100000010000001111011000100101000000000000010011000000
0010000000000000001000101010010000000000000000011010111000011000
0110000100000001000000011100010000110000000010000100011001100000
0000010010100010101000010000000111000000000011001001000000001000
1101110010100010100000101000000000010110000001100001101010100000
0010100000011011000000011100010101011100000000000010000010001010
0010010000000000001010000101010000001110101000000011001000000100
0000000000000010001001100000000000001001100000100000000001000000
0110100000100000010000000000101001111010000011000000000011100000
0001100000000000101010000000110000000010001000010010100010010000
0000100001000000000000000001000100101000100001000010001000001000
1000010000110000110000111001000001100000000110011100001011010000
1011100000000100101100010000111000100000100000001000010100000000
0000000000000101000000011100000010000000000000000000100001000000
0000010010010110000000000100000001010000000010000011000011000100
0101010100010000000100000100000010100011100110111001000010000000
0001110001010011000100000000010010000000000101001000010000000111
0110100000000001000100001100100000000100000000101000000000001000
0010000001000000001010001000000001100100010100010000000000101000
1000010000000010000000001100010000000000001011001000000000000010
0000000101000010010100100111100000000110000000001000100101000010
0000000001000001110011000000001000000110100000000010000001000100
1001011000001000000010000000001000111010110001000010010000001011
0000110000010010010000100111000100000000110000000000111100000010
1100000101000000000000000010100000010000000110101010000101001100
0100000001001000010001000100000000100110000000100100000100001000
1000000101000100100001000100000000000010011110010010001000000010
0001010010000000001000000000100010000000101000010010110000000100
0000101100111110100000110000010000100000000101000100000000000000
1011000001101010100000000000010011100000011000010010000000110100
0000010100000011000101000101001000000000000010101001001000000000
0100010001000000000001110000001110100100100000010000010100110000
0010001000000101110000000011000111100000000101000010100000000011
1010001000100000000000100110000000010010000001110001010100011100
0000010001010011010000110000000101010000100010000000010010001001
1000000010000010000111100000000100101001101111100100000000000110
1010000010110000001000100000001001010000000011100010010000010100
0010000100010100000001000100000100001011000000000011011000000000
0000000010110000001000010010000011000000110001011001000100011001
1011010111100000000000001010000100000010100001100010000000100100
1010000000110101001001001000000000111000001000000001001000010000
0000100001011000000000000100010110100000100000010010100000001000
0010000001000000000100000010011000000011001010001010001000010100
1100000000000000010001000010010010000000000001110010000000000010
0011100010000000001000000000001000010000110000100010001000000010
0000001000000100000110000010001100000000010010000010000000000100
0000100110000101001111000000010001110001010000101000011000000000
0110010000000011000010000100001110000001100100010000100010001000
1101100000000000000001000000000000000000000000000110010000011001
0000100011000101000000100101000010100000101000100000001010000100
0100001000000100110000000000000000000001100000000011001000011000
0000000001000000000001001000000100010100001000000100000000100000
0100000000000001000010100010010000011000100100000010000000000000
1100001001000111010000100111100110000000000011000000111001100010
0011110000001010110100000000011000001000000100000000000000001001
1001000000111001001100000000000000000011010010000000000000001110
0000000001101000000001100001100000001100001110100000001101000000
0000010000000000111000001010000010000100100001010000001010000000
0110000010000000001000000100000110100100000010000000000000001000
0000000000010000001000000000101110001100010000000100010000000101
1101000000000001010000100000000000001000011001001011010001010100
0011101000100110010101010111000100000000000010000001000000010000
1000000000001010110000010000110000000001000000000101000010001010
0010100110011000000010100010000000001000010000010000000000000100
0110000010010000001100101000000100000010001010010001001000000001
0100000010010100000000010001001000101010000011001000100110110010
0000000000100100011111101000001000000010000010110000000000111100
1000000000001111010000000100101000001010000000000000100000000101
1010111110000110001000101010011000000100100000010011001010000001
1000000010100000010000010001011000001010000000010011000000100010
0000111010010010101101000010010000001100000101001000110101000000
0010001101100100000000010000001000100001000101000001011010011100
1000101100000001000000001000000001000000000000000000010000000000
1100100000001000000000010100010000001010000010000000000000000000
0010100000000001100000001000000001101000001000000011010110000000
0001000001000111000000010000001011000100010000000001000000000010
1010010110000100000000100111000110001010011010000000000000001010
1001010011000010100000010010000110101000011010000000100000000000
0010000000000000000010000000100000010000100000001000010000000000
0000000000000000011000000001001100010001000000100110111000000100
0000001100011000010000000100000100000000010011000001010100000010
0010001010000001000001000000000100101100000001010100100100110010
0110100010100001010111101100001010001000101000000000000000100110
0010000101101000010000100010001000000110001100000101011011010100
0000000101100000000101110000100000000000000000010010001001010000
0000010100000011000000100011001011001001010110000000010100011010
0101000100010110101010010000100100111000001101000010000100010100
0010100011101000000001000010010010000010000110010000000100001000
0000010111000000101000100100000000000000010101000000011001011000
0000101000000010100101000110001000010000101001100001001001110000
0000000001011000011011010010000111000010001000110000111000000000
0110100001000001000010100100000100010000010001000111100010010010
0000000000010000000000000000000000000001010000000000010000011000
0011000000100100010000001001010000000101100010000000000000010000
1000000000000000000000111000000011101001010010000000111000000000
0000000001100001100100001001000001001001001000000011110010000000
1110001000101001100000000101100000110000001000000010001011010010
0101001010000010100100000100010100000100000001000001000110100001
0000010000100100000001100000000000001111000011001000000100000010
1001000000000101100000011100000100100001000000110001000000101100
1000000000100000000000101010000010001001011001000010010011000000
0000101100100001010000000110000000000000000001001100010000111100
1000010100010010000000010001000000000100000110000100000100101000
0000100000000110001000010001010101000100000010011000111000011000
0110000001010010010000100000000110000010001000000100011000100011
1000000000000110110010100000001000001001000011001001000101100100
1000100011100000000000100000001101011000000100100000001000011001
0001001000100000101000010001000110010000010010011000100011000000
0000101000000000110101000100000001000000110010000000001010100000
0010010000000000001100101000001110001000000100000101100000000001
1000000100000001100101000111001000000000000010000000100000000011
0010000000110000100001000001000010001100000010011100101000000000
0010000000000000101000000010011100010001000100010001000011101000
0001110001000010000100011000000010110110000010000101000101100000
1001011010010001000000000000001001000011001000100000000000000010
1000000000010000100000110000000000000110100001100111100011000000
0000100001010000000011010100000000010000000010010000000001100010
0010110101100000000010010101000001000000100000000000100000000000
0000100000100100000000010000010000000000100110000000010000000000
0101000001101000000000000011001010100010000000010000000000100100
0010000000011010000001000000000110010100000100100011000100000001
0100010100000001000000001010001100000000001000101000110010101000
0000000000001010011000000000010101011010001000100000101000001000
0000000000001000000001010000000000000010001000001110000000110000
0101100000100000000011000000100001001000011010000010001000000011
0000010000000100000001000000000000110110100010000001100000010000
0001101000000000100000000000000000010001001010010011000010101000
0000001100110101001010000000001000000000000110100000010000100100
0000000001001001101000000000000101000000100011000000000100000000
0000000000100100000100000001010101100001000101000010010000000000
0001101100110100100001011001000100000100000010000010011010001010
0100000000000000001001101000010000011000010100001100100000010001
0000100011100100000000000001000000010010001000000000011100000000
1000000010010100000000101100000000000000000000000011101000100010
0010001010001011000000101000010100100000001000000010000000100000
0010100000000010010010000001000010000010000100000000000000000101
0110010010000010010100010101011010001011001100010111000010010111
0000000000100010110000000001000110001010101001100101000000000010
1010010101100100010000000000100100100100101011011011000000000010
1000000000001001011010000100010001010001010001100100100000100101
0000010000100000010001010100000100000000000110100110000000000001
0000110010000110001000100100010101000000000010000000100001000000
0100000000100011101000101001100010000000100000100011001010000000
0010000001011000000000001000100000000000010101010100000000010000
0000100000000010000000011000000010010101000000011000001001010000
0001000100001001000000010000101000101000000000000000101010001010
0100100000100000100000110010001000001000000000000001000001000000
0010000000000010001000100000011010101101100000010000100000100010
0001000010100110000000100001000101000100001011100000000110100010
1010100000000000010100100010000000100000001000011000000000001110
0000011000001000010001000101100000000010001000000100001000001110
0000000000000000000010001011000000010001001011100000010000001001
0011000000001101000000000010100000100000000000010101010010010000
0000001010000000010110111000000000001000000010100001100000110100
1000010001010100001000000110001010000110101100100000000000000001
0000001111100100000110010110100010010010001101010001001110101000
0001110110100000011000110000000100000000010000000011110000010100
0000100000000000111001011100000010010001001011111011001000010011
0000000000010110101000000000100110001100010000110001110111010000
1000001000000010000000000001100000000001100101001011000000000100
0001001000000000000010001001100000011000000100000111001000011000
1000101011101100000000000100000000000000010000000011100010001100
0000000001011101000110010000000010001000011000100001011100011000
1000001001000000100000000010000010000110010000101010000011010000
0010010100000110000001010000001000000011000010001101110101000001
0000000000111111000000000000100010110100010000001000101000001000
0010110100110000001000010100001000000001000111000010011100000011
0010000000100001010000100101000101000100100010000000000010000000
1001101011001000010000000000000100000000000000000000100000010001
1110000001000001000111000000010100000010000000000110110000000010
0010000001111010001100000001101100000000010010010010110111001100
0000000110010000000001010100001001010000010010000001000001010000
0000001000110110110000001000100000000011000100000000010000011100
0001010000001000000011110010000100011000011001000000000000001001
0010000000000000011100000001000001010010100101011000000111001010
0100000101001000000010100000101101000000000000100001111100000001
1001001010011001010001000000000001000000000000001010000001001000
0100010000000010010001110001000000101000100000001000000001001000
1000010001010100000000000000110000010100001000000000000001001001
0000100100101101001101010000011001010001110000100000001000010010
1000000101100000000000100100010000010111100100001000001000001010
1010010000000001100000110001000000000100000110010100010101001000
0110001010000100001010110100000100000000010000001010100100100100
0001000010000011000000101000000000100101100100110100000001000100
1001000100000110110100101000000000000000100010010000000010001111
0000001011010000000010000011000001000100011000000000010011010000
1011000000000001000001000001100000101001000000001000000010100111
1000000001000010100011000011001000011001100010100000001000000010
1010000000100100010101000100000110100001000010010010000000100000
0001000000001000000000100000000000010000001010101000000000010000
1100001000000100000000000010100010000000001011000000011010011000
1101101000000000010010001000010100111100010001001100000100000000
0001000000000011100101000001010001110001001000010010110000000001
0000011000000000000010000010101101100000010011000010101101000000
0000110101111100000000100000011100000000000010100000001000101001
1001000101001010010000010101000000000001010001000001000000000100
1000000010100000000000001000000000001010110000000100010110000000
0001000000001000011000110000000000000010100000000010010011100001
0010010010110010010101000010100001011000010000000000000000001100
0000001100100000000100010000100000010100100101000000010100100100
0100100000100000010111000000000010010000010000100010000010000101
0000010001000001011001001000110011010000011000100000100000001000
0000011000000000010001001000001000100000100000011010001010110000
0110000001100010010000000001000000100010010010000100100000001000
0100101000001000001000010010010000000000000101001100010100000100
1000000010010010100000100001000110000001000000001001010110001000
0000001100000000000000000100100000000000000000100001100100000011
0010100111100000000000010100010000000001011001110001100011100000
0000000000100000110000100000100100110010000100101001101100000000
0000100000000110001100100110011000000000000000010000000100001100
1110110001001101000011011001000000001000000100100100000000001111
0000010001100100001100010001100000001100100001000010000111000101
1010100010100110000010000011110100000001000100001110100000000010
0000000000001001110011100000010011001100000100101001000001000000
1000000001100000010000000001000000100100110000010000000010000000
0000000110011100010100000010010000000001000000110100000010000100
1010001011000000001011110000000000000000100001100010000001000100
1100000000000010000000110000001000010000010001101000001000000000
0000011100001001001010010000011010010010101011001010010010100001
1011110001001000100011000000101000000000010001010010100001000000
0000110011001000010011000000001100000100000101001000001001101100
0100000001010011110000001000000011000000000000001000011001010001
0000000101010011001010000000010000000111000110000101000010010001
0000000010000000000000111000010001010100000000110010101000010000
0100000000001000100100000000000011000001001010001000100000110010
0000001000000000001010100001000000000000110100100000000001001101
0000000101000000100001100101000100000110001000100000000010001000
0000001110000000000100010101010000010000000100000010000010000100
0000001001100101000000000100011110000000010000000010010000101000
1100000010000001100000001100101000010001001010000000000101000011
0001000010000010010100000000010000000000100001000000100110100111
0000000111001101000001101000011000110000011000101010000110110001
1000101001010100010100000000100101000010100110000000100000010001
0011001000000010001000100010010001100000100001000000101000000000
0000000000010000000000001000011011000011000011100000011001000000
0000000100000001000111100010000000000000001101000110000000001010
1100100010110000000100000001010000100100001100111000100011010100
1000010100010000000100010010001000001110000000001010000000001011
0000001010000100010000000010100010000000011000000000001010100001
0000000110010010000010010000000000101110111010010000001000010100
0010011101010101000001111000010100010101000111100000010110001010
0100000011000000100100000000000000001010101000000100101000010011
0100100000110100000100001011000010001000000000100010010100010111
0001000001100001010010000010010010001001000011000010001011100000
0101001000011000000001000010100000100001000001010101000000000110
0101010000001000101000100001000000000000110001001000101010000010
0010000010000101100101001000000000000000101000000010010010000000
0001011000100000010011001100010100000001010000111000000011101001
0000110100000001000111100100010000000010000000001100000000011101
0000000100100010000000001000110100010100001000010000000000000000
0010011000110000100000000100010000010000010001011000001010100100
0000000001010000000100000101100000000001001001001000001011110011
1000000000001000001100000000001100010000100011000000000000010000
0100000000010000100011000010001001001000100110010010001000000000
0001100010000000100000101110010101000001000000001001000000101000
0010100000100000000000000100000100000000010100000001101100000000
0000000100001001011000000000010010011000111001101000000001001100
0001010010000001110000101000001000101010000000000110101000010101
0001000000010000000011100001000101011000011000000101100001000000
0100010000000000000010010000000110000000000111111000100001010011
0000011110010000100011100110101000000100000101100000011001101000
0101100000110001000000010011101000000000001011001001000000000000
0001001001000001100011000000010010100000100000000000100000000010
0101000101000000000000100101000100100101000000000000000100101000
1101001000111000000000101011010000000100000010101101000100100100
0000010000100000000000000010101000000011000100101000001001000100
0000100110000000000000000001010000011001011000000110100100000000
0000000000000000100000100001110110101100100000000100010000111000
0001000001000011000001001000000001001001000011100000100001000000
1000101000001000000000000110001000100000000000010000000000001101
0000110100100000011010000000000010000010000010011000000000000000
0010101101000000000110000010000000000110000010000100000000000111
0000000100100000000000000000000001010001001000111010010000100000
1011000010001000101100011000000111001100000110000000100000000000
1000000000100000010000001100011101100100011010100000000000000010
0000000001100010110000100000101000000010100000010001101100111000
0010000100110001010100000001100000100100010000000101000000011000
1000010011000110000000000000000000010000000010000000100001000000
0001010001000001000100000000010010100100011000100000000000000001
0001010000000000000110111010000011110001000000101000100011000101
0000000010010010010000000101000100011100100000110100100000010001
1001000001001000001000000000101100001000000001000001111000001000
0000000001011000001010000000000100000000000001001111001011100010
0100001100010100001000110000100110101000001100000110000100000001
1000000100000001000100101000010010000000010000000000010010101010
0000000100000010101100001001100000000000001110100000000000110000
1100001100100100000100000000100001000010001000000000001111000000
0000000001000000010000101000100000000000100101001000011100110010
0010100010000001000010010100000101000011101110110100001010100000
0100010000000000100100010001010011100000001010000101000000000000
1000000110001000000000011000001100010100100000111100001011000000
0010101001001010011100000001100000001011010000011001011001011000
0000101000010011001110001000111110000100100011110000000000110100
0100000000100001001001000100000101101011011001010001000100100001
0011010000001000100100000001110000000000110001000000000010010001
0000000010000010100001000101001010110001000000000100010000000000
0010000000011011100010000000110000000000001001001000110000000101
1010000001000000001001100000100010001000101010001100010101010001
0000001100001101100001000100010000000001101100010000010010010000
0000000001000001000000000000000000001100001000110000000100000000
0001000111000000000010000100110010100100100000010000000010010000
0011000010001100100101101000101000100010101010111000110001100000
0110100100000111100000010001000011001011100000100100000001010010
1001001010100000000110101000110000000000100010001100001010100100
1010100000000010010011100000010000111010000100011101010010000001
0000000100000010001100001000001111001010000100000110010000010000
0000000000110000000001101101100000010010000111001010001101000001
0000001100000001000011000110100000010000101000000010000010000100
0001000010011000010000000000001000101011100101110110010011000010
0000001000011010011001101010001100111000000001010000010110011000
0000100010000010000010000101001000110100000001000010100000110000
1000000000000000111000011000001000100010000000011001000000111011
0000001000000001010000001000100000001010000011100000000001000011
0001001010100101000000000001000000000000100001000000000000101000
1001010001000110001000000010000000000000101000000000000110101001
