00101101101001101011101101100111111111111100100010111100110111010001101001010110111001000100110110011101100101010110010110111010
11110000001011101000101111010010101101101010001101101011001110100011001011110111011111100110011101000011110001011011010101111000
10100110001101101010011111100101011110110111101111011110011001101011001011101000101101011000100110011111111110011101011010010101
01101001010000000100011011011110011001011010011101110011111110000101110001001110110101100111001101010010101010101101110001111111
11111111111000110011110100111110101011100110111010000011001010000010001010100111110110001101010011100111100111100111100101111111
10111110110101011001001001111001010101001101010011101010010111111101011001010010000001101010100001110111111111100101100100001010
00110000100001100101011100011001011100110110010100111101100111001001110110010101001000101111010001100001011101011110011101101111
00000100111111011101101110100101011110111010010101111101011011110001111111101111101001110011000110100000011110101011110111000011
11111100011101111111101010101111111111011101011110110000110100100010000101010010000110101000101110100100001111101111011010101100
11000111011000010110111111110100011111011010010011101011001101000101111110001100001110101111000100111010011010111111110011010111
01101100011010110001101111110110010011110111100010101011110011100000110100001111111111000111011000110011011011001011001001000111
11000110110111010010001101101100110010010011101110000000000111101100011101110100111100110101011011111010100001101000010101111101
11100011110101011111011011001000101011001000110000101000111111111101011111001110100111000111000110000100001101101011010010100001
00110111110100011010011100100101101001001111100000110010100011010101111001000011100100011110001000110000110100010101011100101111
10110010100001100110010111011111010110101001000111110010100001011100000001101000101101110110101101001111001111101011111110011111
01010011111011011100010001111101011001101110100000000110001101011011110111011010010101100001111110101110010110101011010100110011
00111111001000111111111001010101100101001101000011100011110011100101010111101010000110111111011001000000011011001010111011000101
10101100110101000101101000001011111010001111110110111100000111100111011111011001111110011100111100101011001011001100011111001000
00011111000011110111110111010001000101011011010010100011011101111110001111010100101001110110110001000111010111010111100111001011
10111101010100011111110101100100011000110010100110100110011100101000001110010011100010010010100110100100100101110000111101111000
11111011111101111110111111111010101111101000111010001011011111000010001000010001001101111011011110001111111000110000100010001101
01110011100111110111011011111100001110000110011010010000111101101111011010100100010010100010101011111001011101000101100101101111
01010101011100010101111011001000011000111010001011100110000111010101010111110110110111001010000111011001000111101011100111101000
01101011111110010101000101010011010000010110111010101001110100010011000011111000111110010010110011110110110110001001000101110110
10010001110100110111011010011101101101010011001000001111101100011100101100100001101100101010100000111010010111100110001001001111
00001011011111000110011010010101111110100100011001101001101110111100100001001000111011111100011111001001000110001010110110111011
01001110011100101000100110100000000010110100001110000111011100101111010110000110111110011000010111011111101011001101110111010011
10010100111001110111000011001010010010110111001101001101100011000110001011011110101110000110100110101110110000101101001111101011
11110000100010010110000001011101110111010110101110010110011010001011000110011101011110010111010011001010101111101100101110110110
00111001111101111101110001010110100100111110000010111110001101111101101010111011110101101111101110111100101000010111001111000010
01101001011000101100101111000111111000011000110111100111101011100001101000101011011001011001111100100101100011010010010111011100
10110100101101101101110011000111100001001111110101111010111100010001100000010100101001000100001100110100011111101110010101000010
11111000100100111000010011101100110011111000110110011001011000011100001010111111011011101111110100101001110011001010000101111110
10001101110000111000101111001011111010110011110111011101010111001011110001111011111111110010011100100101100100001101001010011101
01001010111110010101111110100111010111011110110101100101100101001101010110001001111011010010110110001111111110110011110111110111
00101100100101011010101010110100110010001110011110001010101111010000101111011111011010101101101110101001011100010011111001001101
00110011101111001110000111101001010011011101100010000001011010101110001100110110010110110011100011010101111011111011011011101101
00000101110011101111000011100111100101111011010111001001111011010100010110100011110011010110000011101010111110100110111010111100
11011101101011111001001101110000100110101011111101111111111010001101101001110100101110000011000010111101010010101110110100011111
01010101101111001010111011101110110111011111000000111101100101100111100100010101111111101001111111111001110010101001011001011001
11000010001011100011101010011010100011101010001101011001011110101011101111100110001110100110111101001111100110101000000101110101
11010011011000111011110111011000000001110110010100000110011010100100001110111110110111100000110110010000101110100100010110111000
01110011110011100001111101010001101110011001100011011010110001110111000000100000011101011001010111001100001011011101100101010110
00101001100111101101000111111100011010011010100010100101101110100010011001101010011110111110110111011010111101101010001011011111
00000001000010010111001101011100111111010110101010011011110110010000000100111001101001100100111011101100011101110101101011000101
11010001111001111010010111101110010110001010111101100111011111100110011010101111100101111011001111001010100111101011011010101101
10111011111001101111110000111000011110011110111011111101111101110111111001111010101001000110000110010010010111000011001111000110
01101101010000100111111111011100010000101111101010101111001010010011111100001011011110111111000011111111011111011011000011111111
11111101001001100110100111111001100110000101100110011011101011010000111010011111111101101110101101101110011101000011101010110111
11110110010101110010010110000010111010010111100000111011111110111111110101111100100110111011010110101111101100111010000101111000
00111001111011110111000110110101001100111001000011010011110110000100010001011111111100100101101111001100101111001101001000000011
01010111000100110100010010101101111001111111001011101111010010111101000100011111100001011100011011111111001111010001001001010110
01010100001100011110010011111100001011110101111010000101111010100010011000101110001100110000100100101011001101011100111100101011
10001001001001000111110101001000101011101011011001101011111001100111011000111111101111000101011001111000011010111010100011101111
11110101011110010010001110001110100100110011000011001010010100101001101101001101011010011010100010011110000100101100110110110111
01100100111101110001101010001101010111110011110110100111101001010001111010000110010011100000110100011110100110111001110001101101
11110110111100001101111110111101001010111100010101010001011100000110011110001011101010111010101000111001010101000001000001101110
10000001011010110001011101010011011110001000101010100010011010100111110011011011000111101000010110101010101011010110101110001110
10100010111101011011110111110101101110010101101100000110100100100001111110101011101000100111111001101000101001111011011111000000
00001100100101000001100110110001000101010101101101100000011111111110110101010110111111011101110101100100101010100110001101001101
11110111110110010011101011101111001010110111100110110101110010111011101101100011011111001110000110010001111111010001101101000110
10010101100011100011000110111011110100111001100110110100000100010110010101000110110101111011011111011001111010100001110111110010
01111101101101111111111101110001000100011011101100101101111110111100110001010011100010011111110011010111111100111101000111110101
10101100001111110011011101110110110101101110101011001011110111111110100000111111110100000110001101010111011111111111010010011110
00100010000111100001101100011001011110000111101110001111010010111010111110011101100011111100001011111100110010011100110000110110
10000101111101110111101110111110010111011000001100110000101111011011001110110000101100001111111111101001111000111010100001101011
00011110101110001011111101111111011010111000110011111101011001111011010100110010110100010101101111000010101001100110100101010001
11100101110110001001000101010110110001010101111101111110100110010110110100101110000011101100110100111100010001001010100110010001
10101100001011001010001011110011010111011011101111111111110000110011001100101111110011110101110101011011001111010000011110011011
10000110111011101010111101001111100110010001101011111011110010010010111110010001010101101011011011011101011000110001010111101010
11100011000100011110001101101010110010011010100111011010111111000110011010110110101100111011100111111010000011111100110010001101
11001010101111010100011111111101011111100000010100111011111001101101101011101010001111001111010011110110111101001011101011111000
11010110101111011111111011100001010010000110000011001011110000011111010010111111101110001110100101011100100000111110100111000011
01010001111010010001100100101001111001001110000100101111110000001010010010101110011010110010000100100111101101100011101110111101
11001101011111110000101100110111100000100101111100010001110011111100010001110101101101110111110110111111101000111110011101000111
11101110110100011101010111011110100110110110101101111011000010011111111110011010110011000010011111101011110010010110101010010101
11000110001010101110011101011001000111101001001110101111011100101010100011100010111011111000110101111101111100010100101001111000
01110101100011110011101111110110000101001010101100011100011101101100000101101011110000010111000111110001101001010001010110101100
10110011100100011110000111001100111011011110011100101011101001001011111110110101010001010110111111010110000101111111011111110001
01110100011001101010010111001101110010010110000111110011010010100000100110011000110101111011011010001101101111010101011001111111
00110011100011011100101011110001010010110001001110110110011101001110101011101111110001010111101110011100001011010111100100011101
11010110101001010010100001001010101110100101100111111100011111001111001101100110010100000111011110101110000000100100010110001111
10001101001111101111001010110111001110101100010011010110001101110000101101011010001011111111111110011010011101111000101111100000
10111101000110111110101011111100110000001101100100100101000111100101000110111101011110000011011110111101100011011111010111100101
11010011101011101101100011000111001101110100101011011100110110011111101010111111000100011101110011101100010011100111110100100000
01110111101101101110001101000100111001110100111001010101010111001100100111011100000101101011000000010101101000001111101110011001
11010100011010100011000111010011001111111111000111011111010001101110101110110000000111111100011110000010101110100101010101001100
11001101001100000000011010110001101011110101100001011001000110001100110000101111011000111010111010001001111010111101010100001001
11110100000100010110011010001111110001010101010011001000010001010010101110000001011110101000011111000101111110111010010110111111
01001101111101111111100111100011111011111101110100000101111110110111101011011111100011100011010100011001000110010001100010100110
01100100110100010010110011000111000100011011111001100011010001100111111001111001111110111110101011001011010011011000100011110010
11001100000010111111011001010011100001001100101010110111111110011010101100001101101101011000001001110110110011010111111011110011
00010001101101010010100011100101100011101110110011111110010111100110111101101100101100111010110011101110010000010100100100011110
10101011100111011110100100101011111110101010100101001110010011101010111010100111111101010111010101110111000100001001110000111011
11111100111100000011010001011000001110111111110011010000101110111100011111101011011011011000110110111111010101011111110101101100
00110111001111001011001010001100100111101010111011110011111101001111011111010110100010110000011110111100101110001011111000111010
00011110110111100111111011111111001010111110110010111111110000111100001001010111111001111000101001111011001111111100001111011111
10110010011011010111011111100010100111110010111101010011111101000111100101111110111111000011101011110110100011001101111101111110
10111001000101000110111011010010000110111001110001011000010110011000111000010010101011011110100011011011110011111101101000011010
10010111100111001110101001110110110011110011001011001111101001011101011110000101101110100001111101001010110100100110011110111101
00001001011101011111110000000011011110100010000011000111011010111100101100110011010101101010100001111101101111001011101100101111
01011000101101111110101111011001111101110110001011101011011101100111111101011011111110110010111000011101111011001110111110110111
11011011010101001100101000101011101010001011110100001000101110010101100100010011100111111101110110110000101111101000101110101000
00011111111111000000111111110101001001010101110001011010111100000100010011100010101111000001011101011010111000001111100101001010
10110011101010101010001011011110110111101101111010010110101000100011111110101001000011101101001111000101011111000101111011110111
01000011100100101100011110100101001111011100101000111010011001010000111110101010111110011001011111011101111100011101100111110111
11101101011010111010100100010011101100001010110100010111101110011100011101100001011101111010101011110110001101110111100010011101
01010110110101101011101011100000011100111010011011011011101111110101110111001101111110110111001101101110011100101110111101010111
11101110111010100000100101111011111011010101101101111110111111100111000101010110111111011011100110001001000000101110110111001010
01010011111110111100010011100011011011010001000100111001111101010101111100101010110011000110111000011011111111100101000110111110
11100000111010001100111100000011001100110010010111000000101011010110011010011001111010110101100101110001101001011111111100010100
10011000010110101010101010100100110001011011111110000101001110110001110101101001100001111101100000000011010100110100011111011001
11011101110111010011000101111111100011010111100010110111101111100110000111001000011000111001100101000011011101110110001110001001
11000101001011110011011110010001110001011100110010101101101010001101000010100101011111001110001000011101110100000101000001101101
11110100000011010111100100101000111011100101010000101110111101010010011001111101111010101000101001100011101011111011101101110010
00111000111111011000110101110001000100111100010110100111111001000100110111100011100111011001011001111011101111001110100111010111
11101111111011111011011011000111101101101101001011010111011110101000100111101100011010000101001010011111100101001111011110111001
11000011011000110000111001111001101101101110011010000011000011101111001111110110010001111100110100101101101011110011001010011011
11101111000111110110111011110100001111101111001111101011100001101001000110110111011000110011010100011111100010011001100110010011
11001101001111101111100101001110010111111101101101111101110011010101010111110111110111001011111000000111111100101001111101100000
10110111010111101000001110111011011100110011111101110011110010111001101110000101100010000101001011111101000010011000110011111001
11100000101110110101011111110100000011110111100110000011001111001011000011000011110001101101101101101000100100000111100000110011
11100010110110011111010001101000001111001100100001010111110010101001110011100111001101000110011111101101111010111111001110000101
01111011010100011111011011011001001101101100100101101010100010110101011000110011011001100100100100101101110100000001111010000001
00010101111000101111101101111111110110110111001000010110011010100001110110100110001110110100100111100001001101010011110101000110
11101001001001011101111101111001101001100000110001110010011010001110011101001000011010110001111101001110000100011001101110111001
11110100111110101011011001001100111110110011001001100001101111111100011011000111100111001000101011111010110001010110000011110011
00001100101110011100100111110010011000111111101011111001001101011100111100110111100110001110001110010001010110000000100000101100
11001111111010111101110011110110001101101100111000001111101010101100111100110110100000110111111101111000001101110001111010101011
00111101111101101101110001110110111111011011001101001111110011101111111110111001011010001001111101110000001010110101100010101110
10000111100100010010111001011000010111000101110100110001011011000110110110100100101110111101100000101001101101011010010111111100
11001010001110010100111111011101011011101010111110111111100100111011011011010001110110011110111110000101010001100011100101101111
01001001111111011010110110101101111110001001111101010111110110001111111011011100101011011110000111011000101011111001000110011011
00110111001011110100010000110011100111111011011111101011100011000101001101110010011100111110011011101010010110011101100010011101
00011011101111111100101001100001101010001111110011100111110000110001111010010100111011000011111010000010100111101011111010110111
00001101110001101110011101101110111011010110110001011110000100101101100110100011111101111001111000110111000100101101010001000101
10110011111110001010001111111111100001110110010011011011000011100111101111011111101010010110101000111011110011100110111100000110
01000011001010101110000010100101111110110111010010110110100000011001000101101110101001110111101110111111101111111111010010100001
11011101111111111101011001000101101110011010111100101111001000111001001101100000001101011111000111010111110010011010111100001111
00101111100011110010100111011100101111001000111011100101111111001101011110011101000101011101011001011100100010110001110000101010
11001101111011011101111001000010010000011111001011010000001100101101110010110010111011110100101111110110110100110011011000101011
01111100010001001000010111100111111011010110001101010010111111000111111011111001100011111010110011110001110011001001110011100010
01110011110100010100011101110110000000101100010101110010010011001110101001101000011101010110101010110011100101010000101001100101
01010011110010110101010110101010111100011100111111110000111100101101010010101100101111100001110101011011000110110101001111101110
10111001011011011110011101111101001100111110111110111000000011101010111001111110011011101110111001011010100110101110110011011111
11111000111011111110001001001100010000011111000101010111011000111001000111000111111111001110110100000100001011111100011010001111
01111111111110001101001010100010101101111101111110110001011110001000111110110001101111101000011010001111010100100011100100110011
00111101010101100111110100000111000101101110101001101111101110001000011011000100101111011110110000010011111011000000101010001111
11010101011110000111101101100110101010110111011111001110010111101001111111100111001000110110100010110110011000100110110111101111
11111010011011001100010011110001110001111111101001010001010000110001110010110011001011100011101101100111111001001011111111001000
01111111010111000010111111010001100110100011111010111000000110101001011101010101111100000011010110100110100101011001011111111011
11100101110111011111111001010111111111001001110101011010111010111011110010000011000010101111000000010110100101010100111110101110
10111000111111101010010111001101101101101100101101101100101101111100101111101110111011101100100110100111110101011011100010111111
11000001011011111001111010000111000101111010111010111101111111001010011001001101001110001010100100111110001110101111100101001111
10000001111010011101111101011111000110110111011011111100101110110001010111111011001110001101110110001101101100000111001101111010
11011111110111110110111100100010111001111010010011111001101010010101010100111010011001101100001011110100111101100010011111100001
11111001001111001101000011101010001101111011011111000111110011101111010001100010001110111101101011011110011010111101101101100101
01011010101000010111111011101111011001100001100111001101111111111011001011010011010110111111101001100110000110111000011110110001
11111111000111110010111111011111011111011001010101111100110001100000011111010111101100011001110101010111111111000001001001011111
11010000000110101010010010111100111111011010001001110110101111110111000010011110010010011111011111001011010101010000110010011110
10101110011101001101010100110011011101011011101100100100111011101011011110010001000111000001011111011101100011111110111111101101
01100011101110100001110111110100001111111100111101101000101010011001000010101101100010010111101010111011110001101001111110111001
11011010001111101110111111011110011011101111111111100110011101101110101111111101010010111100011111110100110111001110011111110010
01010011010111110011100111110001111011010011110100001010001111110100110010100011001111000001111011111011001111001010010111001001
00001100011100011100100001101100011101011010011101010001010011110010011111001111101000111000011001110010110011110110111111101001
10000110111011111001011111110000111110000111011110000100111111100101011100001100010111100110100000111011110001101111011101101000
10101110100101101110010111101010000001111101000100001010101110110010100110011101010001111101110111011001101111101111110000101110
00111100010111110101111111110001001111100100000101110101111000011111110110000011110110100011101111100101111111001000011010111010
11010101100000111011011100111101010110001111001100011101111000101001100111111110001101010110111100010111111111111111101000011100
00111100001101111110100011111011011101111111011011010010101001101111100101010110111110011001110010111000001000101110110101011110
10010010001010111011101010011111111110111001011100011111001110000011010000101111011000100110001100110101011010101110111110000111
00111100111111100101101101111111010111000100011001101010010100100011011111000011110010001110101011110101001101101110000101101110
10110110101010101111011001100001010010110011111011111100111101111100010110010001101010010000001000001110111010110101001101011111
00101001101010010110001110010010110100100011111101000011011111001111001101011111101111001001010001011011101001010101111000011011
10011110110101011101110111100010001111010011111011111010110100100100001101110011000011001101111000111110101000110111000111101011
11101101001101000011101110100011101111011110001110101000100010110011011000111011001100110110111010111011010101100101100000101110
10100100011011000100101110011101110110100111000101001100001101111101100011010000010000011111101101101011011000010101010000110110
11011110110101010010000101010110110010001011100101100110101101100110011010100111110010001111100001111101100100010011101111110011
10100111010011011000111100111010011101111100001100111011101001001110010010101111100100110011011001011100011101110001101001111011
01100001110111110110001111111010010101000100101011011001100011110010011000101011111011001110111001110111010110101101100110011011
11011000000011101011000011001011110010101011000111101010110010110011110001001001010110001101100111010011110010111110011111101111
11101010011011010010111001111101011111101000011100011011110001011100111111010000000110001101110001100100101011100110010111001011
11011000011111011101011101111110011111100101000111100011010111101010010110011011101111001101001001011101011000111011011111111111
10011111011000011110110010110110110100001010010000110101001100111110101101110111100111111111110011110001110101111000010110111010
10101000101101101011000011010111001110011001110111111111010111111101111000110101110000101111100101111000011111101111010100010110
01010010110111000111110100101100110001110001110010010000101001000101101101010101100101010100010000010001100001100000011110110011
11100101111110111001100100000101011010100011001011101111111100111001110001010001011000011001111100010110110100000111100101100110
00110001011100101110010111111101101000010100101111101101001010001000101111111000110111110110011101010111101000111001010000001110
01101111001111101001001000110110011101100101100001111100100000011011010011101011001110110000100100111011110011010011011011101101
11110111001110011000010011010101001110100010100010001101111111111111100111011011000100110101011010100000110011011010110101001100
10101111100100010011000101111111100111011011111111000010111010100100111110010011000101110010101011101011101000000110011011110010
01111001111010111111111101000100001101011111001100111011100111010000111011110110100010101001111111101100101111110111100011101000
11011011000101100010000111000010110110011001100001011100011111001011010110111110011100111100001101111110110111101111110010101101
11111010010000111101111010001111010010010100101110111100011100001010111001100001111000110000101011010101001010100101101011011110
10001101001101011100000010010001111010101100001111111111111110011111001111111000110011001110100111111001011001101111000000001001
01111011011101000110010011100010001111111100101100001110111111100000101111001101001111011011101011011000101101101010111110011010
10011110111011110101010111110111001010110100100010011011111001110111110101110010011010111110110100011101011000010000111111100110
10111011100001001010000001110110111010010100111111001010011100100000110001101111110100111111101010011110011010110001011101001101
01101101101001011001101111010110111111110100000001001011001011111110100101011110111101000111111110000010101001100110010111010110
11001101001011110001110100101001000111111010100011101010011101010101100011101100000000011001011100010010110111101110110110111100
00100111101111000110111110000001010101110100110101111010001100011110010110111010101011110010011111110101011111100010100000010101
01010100011100101010000100100001100001100011100011101000100010101100011110100011111110010111111010010111100011101101010101111101
10001110110101101101110010111101000101111110100001010100101000111011001000110011010010000011111001110011101111011110110101001110
11101010110101101111101010010100011110111100111110011001111011000111111101111100011011111000100100010101010001101110001011100011
01011011101010110001001010110000010110010110001110101101110000110000111000001111010011101100110011010110101111110011111000110111
01111010010000010111111011111001101011000110111011111100110100010010010101101111001001111011010111111111110100001111011010100110
01110001100101110111100111111111101000100111011101011001111011010000010011001110100110010101110111000000111110111000111011101110
10110010111110000001011011001110100000000101100111000111111011101100101100110011010110011111101010000010011111110001011100101010
00010111101110110100111101110010010110111101111100000111100011101001111111110100000111011110100101111010001110101010010101110000
10000001111111010110010110111011011011001100001000110011000010100001000110111111110011100101110111101011111001011110101010001101
01010010111101111001110101101110010001111110111001101101101110010010110000011011001110010010110100111000101100101001001110001110
01101110110111010110011111110011111110110100010001001011001111001000011000011011011001101100011010100001101000011101010010111010
11101101011111100100000111000111011010011001010110101100110011101110011100111000101110111101001101111110000111001110100110110010
10101100011111011100110101100100101001110111110101100001011001001100010011011110010101111011010100111100100001111110011000111001
11110100000101100101011010110011011110100110101100001101111111100001010100011000010111000011001111111110111010010111101011110011
01111001101010111000110010011000010101000110000010111000001001011110001111010101000011100000100110001001000011011100001111111001
00101101011010010111011100100100000111111111000010011011110101000100111110101110000100010101000111111111010110000111000010110011
01011100011100111101000010110101101110000110111011110101100010011001110011111011011111110111010110111110111011101100100101000111
11101101101111111000111111110100001011001110111001100011011010110000110001111001011010011011101111000011010100011111001011110011
00011011100110111111111111110000101001001010000000011010110001000110000111101011111001111101111100110110010010010000110010011001
11001010011111100000111000111110010011001010110000101100101011011000101010111110111100111111010011011101001111100101010011110111
00100100111001010110100111111000101111101100000100001110011000010101000010011001101000111010111000111111101001001101111010110001
00111010011101010001110011110010001111111011111111010010111100101010000101101011010110110011101111001011011111001001101111010000
01001001010110011001011010111110100111100100111010100110100010110101110111011101111001000011101010111100010110101111101000010101
10010011100111101100011101000101101101110011011001101111101011101010001100100000111110010111101100000110001001101111001010001111
01010000010111101110101101010110101010010101100011000001111100101100100011111110010110101100111111100011011000010100101011000111
10010111111001010000111001000111101101110000101000111101000010110111010100101111110100000011001100101010001110110001001111101101
00100101011010101001001101100111101010010111100100010010110011001000111111100011100010001000001000000011110110111110101100101101
01101110000111000001011011001101001110101100011001010001111110010101100110010000001101001000111000111111001111011000110010000110
10011011101110011011100111000001010001110111110011101101111101010011010001101111111001111001111111101011011111010110101000101110
11011111010001000010010101110101111111011101010100101100111000100100111110001000011010000011111111110001100110111110100101111010
11110100100111001000010101101011011110011011001111100101001011011001110000100010110100010111001101001111110010011111110110011111
00100010100011001000001111111001000110101111111011110010111111011100001001110011111010100101100111010010001011101101110011100011
10010110100101000011100100010111101111000101101010011001001000010110011110110101110101010010011111001111100110101011011100111111
11011110000100110011110100001111110100111111110011111010011010010001110000101010101001110001001101011001010101000111110111001001
01011111111100101101110110011011011111110010111011101101100010110100010001100011110000011111111101011111111111110111010011111111
01011101000111111100110101111101100011110110011101111011011110111100011100111010100000110011111011111000010001100100101101110111
01110110111010101111011001100010101001110001001111100111000100101101100111011011100110111100101111011011110000111111101100111100
00100111011100001010111011101111010111010101010000101100100011000101101110110001101100110011101011111101000010100100111111110110
01001011101111101010011011000111000100101111010100101101100111111011100100011000110011111111011101100101011110101110110111101010
10101111011111011110101111100010010101010101101011101001011110000001111011000001101011110011111111111000010110100101110110111011
11100000111111011000101010101000111100110001110100010111110110101100101110111000011011011000111100101010101101110011000000000111
01011011011101001010010100101001001100110101100010010110110010100111111011110111010011011011000101011111100001111011110001001010
11110000111011001011110110011111011011110011000110011111001011001100110011110101111111111011010110111111001111101100111001000110
11100110100101100010111110011001010011111110101111011101110111111111111001110111011111101110010000001111111101111000011011000100
11101011101110100110111001011011010101110011001011001110100011110101011001110011011010011001101000110010110100101110111001111111
11101010101100101111010000000110111001010100101011001010001101111101100110011010111111000111110110100011010100010001110111111001
10011111011001011010110111100110101100001001010101001001110000111110010100110111111011111000010000000111001100011111111101111010
11001011010110110101000101001111100110111000110010011000101000100100101010111000100100110101110111010110001011100110011111011111
00001100000101011111100011100000011101101111000111110001011100111110101001111100011110001001101100011001011010111011101000010111
10011101111101011011001011010011000011010001001011001011111000011011110110101101100011010011011111001010110101000011010110110000
10010011110101111010011000001101110001110010000010001111011110110100110110101001001110011011100011101011100100100111111011011101
10000010110101110111111010010101111101110010110110110011101110011111110101110110110110110010111000011010110010101000101010110011
10001111001010111010010001110000111011010101100100111111111110100101011010110010010011011000101010100110001010010110000011011000
00111001000011011101110001010110001111111001010101010101100100110111110001010000010111110011111101110011111011100011001111100111
10111101000111101011111001110011110100011010010101000111101111101111011101101001001111110010011100010000011110010000110100011001
11011011010011100011110011000000111110111010110100110111111001010110111100100100101000101110011111010010110010010000100110110100
00111011000101001110101001011011011110001101001110011010010001111000100010001011111111011100001011010000111101010111100010100011
11010001111101101001111100010110100100111011001011111000010101101111011110110011100111110111110111111100011101111110010101111011
11011101101111001111011000100100110001111011101001010001010001001010011100101001100111010100010011110010110101111000101110001011
10111011101100011100001001101000001100111111110000100010101010110001101100100010100100001100101111111100001100010111010100100101
00101000011111101000101010010001011011001100001111011011100011100000101001110011011110110110000000101011001010110011100111100101
01001001111100101001010010000010110001111010001101110110111110101111111111111110001100110110000001000111010101011010101000100100
01010101001101001101110010000111101101101101010111011110011010010001000100110001001000011000100011100101011100110010111010000101
01000101111000001101011110111111010001111111000110010000001111010010000010010000011111010111111011100111111110101100011110001011
01001011110101001001000101110001101001011010010001111001101001011010110011110100101111101111011111101011010100111111011010100010
11110111010101101101101001001101111111110100111000011100010011100110110111011110011000111100101110111001001011011100001110010111
01001100111000001101101001011101100010101000111000111011100101001111000011001111101001101001000001010111010111010000000110100010
11000011010101011001111100001001111001110100011010111011111011011010110100110100001100010111011111111011101011101111101111001100
10100111001100110101010101101111100100101101100011010000011000110101101111010111000101101111010111001100001000111100011101011010
01001111011111101100011111001000000010110110101110000110111101110000111011010001100110110000111101111111101111001101000100110000
10000010010011010111100101111001100100111010010000101100101111011111111110101001011101111001101111110010110111110001011111010010
10111111000100110011100101001100111100111010000111111001111010110110110000101010011110001100101000011101000001101100001010001000
01001110111111011101011010011110011010001001101110110010010011101011001011100010100100111110001001001101101101010101110101011001
01111001111010010010010001110111001001011011011111011001110110010001111010110101100111101111111000101110001011111111101100011001
11100111111111001111011001100100101001110011011011011001001010001000111010011111001010110110001101101011101000010011111010010000
10011100100001110001011101010110111111110100100011000100011111101100101100011100011100100110001100111010000111010010000110111110
10001111111011110001010110111011101101110101001011011111010110110010000011111000111011011101001110110011000000011010011000111111
00111001101010111111100111010100101111100110110101111001111001011111111100011010011010001101111100000011100111111100101011010100
01101001011000100010110111111011101100101111011010111110111010110010001010010101110011011111110011111011001111001100011011001100
01010111101010010010001001111110011010001100101101110101000111101111110001001000111000011000100101001101001000001010001110010111
11011101101110110111101111011011110101110100101000001110000010011110001011110010100111010110100110001100000001010101111110111100
11010111100011111001111010100011110101010011011001111100111110010011100111111000010111101001101010110111110101010110010111000111
10111101001100110110000100010011001011011111001001111100111110110101111100011111101011111000111111100001110011101100001110101101
11100000111101100011001111111111000101111100101101111001111010001101101001010010110010000101111111010011111011101100011101110010
01000111100011000111001100101000011001111110110001011101011010110110001100011000101110100111000010101011110011110011010000110111
11101110111110001111101111100111101011111001001111001000111111000001011111000111111111000001110011101101010111100010110010100000
01000101101001010100010011011111011001101100110111011100101000100011100011011111011101101111110100000100101101000011001110011110
01111101101110001001001010110001111101111011111010011011110011110101001010000101011111101111100111001101110001111100001101001011
01101011000101001011111110110111111001010110001011111111001111001001111110011101101001100111100101110011000000110100001111110010
10101010101000010011001111001101111101010011011111101011011000101001010010100101010000111010000111110011101011101100110001000111
11001110111110110000011010111111101100100101110110000100000011000111110111010010101111101110011101100110001000111111110110110111
10101110110111001111001100011110100001011001101011101011001110001111110100011001100101110110010011111001001011001010101001111000
00111110110111011111100110110011001111111011110000001111101010101101101011111111111101111110010101110011010010010100011101100001
10111011100010110101110100001111111110000111000101111001000001011000010000001001101011010101111111100110110110100101001100100111
11011100011011001100100110011001001001110111010011011010100111111001001101011111100010010101001011100011110000111001110111110101
11010010111110111111011111100011100011111111001010000011110001011111111111011101101111100100111111010000101010001000111011001111
11000101010010001001011110100011000000111111011110011001111011011101000010001001111111011010010111100100111111110110011001110110
10110010000000011011100110011101111111100101010101100011110101101001101101011110011001010001001000101111011010101011000010110001
01101100010101100100010011000100011111111111010011100000010000101111111010111001010001110011111010101010001110101011011110110001
00111100111110111000111011110101010011011001110101101010111010110100000100111011111111111101100010001110100100110010101101000111
11010010110100001100111110111011110111011101111111110011101000000001101001111000110101011010110110100111100001111000110100110100
11010110101111100110100111100001111001000111100001111111011111101110111110011010111001100111100011010100100011001111011100011100
00110001111110110011110101011011010100001110001010101111100010111001000111100010001110011101000111010010101101100101011000110000
10111111001011011101111001000101001110010110101111001101011111011111101111000111110001011001010001011111001111101111011100011101
00111000011100111010100010100000000011101111011010010011111111111100001000111111111001001010101010000111101000111111101010000010
11111111100101011011111111001111011011110011010111001001011101110100010111100011011011011100111011010001110101010111100101101100
00011101101010111011001111111101001111011100001100011001110110001100011011100011111101000111011010011110001000011111101111101001
11111100011001010111001001111010000111101100110111110100111110110110110010110111001100010111110111100001101000110101111101110001
11101001101100111101011010110001111110011101000001100010011101101010000010101101110110110101111001110110100110010111011011110100
11110001111011000101011111011000001110000001010001111001001110010001001110111110001101110000110101111001100111101010101010011100
01101101010011110100100101110011011001110101100110101000100000000100010111011100101101111011001010110101110111000100101111110111
11000011100001001101100100111010111011101000001111111101011010101000001011010000010110000100111101000101111011111111001011101001
01001010111100001111110101100010111100110001101010111011101000011011101111110101001111110111101001101010110100011101101001000010
10110110101111011010011111000111101011101101010111001110111010011100000101100100011011111111110100010000001011111101110010111001
10011010001001100010011001000101110010010011110111100101010101000101100101000101010101101011010101100010011111101001101001000111
11100011100111000110101001001000101001001110001010000011010101111111111011011000110101100001111111100101110100110111001111111101
01110010101110001110000001111011110101110010101110101011010001011111100011111100010100111010110110111101110110110111100111100010
01101100001101111111100100101111010101011011001110000111011110100111011001101101101110101010110110101000111100101110111111100000
10110111110111110001111010111111010111011010111100000110100111011101110110001100110001010110100110000011100010011010001101101001
10110101101111100010101111110010111001111110001100001001101001100111110101001111100111011011010010000010111100101100111111010011
00000111101110000001101111110101110111000100000000110011100110001111011011010101011011010110010100100101111011101010101000111111
11100110100100111100100110110000011000111111010101110000111111110001010100110001101011011101011011101010101110101101000000001111
01100111000111001111110011011011010000110100110100001010111101111000101111111101110101100001011011101010110111000110111010010101
00010001111011010110111100111111010100111011001110111111111110011010101110110010001010001010110011101011011100000110111111111110
00101110111001001110111001110111001000101011000011011001100100101011111111011011001001011101100110001011011101100011000001001100
10011100011111010101110101111100110101100010110011110110111110001101101010100110110111010011000111010010010101111111111011110110
01100110100101001011111000111001010110010110101110111010111000110000001110010010001001111111101000111110110100110100011011011101
11111011100111100100000111011110110011101111100100011111011101101111010111000101100001111010101010000101011011110000101111011111
10110101011010111100001111001001111011001100100011100110001011101101001011010111000011011110111110111111010011100100001101100010
01001100001100101111011011111100111001011000110010100110011011100001011111111001001111101110101000010110011001101011001101000011
11011111110100000010001010110111111111011100010001010101111101111110100011111110010000101101011000111101011011101000111011010000
01011010111011100101011011100111101010100010110000111000010101100110000110110111111011010000111101011011100011000110110110101111
11101101011000011010100110000111111110000101110001110100101111011100001011101000100011010011011001010110110111101011101000010101
11010111111111111101110000010010100111011011100011000100011011101111000110010001011110111100011011101111000000011100000110010011
01100000101011001100001110100110011100110111110000100101001101001011111110011110010100111111100010001011100101010101101001001010
00001110110010101001111011010110101110001010100000010111110101011100111111001010101000110111011000010110110111010111011011010000
10111111110111110010011011110100111011001111011111001101101010100101111110001001100010000111111110111010011101101110010111100010
00101000111011110110110110111110110110100101110001010000110011011011011111111010110100010110111100111101000111110000010110101111
10101111100011110101011111101101110101010000100101101101101111110001111010110111101011101101000111011010111011101011110100111100
11111100010010110101011011011011111111110011011110110110001001010101100011010101011110010101011000110111000010111011000000101110
11111000010000011001011110101101010011110000110111010110101010100011011111000011111110000001100111011100001101001010101111110000
11101111000110110110110100110110110010000010001011110101011010101001101110100000001110101000100110111110110101001100011111100110
10011001000100101001111111010011111010100011100001111000001111111111111101001110101101111101110111101110011101100110001011011111
11110010101001001101111000100001011010111111100101100010110001001100100011101011010011010110010000101100001110110001101001010101
11000000111111100101011011000010001101001010101101111011001001111000011000111001110010100011101101101111110011011011011111101111
11111101011000111001100011011110110110100110011000010111100001010110010100000110101001001110100101011010111010001001010010010011
01110010011101000011010011110101011100101011100001111101001101111100011100110111100011111100101001101011011111111111000110111110
00001110001111011011100011011110011100111110111001011000011101011111011110010000101000111100001011111101110111111011101001100011
01101011010110010011100010011010001110110010100110000101110001111011010110010101101000111110010101110010101111011111111001101000
11100000001110100111111010011011001010010011000010101001111101010010111001001110010110011000111101111111101010000110010111000010
01100110110011000111110110111101011011111110111011111111111111110110001011100110101110101111101111011111011100101011111000100000
10011111010101000110010111101011101010100001011011010101001010010000100100000001010001011011011001110101111000001011100111011011
01100001010001101000111111101101010111100110011000110001110000111101111111110111101100111000100110110111011110010001101001110011
01111110111001000110111110010010100010111101010001101010011101110110000101011010101010001000011100000110010111001101110010110100
01011101101101000111110111101100110111001111110000011010001111110010010010110110011011011001101100001100010011011000010100001111
00110001101111011010101110000111111110011110011110011100001001011100100101111001011111100001001111001110010101010111011011010010
11100010111101101111101001010111010010001110100110110100110101111010011011111001011101011110101111010001111001001010110111000010
10100111001100110001100100011111001011101010010111010101000101100110001001110110110000011001111101000111110010010111111100000111
11001100010000010011100001010110000110010111010100101111100111101110011110010111010011011110110000111110000101010011001001100110
01101010111011011001010011000100100110110011111101011111001111010101100110010110011111111010011110110011011111110100111000011111
01110110110110111111001011100011110110100001000100110001011111001100100101011011101001100100011011111001001101000100011010000011
10011111111100111110011101100001101001101111110011101111100010111000111110000100110101011100010110111100110010000000101100010101
00110111111110110001011100111101010001010100010100011100011011111111100111110100101001111011110001011000101110110000101001110011
10011001011110010100101110110110010001101110111010001110010111010110111101101101000011100110111010011100001110111101111010101011
01110011001010110010011000101101101010110011100111011000100011000110111111100011010100111100110100000110100110010110101111110111
00010000101110111001110001100111111110010101001011011110111101101011000101100101110100001100101011111101000101101000101111011111
01100101011000111011110101101100100011000010111110111110001101110100101001111111111111101000101111100010100000010101100010110111
11111010000101000001110011110101110000110000010101101011010110110010000010000011101000011101000010111110111101101001110101101111
00111001000011100000110100001111111101011010010010001100110010100001110011101100111101001111000110001010100000111001101110110010
10111010011110001101110100000110011110110011100010111000100100010101001110011000000100100101111111101100001010010011111101110101
01011110110011111000100111011100110011011101000011001100011011011000101011100111111110110111000100100010001100110000110011100111
01111011110101000011010100010110101000111010001101111011101111000001001110101110111101111110010111101100111110111111001100011010
01110101010111111101000101001011110010111010011010111111100101111101111100111000001010101100001111001000111110001010001100111010
11011111110000101100111110100110011010000110011101011000110011100100110111000111111111001111001100010011110110111111100111100011
10101000010001010100101000010000111010001100111000010111101001011100111101011101011000010111000110011111110011111100101000111000
11111001101101011010100100111000100101111111110110101111100000010011111111010110101001101010001110111010001111010110111111110000
11111100101110101000011111010100100000101110100100001111101001011110101101010110111001011100100111100100110110000010110111000010
00100001101111010010000010101011101111101101101010110101100011111000011101011000101111101111100110011101101110001000101110011111
10001011111010110001111000111100010110111100010101010101110110000100111101010110101011110110111100000111111101001111011111000001
01000111111010011110010011011110101111011010110011101000001011001111100001110010110000110011100111010110111111010110110111010101
11110110010001110011110111011010010111111101101101111111010110000101000100110110011010010110000111111010110100111011001010010111
00101001001011111001101001010000110011111000000111111111111010101111011100110001001100000111111011111011100011010000110010101110
11100011111010101010111010010011101110110011001001011101101111010001100110111000101110011111101000101110100011011010010010010001
00010001000110011000011111011010011010001001010101101100001111000100010110110110001100111010101110001111101011101100111001111010
00011110110011000111011110100111010010011101101011001110001111101111011001101110010100001001010001111101101101011100001100000011
10110110000001110100010000110110010011000011000110111111011110101110001001010100000011001111101101111100010011011111011011111011
10101110110101101011101110000101111011111111010011110010011011110000111100001111111011111101111000100011011101100000111001001100
11110111011110100011111000011010011010110001011010101000011010110111111011111010111010111110000101101111111111111000100110101110
00011110110011011001110110010110011001011110101100010100100110111100001111001001000111010010101101110101101110111010001111101110
10100000101100010101110110101001011000001101110111111111001110100010101001111001010100000011110010110001000110100011011110111001
10110100111110011001000101101111110100110010101100101111001111101110000010001001001110100100101011010011010100101110100011001011
10001100010101000111110010010110101011111100100010010110000010100111001101110001011111100100111001100100001101001111110100011111
10010010101011010100010110110000100011011110011101011101110110110100100011100000001100000100100010111101010001100011011011001111
01011011111010101100011011101101111010100100100110100100100100110001000110110100101100111001101110101111000110011110010011010111
11111011001011111110101101111111000110010101000001101101111010101110010010010110010011111100011111110111110101000101011110111101
00110100011101100101110111001001000101001011100101110100111110010001110111010101110101101101011111111101110001010100111000101011
10010011100010010011111010010100110010010000101110110000110010101111100010101101100001011001100000110101111010000110011110110111
01111101011111101011100011110011010111011000100111111010110101111000011001111100010001011010000100001110100001110111111000011100
11111110000011010011110001111011111110011111111100011101011100010100111011000110110011011101100111100011001010011101100001001001
10010001001010110011111011011110101111101001001011100111100101111111100101010000010110100101110110100010111011111111001011000001
00110110101011011011111001101101000010011001000011101011011100111000101101101110010110011111000011101101111100010100011010010011
01011110110010011000001111111100010111100011010000011001110100000111101101011111111000001101110011101101010111110110111111000110
10110100001000101101011101111111111100110101100011101011101011010001011000001000010101100101011010100011111111111001100111111111
01001111111010111111111111011110110011001100110010110011000100101010110100010001000110001010100100000010010000101000011110001101
10111110110111110010100100111101110101101110110001011010101011101101100101010000101010010001110111011110001101011100100010100110
11111101010010011100010101000101111010010110100111110001001101011100110111100011001100101011111011100100011001100101111101001010
11010110010011110011010101001001111001101100011100111001110001011010101111101111110110100001010010001001011110111000011111110011
11101001111011111001111111000011111101100111111011001100001111110110001100010101111100111111001110110101111001000000011101111100
01111011110001111111010111010100110101000111010101001001011111110001110111001111001011111000101000101011110001110111001010101001
11010100010110101011111111010010010001011000010101101010010101000100101111011111111010011010101101110110100101000111100001101001
11000101111011110101110011010000101111000110100011010000111010010101001010101111001010101001010100110011010011011101001111101011
00100110010100110001111001101110100011110100110000000011111100101111010101110110111110010111000011111011011101001100101001111110
00101101001011100100111001001100010110100001100111101001101000011010011000111010101011101111111111000010100110111100111001001101
11101110010100111010110001101110010101011101011001110001110111111010100001110011100001101111011000110110110111111100100001000100
11101100000101011111011100110101011001100110101010110111100110011001011101100110001000111110000010111011100011110101101011000101
11110010010100101100101000100010110101010100110011111011111110100011011110101111010110110100111110001110101010111101000111011111
10100010000110101010110111111101100011001101010010111011101011001111111100111111001000110110100101111100010111010111100110010101
10010101101010100011111001101100101011110011010110111010010111011011110000010010000110110101110011100100010100110001100111110001
11001100101001101010000010001110101101011011100011111010001110100010011100010001110111011111101000001010110011011111010001011100
10111110110010101010011000010110000110001101110101110111110101111000111000100110110001110111100000001110101010010100011011101111
11100111101111011100110101100010011101000101010101110111011111111110011010111010000111011001011101001101111000001110110110110101
01100011001101001110011100100010010100111010011001001010110011011101001111011010110110111001111001011110110000011110111110011110
11101111111010111111011001110000110111010111011101001000101101011111110011011100001110001101011111010111110001011010001001011111
11111001010101100111100111111110110111011110010101110111100101001111110000101100101010010111111110100001110100110000010110110011
10100000100100101000011001001010010011011010100011001011011001100101001110000101111110000100010011100010011110101011100110011110
10110010100011001111101110101100001110011011010101001100011010000100011011001111101001101110101111110111100000101010010010100111
11011001110000100110001010000001011110000101101110001011000101100100000101100101010011111111000111011110000001101110000110100110
10010100111110001010110011100000000100100011111111110110111110101000101100110111011010001011101101111111111011101010100001000010
01111110100111111111101010010111101010110100010001110111110101110001101011100100111110101110101110100011000011011010010100000111
10111110101111110010011101101010111100101101000011101010001011100011100111110011011000111100111011110111001111101110011101110101
10001110011110111011011100101101011101011101001110110110010111001001011001111100111101111111110001110110011110100101011001001100
00001001001110110010110111010010100110001001101010011101010010001010011100011100110010110011111110111011011101010001100100000101
10010101111101111111101101100101100011110111000110100100010101000001111001111101100101101111110110101010001001101111010010011111
11011000001011111001100011110001001110110011111001101000101001100110110011111011110111111001100111100101111100100010011000111011
00111011101111101001011011111101100100011001000011010001101111010110111010101110011010111110010100000101101111101100101001010010
10111001111111110001110100111100011111111111111001001011001001110110011101110110110111101001110001111001010001110100100110100001
00001101000011110010111010000111111100011111111010000011011110100000111101111101001101111110010111111110010011001101101101101111
10000111100101110000110011101101111101001111100100111001110000011001111111101000111100010101101011111100110101110010111101001011
10000111110110011010001010110100110000010011111111111001110010010111101011011110100010110111010010111100000000100111110011100011
11101011101111011100101010101110000001011100101111010101101000110011010101001100110111000010101011101010000110000111100101011011
00111110000110111010110110111010001111001110101101100011010010101101001001111001011100011011100111010100101111101101101100001110
01101101110001101001111111111001101001001111100100101110101101010110000111011100011110100011001000111000100100101111010101100101
11110111111100000101101110001011111000101000101111110111100110110110000010011101011101101011000111010001101010010110010010110101
01111101010100110101111010011010010000011010010101001110110001001111111111101110100101101000111111110011011100111110100111001111
01100000101110001101010100110111011111000001101111110110011011001101111100101000010110000010111010101001010001101101111101111111
01001110101000010001010000110110010111111110001001101100101110100101101101001101100111001110011000001010011001111100011100101001
10000111010000111111001101011011011110111101110111101111110101100001101010110101110111011010000100110100100100010110110111110111
10101111101010011001011101110011110010101001101101011001011110100111000111110111111100010100111101001111101000110101111001111001
01101010111110000100100001111000010001010111000001011101111111110110000011101110101111000001010100010000010111001110100111110010
01000111001001011101101011111111110010010110101100100010110111001100110110111011010010110110010100101110010111000011101001111001
10111110100110111110001100000110001110110111100101100111000111110101100011011110011011011011010001010111101111101111001011101111
10100001010000011101000101111111011101101011100011010011011000011110000010110010000110100010111101010011101011101110101110001110
00101000110100100111101000110110100100110010011011100101001011100010111111101111110111111111010111110101110101001110010011111101
01010010111100101000110011001100110101011101010110000110011111101000100100011001001011111111110101100110001010110110000111100110
11111001011001111011000111101000111111110010011110010100011100111111111101111001111010101100001011100110001100111000011000110100
10001111011111101111101100100110110011000110001101010110011010011110111111101011000001001010111001110101010110000010101101011111
00000010101100100110111100111110000011000110100111011011010001011000001111111101011110011010010110000110001101011000111100110110
10111111111000111001011011011111010111010001000101111000111010101101010011101010011001001101110111101101101111101011010010110010
11110011011111010111110100001111111100001110010010100011111110110010010001000110000110101000100010000001001001111001011101101100
10100011110000101101110100101001111100100110101111101100010011110111111101001000001101001110011111000101000111001101110110001001
11100101010111100111111100010100100111001010010001001101110110100000100011001110101111011111011110000111001010010110010110111100
10010110101111101011001100001011111111111100111000111010111011010100100010001001011011111011100111110100110000101000001100011011
00000101111101110111101010000101010011011011011001111101111011101101101001100011111110110000010000111101111111111011111101101101
11111111101010101101101010010100101000011111100011010110010110001010111011111100100011011111111001001000010100011111110001100010
00101101111111010001110010111110111101011101100110010011011100101110010010111110011111110010110110111011000011110101110011100100
10001100010101010101001001001110111110001011101101110001101100101010111011110011110101100110101011001101011110111011110000111101
00011000111010100101101111101011100011101111111101101011011101111111111111100110100110110110101000100100000111000011111111010001
11101100011111111101111110100010100111011011101000000011110111111101100111100110001110101000011001001100111111110110011011110001
10011111000100100011101111110100101110110111101111110100101111101110110111000101110110111001111011101001001111111010111010011000
10110110001101011110000100001101000101101001001101011111000111111001001011101010111001101001011011001010001001011011001011110001
11011101110011101011111001110111110101100110000101110100001100110011111010110110110001101010001001010010110101100111111111111011
11110101000101111010110011001111101100001000011000110100110101001011101111010100011001100001101011100001111101011100011110101001
00010110101100111111111010111110010010010111011011000110111001001101100110000010011110011101111011110101111000110011001111011111
11010110000110111011101111001001100000100000100100100011100000110110111011111100111100010111110101011111110110101111001110100110
10011000011110110100111110111001110010110110011011101100101101011010010100111001101011001001011001111110111001111000111111010010
10101001111110101100110110111010011001010001001011100111000110000110011001011110010011111000001100110111101110101000100111011011
11110000001110100110100100101100010110000011110001011111110101111011101000000100001011110011100100110001101100110011101011010110
11011101100100010101110110100001111000010011010001000101101110011110111100010110000110011110011111101110011001101100011001101000
01001000000101100101110011000100111001010100100101010001001111011110101001110001111000000010010100110011110001010001011100110110
11101000111101001111011110100110001010101011110110010000010011110010100101000111001111110101001011111001010110111001001011110110
10010111000110000011101010011011101100011100111000011001110111101100011101100000110110011110001001100111010100110100110010101100
11110010001110100000111110010110110001000010001110100011101110110011001101100110111111111100111100110010001111000101100100100000
01101111001101001111100010111000100001111011100101111010111011011101100101101011011111010110110001100101001000000110001110010001
01110111101010111100011100001011001111010111110010111111110001101110010111011100010000101101011010001110011100010100010000011110
01111011011110110111100011001101011110101100001011010000001111110111100001111100001111101111000111000111010101001001001101110101
10010011010111001100101111001111010110110100101100110011011100111111011011011110000110001110100101111011111010010010101110111000
10001011010110111010100100101111111011010001011110010100111110011000110101100110011000111111101011101110100100101001000011001110
11110110110111101110101011001111011101100001001010010101001010111111111100010110110010111100011100111100011011000101010111101100
10110110111111110010100010001011101010101100100100111101011110001101010100001101111000100111010011110100111011101101100110110011
11010101010100111001000010001101110100000110011111110110100000001110111110001101010100110111100101110110000110110110111000100111
01110010100110111011110001000101100100101101101011010000111100111000001100110100011111011101111101100110001110010010011111111000
01101011011110100110100110110110100011111110000111101111101000000000101011110000010011101110110011101111010101000010101100111010
11110100011101000101110010110011011010111010100110111010001011101010110010011110101100110101111100101111101000110110110000000101
00010001010001100111011100001100110000100111110010111111011011100011011111111001010010111111111101011111110000111001011111010010
11111010111010110101110010100011010010100111101101111011111100110000110000000110010010100011001101110010001110001000110000011000
00100001000111110100111010010111100011000110100011011111111100000011000101011001001111010101110001011101101010010101101010100110
11101111110100101100111011100111111011101011010100010011000010001101111000000111111010001111101011110111111100111111101011100001
10001111110000101111111011000110010011001111110001011111110111110111100000110110001001110101000011010111101110000000001110100110
11001010010011110011010011111100011101111101010001011010111110011001111010100010110001110100110110010100001111111010101011111011
01110001011010011110010000010110101111010100110111010101111001011111101011000001010011010111111011011101011101110111111001101110
00111110001111111111110110011001010011010001101000000110101011010110111111100011101101101001010000110110111110110010011010100000
01100000001110100001111001010011100111001100001010110100110111011010001111111001100111111101111001101111010111011010011001110111
01000111100111000011110011000101101111010011000011001100111101110100110111111111110100001111001111011001111000010111011110010110
11001111011111111000000001101001111110111111011011100111000100100001101011110010011110001011101010010010110101010110011111100111
01011010010011101111011010110001110101110011110111110110010100111110100001111100100111110010010101101110111001111110110110001101
00110110101110110101111001111110111111111110111101010110000001001011001110111001110101110000101100010101101011111000101000101111
01100111111111111111100001101000110100111101111000110111010011010110111011100110100101110011100101010000100000110101011110000101
11110010010011111111111011000010101101010101100011010100111001010000001100011011011001011111110010011001100111011010011001110101
01100111110101001110010001101110101110000011011011001101100101010010111100110001001100111100111001001111000101111110011101110100
10110010100011000011011110110110010110101100111111111011100111100011010101010101101001100110111000010011111101001110001010110001
00111010001101110010010111000110111001101000100011101111011000011101111111100011000100100000110001111111001111011101001010001100
