01111001010111100001101110110111000010001011101111010101011001011111011111000011111010100010101110101111101111000011011000011101
01011001101011001101001101110101110111011010100011011000011000100110000111110111011011011011110101100101110100111100110001010101
10000110010010101001011000111110100101011000010111101010010100110011111011010111110111001111110111101011101000011010110101101100
11010011110110111111100011110001010011100100011011111010111001110010111001010101010110011100100110110100101010011111000101011110
10000110101100100010011011100110011110010000010111000001100011010100001000101101101110001111010100000111110011100101111111010111
11001111110100111111010110100111001001100001111111110110101111100011010111101001101100111001010010110111111100110110111010011011
11010100010011100011000011110100001111100101110001101110000011110001001001101111110110001011011011110110000110111010011101100001
10111011100111111101010001010111010100100111100001101001011001010110001110110010110010001011111000111101111111111111010101110111
11101100101001100001010101101001111111111100011101010011111111100010001110010001110101001010100010100110001100111010111010011010
11100010101011101000101010110101011001011101100101101100111011011010101110110111101100110010100011011101111000010011101011000111
01010100110111111010110010011101001011001111100111110111001110010110001111010111000110010001011101000101011101100100100111011111
01000010011111111110000101011011110111000101100111010011100010011001110010011001111110110101010011010011111000101110111110000010
10110001010110100000110100000011001001011001011100010101101101101000011100111000101011110110000011111011101100010110000111000111
01101011011101010100101101111110010011100010101001011110110011101111111111000000010111100000110111011111010110010010000100111101
10000101101111101001110010111111010110110011111100101101101010101101111111001101010011111011100100101110001111011111001011111010
10001100110001010001000101111000001111001101001101111011100100011000000111000111000010101010100110101111010110110101110100100111
01010110101011111011011101100110110000100010110010110100110011100111010000011111011000101011100110011000010010101001011110110011
00111110010110001101110010001111100011101111000111100101111110100011100101101111110001101111110110101000000001111001001100101111
01111010101110111111111111111001101100111110001001001100001001110100000111011110101100101110010110100101110011101111111011100101
10011000101100100100010100100101010110111011111001111011101110111001001100111011100111011011101011100001110001011010111100101100
01101001001001100011101101111000101111110011011011100011111100110101011000111100111111011111110000010001011101001111010110100110
01101010011111010001011111011011110101011000001011100001110001110111001101110111100111111110111101001111100111100110001011110110
11110010111100011001110011010010010110010111111111110001011011100000111011110011100011011100010101111011000000100001010011010101
10001100110110111100111110100111000100101110111010111001110010001100110001111100010110010101001001001001110011010100010111001111
10111001001111100110011101101011000000111110110110111010000011110111100000101000101101101111110111110111110000101100000000111100
10010011110100001011110111111111111011111100111000110000000110011111111011011111000010110100001101011101100110110001011110010111
01111111000010011001011111010101001101111101111000100111110110101100110101001101011111000011110001001100111001101111100110110011
11100010100100011011101101110011010000011111000011111001110110110010101101110110110011101011011011110101110100111111111101010011
01011111010110111011111000110001111100000011000100010011101011101101100111011111011010000101001000000110111010100011011111010010
11001010110010110011011000001111101101111100011100110100101100101000011010101000001110000011100001101110011110000110000111000001
10001010101000101111001110100011101110001110010111101111110010110101000000111100101000110011011011000001001000110100101111110010
01011101111110101100101101101110101110101111010000101101010001000000100100100101110000010110001110111000110001000010000101011110
00101111111101000001100110001111011000101001110011011100101100010001000110100001111101101010100011100010100010011110001111011000
01100001100101101110110110001111010001000101011111000001010101011001000110111001110011100001011101010100101100001011111111001101
10100000101100110110111110011001100110111010100111010001000110000010100110001111010111101101111101001110010001010111011100111011
01100110000011010111111001101100001110010010011101100101011011100011101101111101011000101111100000000101111100010101111011100110
10111100111101011110110110111111000010110111011011001010110001001011110101111011101100101100100101111100101100101010100011010100
11110011010011011111111110010001101101100101111111010110110000111111100011111111001001010011010110111010001110001000111011001000
10101001111101011111011101110111110101101111101011110101011110011101000111101000111101111110110101101100001111101101100100111110
11111111100000100010100100011010001100100011110010111101111101101011110110010110111111110001000011011101010010011101111100110110
01001000010100111001101010011100101011111001100100101000001010011000010011101110111101101100110001100110101011010100111100001110
11010111011001000111001110011110100011001001110101111000011010011000011100110100111000111101001011100010010100001011011001011010
01101011010000110010111001110111010010001000110001000010100011101010010001100101011110001010100111011010100101001010101001101011
11101001110001101110111110011101110011010101110010011100100010001001001010111110000000110100111111001001111101101101010011001000
10101000100100101001011111010111110000111010011100010111100011010100100110011010001011001011110111101100111010011011010111010111
11111101110111101111010001100111100011101011111010010011111011111011100011001101101001010100100110011001010000101110101111011000
11010101110100100111100100011101100101100000101111111111011110110111011000011110100101110001011110000011011010010001110110001101
01010110000111010111011010010111110100001100000010010010010111010000100111100101001010011011011110001111111111100000011010011110
10110000101011011001111001001111001100111010001110111011001010111010111000111000110010001100100010101110100110100111001111110111
00110110110011111001010111100111101010110110101000101001011101001101000111100110011011011100110110011011001111000110110000010100
10110100100010101100011001111101101011101011010000001111101010011011001101001110001011011111000011010100010010101100110101111111
11000011101011100101000100111110000010101011110100001101111100001111110111101000011101101110101001001010111110010111000100001011
10010110011111001111011011100110000011100101100001110010111110111101001110110000111011011011001111101011111101011101101000001000
00111001101100110111010110100100111011111010000001101011111000010011110011100010101001101000101011010110001101010001111001100110
01111001000110001011010001111011111011000111001100111111100000011010100110001010101110101011110011111111111111111111000110110111
00001100000100111000110111101100100111000011110010010101110011101010111101111111101100000111001110001110111101010000010001111101
10011001011111111010011010011010010111011101001011010010010001011010111100110100000001110111001010100111111010110011101101100000
00000110100111011110101001001111100111000010010001011011011111101001110101100011111011111111100000110010011101111001111100100101
10011110111010001010111011010011110101011000110110011000010001110110100110010000000111001011101111110001011111111100010101101010
10110011111011001001110111000011111011110010001000111111101011011010110001001111010010101111110101000011100010100100011010110111
00001001111110110010010111011101111101101011110010011101100011101101011011001001110011100010100011111011001111110110100111001101
01111010111011011101110000011101001110110111101001111101111000001101100101101110100100000001000101101101011000111011111010011101
00000111100001010101011011011011111110011110001011010100001100011001001011111011111010100111101110011010001010011010000000010111
00000111111111101110101100001011101001011110010111011011101000011111001010101010011011100011011010110111111001110011000011010011
01110100011100111101101110100010010100110011010010110011010001100111010101011101100001110000111111100011111101111000110111000011
11001111001101101001101010111100001110110011001111101110101111011110011000100001001010100010011100001111111011110010110100000110
11000100111000110001100011110001011111001010011010001110011001101011011011110111100011010000111001010011110010110010110110111000
01110100111111111010010011010111000100100101111011111110100111111000110100110110001110111011011111111001001100111011011010001000
10100001101101110010110011110011111100100011010111010101101110110001111111101001000011101001100100101101001111010011011110110010
01101110110100001000000111001101010011100110101110100011111100001011110110110101011111001001001110000100110011001010110011011000
11001111011111110010111000011001010010111101101101111111110000101001111010000101110011100111100101000111111010101101000011000100
10101010001001011101101100001111001111111101000011001011111001110111110101110011100100110110100101101110101001010001011010100111
10000101111110000010001001000110011011110111111011111111101011111000110001001010011011100100101001000011001100011111000011100001
11011110000111011101110010100000100110000101110111011000110111100010111011110110110101001110010101111111110110111010111011000001
11110011110110010100110100010101000101000001110110101001000111001011111001111001000010111100011111011011111001001011001001101000
11111100010110001001011101111100010000110111010011011110110011111011111011111000010000100010111101101001100110011000101011001110
11011001111000001000010100000111101111111110110110101101100010011111110110111000010010011111011101010110011111110011011101111001
11001101111111101001111100101010101100101010110001001100010110010111111110100010101001100011110100101000110100111001101011000110
10111010110010001111110110011001010110001010001001111101100100011101110101101000010011100110011100110011101100011100001001100000
10001110001101010011111011001110101110001001111000010000001101001100010111111011010111110110000101001000001000101111101000011111
10110111010100110100100100110010100001001001010110100101111000000101000110110111101000101110011110111001000011010111100100011011
10011100010010111101111111100110010011100011010011111111101111000011011111111001111111010110111011011001010010100101100101100110
00101111111100100111011010001111101011100011110000010101011100001111111011111001110110011110101111110000001001010001011110101001
11000011100110011001110011111001001011110100100111010000000111101100111010011110110110010111101100011111010110100011110010101011
11110001010110000100111001000110010011001110000011111001010110101101001111100101111100010111110111010000110110111100110001000010
01110000100010011111111010011001100001110001101110110011110101101000011101001111000100010010110111010111010101110011111001101100
11111111101101001001111100111101001111010010110100011111010111101110111001111011011000110000110111111101101110111101001011001011
01001100100111100110110101101101110101010000010000101011001110100111001110111101001100010100111001001111100011111011010110010100
01111010000001100101110101001111010111001100000000110010010111011000110101111011111000010010100010111000011010111010011110100001
01100011011000101100111011000011011111000110010011111000111101001010111100001101001111010111001111010011101101000011011110011010
10110111010110001111110001011000110011111001101111100000110100101101001101110111011000111011100111010111111011001100111111010100
00110000001000110111011111111010011001100111110011110010101000011101011101101100000010101110111111011000011010010010111001100010
10110110011110101101101101010110100001110000100010001101111000011110101111010100001010110010101111011001001101000000001011101010
01101000101100010000001111010000110100100000000111010110110000010011110001100110100011010010110111000111101100001011101011010100
01000010110111100011110001100101100011000101111000000010101111000110010011001111111100001110010111111000101110101001101100011011
11010111000110011001001011001111011101100010001011101110011010110010111101000111110001010011011110111110011101001101011110011010
11001101110001000101111011101110110101010111000100010111001111010011010110110110111110011001001101010101100001000011101101001111
00011011101010101111001101010110111010110011011011100110011000000110001100110111111000100111100111111001100011011011100010100111
10010111111110011101100100010001110111110111001100101011111010001110100101010101111110010101000111111111111110000110000111011101
11101110011001111010111001111110011110010100110010100001101111111101111010001000001110111101111001111100000001101010101110101110
11111110000110101100001111111101111100100010111010000001101011111000101101111101111011011111000100100111010110011110110011000100
00100111001011101101110101110000010000011101111010000001001110111100010010111000111111001001001100110110100110001011001000010000
01001110110101101111000011111100010101111011111101111101101110011110001101011101011111100100000111010110010011011001000101101100
11010101111110101111010001001110110101001101111110111101111100101101000000111110111100101001110011101011101100001001110101100101
10000010100101011001110000010011111001011110111010110010110111110011101010001110111101111101111111111000010000110100110000101110
01001111100010110100011111101001110111111010100011001110011011001001100001110011011111100100111101011111111001011101001010110110
11011011011111111001011001000111101101100001111000011010010111111000100111011110100010100111010001011111010010110111101000100110
00011011111110001110001000010111100100011000100111101110000100011001010100100111101101111011110001001111010110000011110011100010
11000010111010101001110100101100110101101111111101001100100010110111111111011000111011010011001101011011110101011001101101000110
10110111100111110100010011111000011110101110011111011101101100011110011110001011000011111011111010110110010000101011101011111010
10111011100010110001010111110101111110111101111101011110101010011001010000111001110111001100111110111111100101011110111101100010
11001100000001001100101010001011101111001000001011010101000100010101111010000100111111011010111001100001001100101110001010100110
00001011100100111000101001100010010110111011111111111101101111101111111010010101111101011110110111010000111010100010111011101111
01110110001101110100111001110001100001100101000101111101011111011011101000111110010110101011000100111101010100010001111010000010
01100011111101100101111011001011011110101010011001000101101000100011110110101110111110001001001111111000100101100011110100101110
10111110111110000110100101111100100011011001000101000101011101100100100110101110000101011111110010010011010000000111110101110101
10000101011101111011100111000101001001101111100111000111010100110110111110100100110010010100011011100001001010110110101011011011
00110001011111111011011100111100000000101110111000010111001001110111011110011010010101111101001110100010111001010010111001101100
10001011101101101110000000101110000011101101010000101001000111001000110000000111111000010111001101110001000111101100001110011101
00101111001101000111111011110110001111010011010001101010001101000000010111100110000110100101111010101101001101110111111001101001
11100100011010111001110011011010001111110100011101001001111010110010000101001101011101010110000110101100001101110010001001011101
11100110001101100100111100101000000111111110011000101111010011001110110100101011011001011111110110100111101101010001111010101111
11001001100011101100101101101110010111101011011001101100001011000010100011101001111010110011001111111010111011111000111101110000
11110011011101110011011101101111001101000000101110111100010110111010011100010011101001001010111000111000001100011001101100100111
01011110001111011111010110001101110100100101001010100001010011011000111010001000001010011001111101000110000001111110100001100011
10011010010010110001011111011001111110001011000101011101010111110111100101001110111001111100010111100010100001001000100010111011
10010011101101111010111100010001011011111101101010011111001001100101101110011011101010001011000000110101110111110100101110010010
00001111101101011110001111110111001111100100101000111110101110101101010111110001110110110100011000111000011011111111101110000101
01010111000100101101001101100010101101011101111110011111111010110111111101101011000111100111100000110001110011101100000000100010
00010000111000111001100111010110101001100111010110111100011010110101011111100110111100110101111100001101100101101111111011010011
01011011111010000001011010110110011101011001111011111010111101000011010101110011110011111000100011011110101101111101000111011000
11000010100111110100011010111100010101101110000110010101000010100110011111101100010101011001111011111111111001111101101110011110
10000011101111111001011011100111101010110111111100101111010011100110111101110010101110011110011000001111011111101101011110110101
01101011011111101010000110011111110111000110001000001110001010001101111101101110010011000000011110011111011110100110001101101110
00010111110111110110010101000000110100110111011000110110111010100000111111101101110110000100001100111001110101111010011111110111
11011010011000101110100100000011000101110111100100111110111011101000111001011101011111010010111111111010111111100111111000110110
00010001000101001011100101001000011010111011011011010011100011111011010111100111101110011011010110110001101111101111101011110110
01000000001011111011011111001101101011110101001101111110100100011110001111101100001100100101001011010011101100011110110100001010
10111100111001011111110101111101101101000011010111100100011111110111111010001010011110001010001001010010101110110111101110111000
11001101101111110111101010100111010101001001110110111010110010011110000110100111000000110011010010100100110110100001011100111111
01110011010001000111101100011111111000011111000111100111111000110010010110010111100101100110111001111001111010011100011001110101
11001001001110001101001100001001110110010111101010101011001001100110010101101001110111001110110100010110111101101110101111010011
01101111111100111000111100010111010110100010000101100111111101111001011011010111101000111101111011101011001101111001010110001001
00111011010011010110110011010011111010011001010101111111111001110111111000100010000110101100001101011000111110001010100011101110
10000010100011111011110000001100101111101101011101010110110100110011110001000010111010111001001011011001011111010001111011110001
10110000111100111001110000111000011011010111011101001110011110001100110010000011010100001000110100010110010100010000101100011101
11101000101111101101011011111001110101100110001011111001101011101011100111001111110110100110111100101111100110111000111100111011
10111101001100111111111111011010010100001110111111101111101110010010101000001111000111110101010001100001010100111001010011101110
00100000001010110110110100001110011100101111111001110101101001111011000010100111110110011111011101110100111010011011111000110000
11010010011011001010111111001010111000111110010111111101010101011111110010001011100011000011101010111000100011011100111100111100
10011111110101101001111100100001001100110101100111101110100100001000010111011010111110011011010001111100010101011011110100111001
00111101110111000001001011010001011110111101101001111111011101100101101011001100110001011001100101010111101111101100001011110010
01001000101110011101110110111100011010110000010110111000001110111010100110101101010101100111000100110101111101111010110001010010
10100000110000100101011000000111110010010111111001100110000100110101100010100100110000101111000010011110011011111010110000000111
10000011100111111110001011010101111101100001010101100110000101100011101011110100011010111010111001100111111110000100001111000101
01011011011100000000001111001101010010111110111111001111000100010001111101000100111111011011010111010000101011010011000101100111
10000101011001001100010100001111110010100110101011111100100001011110000111100001001010111011011000111111010001010001011111011100
11010111110111011011110001010100010000111000111101111000011110101111111000111011011101100101001011110111101010000111010101010111
00010011110011000101000100110111010011010010110111010011001011111011010000011111011000101000011010010011000111101100100011011010
10111000101100001110101000001111111100000010111100010111011101111100101001111100101011111110110000001111001101011011101100010111
01101011100111100011111110101110010111111100110011001001011011010011110001011010100100001010100010100000101001110110011101101001
00110011010010101100111111001010100011101011011000010110010001110011100101111100101101001001100111000101101111111011001100111011
01001011101100111111010000011011100111001001011110111011011101101110101110011111010010100001111100110100011100001000011000001001
00111100001010010111011110010000110111011101110111011110001010111100011001100011010101011011001110010010110111100101110101001000
10101001011001100001011110111101010110100100111011000110101100100001100000101000011101011010000101100010000111001111000111000111
11011010001101010101111100111111000110110111110100101000000011111100010111000010010011101111010001100110111111111011101111111011
10111000011011110111110011111000100101000101000111010010001101000010111101011101110101110001111011101011011110110111001001111010
11010110111001011101010011000111111100101100101001100111110101000000011001101110111111110100101110010000101011101111110000101110
01000110101110111001111101010100010001111000101011010111111101110110000011110101111010111011100110011101010101100101010111111111
10100011010101011111110110101011011000110110100011100111111111001001101100101011000010100000101111001111010001011001001101110001
11010000101100011000011011001101101000111100110000110010011110011111001010100110111101001001111000011111101010111010110110010110
00101001011101011101011000110101110101001011101000101111010011110011000110011101110111011001100101110010101010000001010000011010
00001101111001110100001011001101110101000011001001101010100011101111101111110100111000111101100001010110010111111011001100000101
11000111100011011111111000111010001110010110000011100010100101011111100111010110101101111101001110100111101010000111111100111110
11110001100011010100001110100110110001010010001000110010001111011111001010011000011001111011001110011100110101110101001101011100
10110111100001010000111000110111101110111100111110010100000001111001111100011011000111011110110010110001110010111101000001001001
10100111111101011110110010110110010101101111100010011111110101000111111000010111011011111101101010110000110111101001111101101110
11000110110110100001110100111111100001100101101110100100101111111100101110011110101101101111111100111101011110100100001110010111
11001011110011110101111110000111011101000100111001010011001110000111011000010111001001001100010111111000100001101110011000110100
01111111101101010010100101100111011101100010101101010111101111100110101110000011110010110010111101100011101110001000101111001011
01101100101100101110100111100010111110101101000111111000110011100011000100101011110010111001111001111000101110101001111001110111
00001110110001000111011000011001111110010100011001011010110110001011101001101010110011111010110011010101001101110111111111111001
10100100001101011011110010001111110011010100001110010100001101110110101011000011111101000001101011000011111010000110110100001111
01110110100111011111001111011000111111010001101111010001011011110100110011010111100010111100111011001011010010001101110110110101
11101100000111010111011001001101110100101001000011010010110000110001011010111100110111111010111110010111010101011011100011100110
01001001110010001111110101110101110111001011111000100101101100010101111000011100010001111000011100101111101010101011001001001100
01101101011110001011101001010000100100101011001001100110000110111100101110001100101111110111111101010011011110110111111101101010
11010001010101011110111111100011100100001000111111010110010001101010111110101011111001111011111100100011011000100110001010111100
00010010101001101011111111010110100001111000101000100000110100111111111100101011101001100011011011110100011110010010011111000011
00110001100000001101100000011010100101001111001111001100010100101001010011011001111001001011111110101000010111011101001011011010
01000010111111101111110110011011000111011100011010100111111100100101001000000101001111100101111111001010010110001110111011101111
00111111101001110100011111101010111001001100100110111011111010001101011111001000111100111101100011110011110001100101001100100110
01101100011101101101010001100101101110111101010100101111011111010101111000011011000011011100101100101000010111100111101101101111
00101110101011001101001110111110000100111001100101010100011001111001010101111010010100110000100101111100010100101010010100110111
11001001101111111001100101001001111001101011000111000111010011001111101111000011001011101000111001001010000111001101110010110111
11010111110111110111010000111110001110110010110011010001100111000111001111110000111111000110110100110110110000111111110110110001
01101101110110110111101011101100111001101010001011111111111101101111110101111101011011111101100111100011101110111111001011000110
00011110111000011100101100100011111000111111010110101010000010110011110000110111001001011000111110101000101001111000101101110011
11000110101111111010001111001111100110010100111101001111011011110111111101011001001000011111101111101101110000011011010011100110
11011110010110011101011010111000100111001010111100100111110110011010110100101010111011000111001101110111111100101011111111101001
11101101001101111111001001110111101010010111111111011110001100111001000010000100011001101001100111001100000110011111100101101110
10101011111101011101110110001110011011000110111010110111111000001111001100110000111101011010000101110011111010100111011001000111
11100100111011101110011111101111100001110010111100010100001111001011101010110010110110011100010011111111011110100010100111100100
11101110100111110101011110101101110010100001101110100111010111011111111100011011101101001100100111111000011110111011101011110110
10111001001110111001111111011010110000010110010011110111111110000110111000011001100100111111000101110001010010010000101001011101
11010011100011001011101100111001110000011000011100110010100001111101110010111011111010011001100000110111111010100111111010011100
00001111111110010100100101001011010101000011011101100100011010011111111101101011110110001001001100110110111000101010001101000111
00111000010111010101001110110011010110011111111010111001101110100011100101011101111100111101000101110111000101100111111001100101
00110001110101011010001100111101000100100011110101010111001111011011110010110011011010100011011111110100110101100111100011101010
10000101000010011000100111010111010111010100001101000010101000100100001001100101000000110110011111100110011001100100110000011011
10110111011111101110001100001101110101111011011111011110100111101100011111001010111111100011110001110101011111000001011111110111
11010110100101110101101111111101111011101011000101101001011110101010101011000011110110011011010101011101100011110011101111010101
10110001001111101101100100001111001000001100001101101100000111111011110001111111011011110011111110010110010100010010111001101111
11011110111110111101010011101110101110110100010101010010010100101110010011101111000101010010011110000010111010111000000011010011
00111110010010100000111110100001000000011011001111110001111111101110101010100110100101010001110001110000001000110010011111010111
00001101011001010111110011110111010001111011101111100101010010001111101111111101000011110011000100110100101101100110011100001110
11000101111101011101001110010100111101000111111111001100011010111111001100101110110110001001111111101011011111111111000110101101
11110011100111010100110000001011101111001101110011010101011101101011011110110110010100001011000111010110101110101101001010100000
10101110011000111111101101101101010111011001110010001010100011111100010111110010100011110010101001100100111110001000110111101000
01001011101110010111011011001110111110110011000100110111010001100100001001011001100101110101011011011111011111010111010001100011
10001001000101111101101000001110011000011000110111111101110101000010101010010010010011110101001000110000111110100011101010100011
10110100011010110110010011110010111110000010111011001000011001101011100101100101111001011110011110110111100001001100011111011110
10010001001010111111110100011111100101111000001000111110100111100111011001101110110000110000011101011100111001000101001001101111
00101011000011010111111110010001000101001110111111101011010011001011110110010111000110101111111011010101110101011010011101001100
10100110011100000001011101001011000011110100111111001011100001100110010101001101101010000111101101101011110110101101011100110011
00111111101110100100110111100000000110110001100010011001100101011000000110111010111101011110111111101110111011101111111010001100
01100000011010010111101101101001011100001101010001110110100001111101101001100110011101101111011111110011110110111001111000110101
10100010001011000111101110011101101110010000001001110011100110111111101111011100110011011100010101110111111101011110011101111110
10010101011111101011100001101100011101100111111010110111101100010110111111010101001001100010101101111011011111111001101010110101
00111101011111011000011000011111010110000011101001110110001011110010000101010011010111101001101110001101011001101111010110111010
00000101011001101000101101011010110010111101100101111101010101101101011011110101011010011001011001001001011010100110010011011011
11011111010111101101110010010111011111000101100010111110100111001101010000110001110110110100100000101011100010100100101101010001
10111101110100011111010011001101011011111011110011110011100101101100101001011001010101111110110011001101111010100101011010011000
11100111011111011101100101011101101010011111100101100111011001110011000010111111110010011011011011001100110000001101100101000111
00000111101111111111001001001010101100011110011111101011000111001100101011011101001100101100110000100101110111111110110001001011
01001011000101110111011001111011011000000111010001011101001010100110111011110101000101100100011011000111101101111111110011011100
11000100000101010111001101110101000110010010111111101101011001010100011011000001000010111101111000100111010101101111101011101110
11111001001101010111111011101010011001011110101010101111111001011011001011011010000101110011100011110110111110011100111110111010
00101001000101100100010111001001100101011111110001110000000111111011001100111010011000010011011011001111101011111110110010001000
01011111011011001110110011011101111110110100000100011111011001101010110001101000110111000100111000100011011100101111110101010111
10111111001001010001100011111010000110111011110100001110110001101110001001000101010101100000001100111100011110001111010010110101
11111111101100101010001110100001001101100011011111001010000001100101001111010011111101011011011111100100111001110011011110111000
00000011110101011100010011000010010111011000011101111100101110001110000101011100111000101011101010011111000001011110000110111010
11101111111001001100011001011001111101110011010011011101011111001001100010011110101101100111110111100100000011101100010000011010
00010011000100101110110001000110110101010101101100011001110110000010100001011101111110010011110011001110011000000100000100101100
10001010100011111010111000001110010100001011001111000100110011100111111101010110001001100110101001111110010111000011101010010110
10011111000110011111110011111011100011011111010100100011001001100110001110011001100100010111100010011110010010110111111011011000
11010110110101101001111101011110100101010001101100010111111101110011111100000010000101110010100010111010100101000111000110100000
00010101111110101101101010111001110101111111111010110110011100001110100101000011111001100110111010111001010100101111101100101000
11011011011010001100111101101110110010010101111110100011111101010110110011000000110011111111000110111111011001100110100110110110
01000001101000111100111010000111101001000111100010001111111000100110010110101101010111010110101110011011101001010011000110010011
10111001111110011101101111101100110101011111101101001001111100100111101001100101001111011010000110010100010111001001111011101111
11110011100100011111110011111110011101101101001010001110101101001010011011001110011110101011000110100001011010100111110101010111
10001111001001110010111011110100111101001100011100011111010001000101100111011011111100101010011010100101100111001100010100110111
10101010111001111110011110111111011010100101100111101011001110011011001111000011101011111100010010000110110010010010110101101010
01100010111011010100111110000000100011100111100100011001010001101000101111010111111101111011001101011100110010110001011010010011
00110110101101001110111010111010110111110101111100011110011111001101101011100011100001100011111111001010110011000011001100001101
11001110101000110111011101010110111011110110100010001011100011111001110101011110010101100101000001001100100110011000001110111101
10100001111001100001100101110110010111000101111101010001110011011011111110111011000111100110011110100110010110011111111001000101
01111101100100101111001111100001111101111110111011000111010001000101111001111110111100100101000101001100011100101010101101010100
10011110011110110101011001110101100010111110111110101000101100100011001101001001110000100011010010111001110110111011111110100111
01010100101111110111010011100111100111100111001001000111011111100110001100111110011010110000110110100000111010101111111010111110
11111111110110101101001011011000001100110100111101111001011011001101000101111010011110111100111000010011010111101010111111001010
11010010010100101010111110001011010000100101000110111011000110110010101100011101111110111011011101101101011010111011010010101011
11010001001011101001010011010010110110110111110011011001111111010110111001101001000101101011011110111111111000000111001110111011
11111001011001011000101011011010010110011100100101110001101011011011111000111100001101111011110011001001111110101101001101110010
00100010001110001001001011111001011100011100000001111100110010110010101000110011110000111010001000011100111010100110001001111000
11011111100010001110100011111110010011001001010000010011101110101101100001110011111010011101001011001010011000000010101001110111
01111111111110010011010001111001100010110011111111100110111010000011110111111111000110101110011011101101011001110110111011111011
01011111000110101011111100101101001011011101010011111111011011110111111010011010011111111001011011010111101010110110001110111101
11110111001011111010100100110110010100010101011101000101010100010011100100101010111011101101111011111000111010100010110011111011
11010101100110100011111001011011010111110111111001101001000110111110001011011100111100110101111011110000011100111101010111001010
11011100100010011010110110100100101010010101010100111010100001010100011010011110101111010001101110010100110111110110111011101101
11100101101001100111011001111011011111001110001111100011110111001101010100010011100100001110110011000111111111010101101101110111
10001010011101110000111001111111111100101010010111001011001011000011100110110100001111011101111110100010110011000101111000110110
00010111110100101100111111100111001101010100000100101110101001111011010001011010010100100010010001010011111111010001010101001001
11000101001111011011100100111000101010011011100011010110100111010001001110111100000101111100001011110111111000110101011101111110
11101111110101010111011101001010101011101011011110101010111110100001110001110110001101100010011101001111010001110111100110100001
00011100011111000011011110100110111101100101110100110110110001011011001100101010100010011100101010111001011001101101100000101001
00001011100110111011111001101001111101000011000110000001111001101110011101111101101011101000011100010110000001110001101000010111
10101011100110111000110111011101110101111011101111011011110101000011000100011001100100001101010110110110001101100011111110011011
11101110010101101110010011000010011100101110111111111101000110011010011101101000000101110011110100101101011111100011110111100011
00010110010101111000000010010110111111011111101110111101111001001111101011111001011000101000100010101011100001101100111110011100
00001111100001100101001010011100011110111011101111110000110100111111100011111001011101011001011110011101110000001101000001100111
11010100001011101010011111001110101001100111011100101111011010101101101110000101101110111110001100111101101101010001011001100011
11110011010000110001110001111110000111011110011110011110000101000101100000011111000110000100011110101010110110001101001101010011
01110011010010101001111101100100011111011101010010110111100101100100011001100111110111001001110110110010111110011111101111100001
01100011001100010110011011111001011100111111000111101111011111000111111011111010101101000100010101110101101001111001100011110111
00000010110011011100001111010101111100101101011100111010001000101101100010111001011001101101111001011110011101001110111000101110
01011101010011101011000100110011100101110111011011011110010100100111011001000110100100100010111011000111101001101011001011001101
01111110111010011101101011110100001100100001010110111011110001101011101001000011110110111011011001100111100110000011100100000110
10110010100100110000111110101001110011011110101100101100110101111100101111001100000011101000001110110001110111110100100101110101
11111111110011000101010101001101101110101011010111111110100111111001001111010001101110100111010100110011110000110100101000001001
11101101010011011110011010010110111001101000011011111000100010100010000101001101100011011111000011110000111110110010000100010111
00101011111010001000101101100010111011101011011101100011111010111100100100001101111110001110111111011101011011111101011111111000
01111100011001001101111100101111001001110001110100010001011011001110111010101100110000111110111101110100111011010100101010001011
01010101101000011111011110011001000001101001111101000110100100110011001000001001111100010100011000011001101011101101011011010111
01110101110101101100111010000101000101110001000011010011100100010110010001011010110111101111110101010011100011101101001101000100
00011111011101111001110011000101010001011001010001111101111110101001111010110000101100001001110110100100011111001110011110111110
11001010010011110110011110110111111101000111011110110111010001001100010000001001011101111101011000000101100011001010111001011101
01011101100110110100110101100100101110000110000110000011101101011110001000001001011001110100110000101001100101111011100011000110
00101101000100111111110001101111101001110010100111001010010011101111100000100011101010101001010101011011010100110101010010010100
01110010111001001100100010101000101010010110011111101101011000010000110100001010010010011111010110111111101010111000001001010100
01001011001011100010100100111101011001011100000111100010001110100101011100110010101110011101111111110110101100101011001110110110
00111100111001010111110100010100000110011100101110001101000101000010111100111000011001010110110010011111100101100011100110000001
11011010001111111001001110100001011110111101101110011110101010100111101110110011010001101101100101110000101110001000111010001001
00111101011110011000010111111001111110000011100111101000101101010111001111100001111001010001011010111001011110001110010010111111
00101011101000111011110011010110100111111111101101111010111110011111111100010000000110101110111001100000110110001101101100101010
10011111101001110101110010010111000101011101101101110111011011010011110001101001010000101001111100000010110111100001011011101111
10010101011101011100001001011110000010110011001101001011110010010010001101111010100011011111100111101101001100100001000110111100
11011000001100101111101100011010001011100001100111011110001101001100001011111010110010001011000100011101010011100111100110001010
00100110100111111011110110011000010101011100001100111111010100011101110110101011011101001010111101111011001001111111001001011110
01011111010110101000100000110100111100110100110010011101010110001010110001110010010110111111011100010001110101000111011110010010
01101011010001101010111111011111010011010001010000110011111111010011011000100111111111001000010101101011100111101101000101101111
10011010001010111100000010011111011101111110000001110011011110101001011001110010001110000011011100111110111011111011111100100111
10100111101000011011011011100000011100010011100011001011110000111010010011001100110011110010011001101110011100110001100011101000
01001001110010111001110101100001111100101111100111101010110011101001010110111010001010101101011101010101110111000100101110110001
01010001010110111111110110111110110000001100011111111101000001011110011000011001011111001111010100010111011001111011010011010111
01101001001101011111001011010110111000011111010000100111100011001011011010110111010111110110101000101011011100001000001101111001
10111110010111100001110101100111111101111000110101111111110101111100011111110000010111010111001010101010010100110001110001110011
11100110001011000111111010011111000111100111111011000011110101111100111010010001110110000000101100001100110111110110010111011000
01100111010001011001010101101110011111001101111100100101101101100110010011101101101110010101100011010110110111101100100110100011
01110011110001111111110001010011101111001111111011011111111011000001011101101001111110010101101011111111101101101111110010100000
11011111100100001101010011001101110001011111111011100001111111001111010001111111001110000101111111101001011110110101010111011011
01111111101101011111110000110110101011001111001000100110010110010010011110101011101101100100111111110000101010001100100001101100
11101011001011010110001001111010001101001111011010101001101011011111011010100010011011100011111101011000011001110111111110101011
11100101100111000011101101001000110000111111011100011010110011111111110111100110011000111101010011010000111010011000111110001111
10011000011100011110010000010101011001101011001111010101110111001111001111011011011011111011111110110110001110101111011011111111
01110011110001010011110110111110111100110010111101010001111111101100011010011111011010110111111111011010101110111011111001001010
01011010001101010001011001111101111010001110000111010001111110110011010101011101100101011111011000011111111011011010111100100000
11111010101100111010001101011111011111111100110100011001100011011100000010101010111011000010011110100010001101100001100111100011
11001110001011111101100010111001000010111111011010010110111101111110001110110010111111011101010010110111000011100111111010111101
10000110010110111000100111100101101101110011101111111110111101110111101110100110110110011011010001011000110010010010111010101111
10011101110001101001111011110101100000101101001100100010000100010000001000011110111111001011110011000001010111100010110010101110
01100111011111000011011001111110110011111010101010111110011111101110111100110011011111001110010111111110010111111010100100100101
01111011110111101111011011100110100011100111010111110111110111010110011010010100110101100100010101101101011110100001101101101100
11000111101101010111010010011100001101111001110111011110001001011101010101001110111110010011011111000100000111100111011100001000
11001110000000110111001111110100110110101101100111110100110111001010011111100111001000100111100001101111000011110101101011101110
10010001010011100110101111011011111000111010011110110111011011010001100011101011011111000000010111010010100001110010011111110110
01111011100001010110110101000110101111100010011001010101010101101111010100001001011101111101100111111110010010110111011101000110
11000110000111011110100101001010101111101110101110000111000101110011011100101101100011011101111011010101111111001110011110001110
11111001000010100111001111010010100011001110001111011110111001101010101000110111001011110011110010110111011101101001000111011010
01100001100001000111101011101011011100101100111000001110100010101001111111111110001101011111000011110010001110011011111100011011
11100000101111000100011000011111100000011011011001100110110011011111110000100011011110001011010011111101110011110100100011100101
11111111111010011011101000100001111011100100100001001011111001001001101010011011011010001001011101000001011000110111010011000111
11101001011111011011001101011000001011010010010110111001001000111001110100001101011100011111100000011011010111001001101110011111
11010101000111011001111001100110101101010101110001001010110001001100110000011100010011001110111101011111001100011001010101110001
10000110101110100100110010101111111110111101111011111110010111101000110101110101101011011011000010011110011110111000111100101111
00001100010110100110100101000011111101000101100000101000011101001101110100000011111011011001111111000010001011111001100101110111
10011010101100011111110110111000110101101010000010001010011101001010100011111111110000111100111111111110001101000111101010111100
00000111111110100100000000101101101111100110001010111111011111111010110111100010011001000100101111000100100010001110110000101000
10011001110011111111011100010110110101111100010110010001010111100110111110100011001010101001110111000011110011100111111011010110
01011110011111110101110111100100110010111011110001001100001101110100000000010011101100001110100010100111111101111000110010111011
11011001111100100011011000001000100010001000100001111100010110111101010111100110101011111100101100010110111110111110011101100010
01100001011010110110110000001101101010011101010111000011101110000000111011101011100111000110010100010011101100010001101101010101
00110011000111110010111010101110001101100101100011011011110010111110100110010001100110010101001101000101100100110101001101010110
11111111001101011000110001110110010011001001101010110100110101101111011000111111111001000100101000110000101100111100011101101101
11110010110001110111111000010011111011100100010110001111111100010111010011001110010010010000011111011111011111110101010001100101
11100001000101110110101000110000111001011101111101111110010010001101110010110100110000010110101110101110010101101111110111010011
11101111001111100101100001010101001001010110011000100111111110111001011111111110100011101111011011110001110110010001101001111101
00110001000010101111011111001110101010100110001001011100111010111001111111001100111111110110100001010001111111001100011010101110
01111011101000111000110011010101100001011101001000101111000001111011010011101010111010110100110011101011000001010001101100101010
00111101011001100010101101001001101010001011011101001011100111000011111100101001100110001100001011110011101011011000001101010111
11111010001111000101011000110100111110101010100011000011110010111000111101010001101111110110001011001111100111111101011001001011
10011111011011000110001101101101110001001111001011000110101000000010101000010111100110001110101111110111110110110110001010111101
11000100001101111100001010101000111110001011010001000011001111000111001101111011100011000000011001100011110011110010011111111110
10101111101000111011111011101100001111100111011110111011000100001110111010111001000111101111010011110110110111010011001110101100
11001001110011111101100111000101111010111111101011111001111111110001010110100010110110110101101010011110101001010110111110011101
11011111101011101110111100011001010111111001001001111100011011101110110100101100110010001100111110001110011010010010011100010011
11011100001111101000100111001100010011010001011101111011001110110001100111011101001101010011100001000100011101111010100110011011
00111011101011011100011011011101000110110111010011111111011110100010100010111001010111110011110011100101111010001111011001100100
10100010011001001101101101101111001111101011111000110100001110110111100100110111110100011010011001011100001010110111001010001110
10010111000111111011010010100111001100001101001111101111010101000010000011001101101010011101010011110110111101100000011110001011
10001101101110010110101100111011110111110011110110111101001010000101101001110011111110100010111100011000001101110001111010011100
11001011000110110001110000000111001101101110010110010011000110110111111001011111000111101001100110111111110101110001110111000000
11010101101100101100000111100111010101111011010000110001110111110111101000101000111101000100100110000001001001111001011101110001
00001101110010010100101001001101010111110011001110000010111010111010111110101111010101110010001110011001111010011011111011101001
10010010100111110101100011001111011001011000001010011011111011101111110011010011111011000010111110011011001100111001100111001011
01010110001111110110101010010110110011101011111001101010100100110111000111011110011100110001110110110011010010010110111010101100
01111110001110111101100111111000101111100101011111010111111101111101010000001111010110111000110110001001101110101100110011101010
11011101111110110011010001101101111101110101111101001101010110000101111100011111110011011001001000010111100011011110111001000100
11111110010000111110011001111101100001101011101001110100010110101011001010010101000001111000100000011101001101000101001110001110
00010100111110011111010001111010111001101001000000010011100001011110011101010101110100110110000011111011011100111111111000100111
01001000011011111111000000111101011101010011011011101011001011100110010111001111111011101010011011101001101010011011101011011110
01111101111000010010001111101010000100111011101111111010010001101001101001101010110010011001101111000110011010011010101110011111
10101100010011101010100110101100111011010100011011001100101010101011011110100110111101111010100011010100001111111110001101010011
00111111111110000011010111101111101100110101111011111111110100001110011101111111001010111000011100111111010101111000111011111100
11111001110110101101101011000111110000111110111110010101000010110101010001011010011001110110001111100011100011011111010010000011
10110111001011100011101110011101111000111001101001100110010111101111001001010100101011101000101001011111000101101011111101110111
11001111100011011000010111100000011111001111101011111000011111011000100101010110001000111100011101011111011001100000111101011101
11010101000110111110001011100111000111100101100001001111001110111010000111010001101001011001100110100111010100110110101110101001
11111111101111110010100001111000010011110011001011011100101111000001100000111010111111110000111110011001011011001101011110010001
00111111010111111110001100101010100110000111100101011110111011000011101110111100101111101000101011010100111101011011101110010101
11011111111011001000101100100010000011101110101011001010010110000110011111010011000001111111001000001010110011111110101011110010
10111001100011011101110011001000101101001101011101011110111111011101011101010110111011010110100100111001001000011101110011100100
01010110111111011010110011011011101101111000011010111010111111000101110110110101100100100000111111001011111111010101011101101010
10110101111000010001011111010101111000000010010110011001100111010110111101110110111011111010101001101101111001010001011011100111
00101001010001110010011110011011110001000101100000011111101000101110001001101000110011110110101000101011110111001010011111001011
00111111110110110110111001011001001011110100110000111111111101100011101001001101100000000001000001001100100101111110011100110100
11010010000011111011000011011011001111100011110011110011011111011101101010110111100011011010000010110101011111110100100110011000
00111011011110111010111111001101100110111100001011001101111111101000111000010001100100011011100010100101110000111100001110110110
01001111000111001001011111011010001101011111010111000110111010110110011110111000100010100111001101000111011111011100101100111111
10100011001010000110001101101100110010111101011111111010111100100000011001001111100001011101110111000011101110100011101010101010
11001010011101011011000100111101011100001111000101111011010011110101101101110111111011110010100110101110001010010101111100010101
11101111111101100101011101011001111111111010111010011010111101011010001011010011000010001111000001101110010101010100110110100101
01110011101001010001101000100110101010000000110110010101101101101010101101101110110011001000001110101010010101111110101100101110
11101000111000001000100101010111001101000100111001010010010000010010101100010111000100110001111101100110000101110010001010110110
01100001111010110110100111101110101110010110101110010111110100000110100011011001010011100111011010010100110011011111001101000100
10010010110011011011101011011010001111111111101101000100101110100101001110100010111111010111101100100011100011111110001110100001
11011100100101101011100101010111010010010100011110100001110001111110001110011111110111101101111000110100100111000100110011101101
01111111101001011001110111010111011011011101100001001010011001001111110010101010101011101101110100101111011110100100101001111011
10110101111101001101011100001101001001010000111010101110110011011010110100101101100001000111010101001110110111011010001111111010
01111001110010111000111010111011001100000110010011000110000101011101001001101100001100100001111111111001010101010110110011100101
11011100111100110011011110010111000000111111101001101100111101111111111101101010111010010111110100100010011101010001101010010101
01100011010001010110101011011111011011011111100010011110110111111110111000000001100101011011111011110111110110001101111110110111
01111101100011001101101001010011111100011101111110001110001111111011110010000000011010110110111110110000100101010101011100101001
01110110111111101100110010010110101100100010100010100011100001100101010010101111001011110000101010001110100011000011001111000111
11110010111111110001110000110101110111010011111100011110011100101010010000011010110000001001010101111101100100011110110011111111
00111001100010010110001100100011010010101101101111000101100100100110000010111110011011111010110001001100111110101111100111001000
11001011011100011011101100001111010101101110000000000101111111010110010100011011111110000001011000111011001110010111011101100001
11110010111101010111000111110011111001110010011011000101000001000000001110010111110101000001010010111010100110101110000001010010
01111101010010111111000111111000110111010111101001011111011000010000110111111011110011001111000001001011110110101010011011011000
00001011100011111011111010111011110110011110001111001111111111101100111001111000011001111100111111000000100001100001100010111011
00001101100110110011011111100010011101010110100011111101000001111111111011010001110111101101110011101111110111111111010100111100
00000101100001100000101111000100111100010110111111011101001000110111011011111001110000010000011111011111101000110111101001000001
11101111100100010000010101001111110011110010000001110101101110001111111101000000011110111010100001010101111010101101011110000111
00111110011100111111001100100010110110001001010011010011000101111010101111101111010110101100110110011001111101110010010011011111
11010110011001010101011111000101111011011101110000110000010011111101001110101010010101101001010011110111101011110010110011010111
00000101010110111100100001101111110101000110100111101111001001000100111111110001111110101101100011110001110111010011001011010101
00011111100111000010011010011011110001110100001001110101001110101101101011000111110100100000111101110111101111111000010011101101
10111000011000001000001100011000011100101010011111101100100111110011010011111101001111011101101111011010011111110100011001100011
11000110111000011111001110001100100101001110011010110001000101111101010110011100111001001111111001011110010110011001001100111001
11000100110010111110101001111101011100100000011010111111011011011010011100101101110110101111011001110011101000011000111111111110
00111010011001111001111101010111001111001010001101101100011001101000011101010101010111110001101110111101011111001101011110100101
10010101110110010010101100110111111001111010001110010000100101001110111000011111111011100011110101111111101001111000011100000011
01101110101011001100100101110001001110000110101111111111100111100110110100001011111011011111010110100110110001111111101111111011
01001000101001001110100001100101111111111010010101101000011111110110011010110001110111011010101011110011111010100100101110110100
00101001111011101101011101100010110010100101000101010000011011011011101101011111010111100101101101101011110101100111110110110010
10011010110001111000001011010100110101001010001111100110000010100101010010011000010101000100011110101100110110101100100111111010
01101001011011110111011100010111111111000101111000010011000110000111010001010111101111111101010100000101101101110000110011100110
10010110110101110111111110001000001110000010110000001110000110011000111011001111101110010101001101101000011100101000011000010000
00110111001111101101100100011111111101010111001000000101111001111011101110110101010111001111001011000110000000010011100000110110
00101101110111010011110111110010100110100101111111101111011100111011011100100010110001010010100011001010101011010001010111100100
00111011011000000110001111000010110100011110010111001000111101101111001111100001110010110110100001001101111001101111010001101110
10110011001100001110011110100111000100110010101101101011001011001010000011010100000101100100100011111011011110000011010111001110
11110110100101101011001111100000101001001111011111100000100001001011100111000011011100110101000101100100001111110001011010111110
10110100101011110001001011011110011111000111110011010110111000101001010110110010010001101110011110110111010101011100000111000000
00010111010010111111110011000110100111010101011101010110011001001101100101111100110101111011110110111010101011101011010010001111
00101111011100100111111111101011111001111100010000100010111011001110101000001111111011001110111110100100100010100010011001111110
00011000111101101111001110010111100001100001111100111000000011100111011110101001111101100111000111001011000100101111110001101000
10000101101010111000110110001011011001100100110101011110001110100110101110110111010011001010100100101101000011001110001011001100
01100111101010101111101001101010101101110111111111111111111110110100011100100101111011000011101111110101110101101010100110001000
01101010110111101111100011111011110100100000110111100111101001101010000110001010110001110100111001011101000111011101011000010111
10111110011010111101011101001000101010110000111100001111100100111011000111011111110011010101110111001011010100111111100001110100
01110101110111101111100001000011011110000001111111010101011110011110001011010010100101100110101101110101100110110111101011011101
01101110101001100001011111111101110100001101111011011101010011001011001111110011010001111111111010010100110011110010110101011110
11100001111000111001111110001001100001100110011000110111110101101001110110101010101111111000011011011111110000011011110110001101
01101000001111000011010111011011111010110101001111101011110010101010001100101110101111101011101001100101110101110111001010011100
10001101001011010110110100110110100101100110011111110101101100001101101111011011111100001110011011111110100000000101101000101101
10110001111110110111010111110101000110001000011111100011111010100000101111111011110001111010011000110001100001010101111100001111
11011001010111101111111010110111111110010011001100001010000111011111000010111001111001000001001111000111010010010110100010101001
00111010000111101001010110000001010111001100011111110111111010001010010010101101110111101111110101100100001001111011110011110110
01101010110000101101110111011100110110100011011101000001100101001101101100011000011010101010001110111010011111101100111110111111
00111010010110101101110001011010100111111011000111111110101000011110100010011111111000000011010001010111110100100000001001110011
11100101011011101000101110001010100110001010000001001111111111101000111001001011000110111011101000000101001110011101010001110001
11111010110101100010011111000001010111011110010111001011000011110010110101110100110110111111001101100011011001011011111110010011
11001101111010011101101010010011000111011011100111100111010001101110011101101101101111000001110100100011111011011011010111110100
01100111101001111011110110000110101110000011001101011110100100111010001011111100011011011111010010100000000111011101011110100110
11001010101111011110011111111111111101101011010110111010111111111001111010111101111000011011100011111111011110000011100011101111
00110111110001110001001010000010001000100000110101110110101101101110110100101001010111011101000100100101110101101100110101101101
01101110111011101010000101101010101010010001011101110110100011111011101111011100011101101000110111110000111110100011110100110001
01000110101101111010110101010111001001111111110011000111010111110010001000011101010110110011111101011111000111001100110100111011
10100001111011100101100100011011011011001001110111101011001101100111010111011010111100010101111101110001110011011111111011011010
01100011100010010101100010111110101100010100001101100110111011011100110101110001100011001111110101000101010000000100110011100111
11000000100101111110101001101101110011110010111101110010000100100011100001011101010000110011101010101111011111011111010111000111
11001010101111010110111111101100011011100011101101111101010010110111011101111100100100111001111000100010000110111110111101111001
01111001010110111100110010110000010100111011110111010101111101111111000011101110001011101101111001011111110111010111001111110101
10001111101010000110110100010011110001001011011110001101100110100010001111101001101010010010010100010011111111101001011001111001
10001101110110101100101100110101000010101101110000100010110100011101000110001101010010001110111111010100100011011001011110011100
11011001101001101100010111010110010110011110100111110011001100011001111100110001111111101011011101011011011011100101110001100101
10111010111000011111011011011001101111011001000101111101100000001111111111011110101101101111100110000110111101110110111010011011
01010110111000111010111110010100111111110110101100101000110100111011101100101011101000110010111011111110001101001110011111011011
11011100101011101111101011000100010011100011001110101111110011011100111110010010000010011000000101111101101100111101010101101111
01101100110011011101011100010111010110000010110111110101100001100111101010100100100011100000011111001101110000110111101001110110
11001010011111011111100011010100110001010010001110100000101110101001010100100011101010001010100110010110000111000111111111110011
00111111010111100100111100010110001010101110111010110111100011101111010000001010001011010101110111101011110100010010100010101111
11001010100100111001011011110011010110111001001000010111011110111001100001100111000000101011100010111011111100110110011100110001
10101101011000100100111100111010011101111111011001110000110001010111110000110011000111000010000001100010100100111111101010110110
11101010110111111011001011010100100100011111111110010001001110110010011001011011101101101111110101110101011011100100011110000011
00011011111110010001001000101100111111101100110011101110110100110110010010111011011001011010111111001000111101011110110001010011
00011100011011101001101000011110110100000100110101111110100001011011110010011001010010111110000101101110010010111100101111100001
01110010010110000111111000111010011001110101101101001000110111010010101000000100111101011111000011001000011011001001011101010111
11000011100001001011111101101111010111010011100001011001111011110011110111111110001000100111110101011001101110011111000100001111
10011010111100010111101110000101101010010110100110100000010011111010111000111100111000101011110111000010100110101111000011100000
11001111101110100111101111110000011011101111001001101011100100101110111011101111110000100110101010011100000101000011010100010001
10111010001111001101100110101010010111111011101100010101101001111011101101000000111100111111010011011110101101011001101010101010
00111000001111111100101000010010111001011100110001010111111011011110000101001101001101010011111101110110111001001011111111010110
01111110110011001001100111110110111010111000110111111001011100010010010111111101001101100110011111001001111001100011101010011000
01010000001011101001111000111111001100101100110001100110001111010111111111101111111111000111100011001101110000111000110110010011
11110001111111110011101111001011011010100111100101110101001111011101001110011011000000010011000001101100011101100110101100010100
00011100011100110100111101110001011000011001101110100001001111101101101010001111010100010111011111111110010101000010100100100101
00111101001011001101101000111010010000101101110101100010110110101110011111101010110100100111011111100110110101110001000111111110
00111100101010011101001111111001100110111001111101100010110101010101110001100100110010011001101100100101110111100010110001001101
10101001010011111101111100001011100111111000001101000110100001111111001110111010111010111110010010111111001101010010111100101111
11101010011011000011111010110101110111001101000111111100000001101111011001000101111011111001101101001111101010101101001111111110
00110011110011011111000010111110000001111101011101111110010101110111110001110100111110010000100111011010111011100001010100010111
11111010100110111101110011101100010101001101001000111000010011110010100101110111001101010001111011011101101110111010101111001010
01011010011011110011011011001011100100001111101010101011010111101111111011111100001011101000110111100110110011101100010110101011
10111101101101100100010100011001110011101110000010101101011110100100001111010111011000111001100110011110100111110101010111110010
11011000010111110011010111011010101111101001111000011111111110010111111010101000001001011111111010100100001111111101000111110010
10011101001110000011100101010000101111011110011001101100011101010100111110001001110100111001011100101001000010001110000001110100
10110000111000101111001010010101001110000100100011100111010110001110010010110011011111101001100010110101001101100001101000111011
