01011001111010000001000111100011001010000011101111011110101000101100111111011111110110011001110001111010111111101001111110111100
10110000111010010111111000101010110001000111000100000110011000001011100010110111010110000101001111001111100101000001101001111101
01100111101101101100100111011110001001000101001011100101010110101100111011110000000010111111011100010101101110011101100111001101
11100111101000011000001010101100000110111011110010000011110100110011100101100011110010110011011011101111010101010111000111010000
01010011001101001101010001111010011101011101000011001001011110001011101101010101001001101111010010100010011001110111101011011001
01101010101100101101110000111111011110000010110000110010110101001001011111110110111001111111011011111100000000100110100100110011
10110001001110001000001011010111101110001111010000110001001110110111001000011111111100100101101000000110011010011111101100010111
00111111111001000011011010101001011001010111100000110100011110010001110100110100111001001011110010101001001111100010101101001000
10011011001100111111011100100010111101100111110101010010101101011010011111111010110100101111010010111010000111101110101111000110
01100011111100010110010011101101001100111101011010011011001100101001111010111011101110000000111101101111011100011001011111000010
00011100100101010010001111101100110101111110001101111000010001110111001000011111110001111110010000101111011110000111101100101010
10000001100101110101101010100001110101101111111111010010111000101101101111010010000010111110010000010010010110001010110011111100
10001010011110100000011001011111001100010101000000110110001111110001111110111101010001110100101010101001000111001010000011111101
00011101000111000001011101100001101001111111110001011000010111101001010100110010111101101111001010000110011011111110110010110111
01100001101111101000101011010111001010110100010011010100001001011100101001101110110001111000111100100111101010011011011011010110
11101001101010111101110011101010010110100111110011010001111011101110101001010100101010101100101111111100110110011110100100010011
00000101111001100011001111110000011011111111100101101011111011000100111011000011101011101011100100011101110001011101001100111111
01010100011100010100110111110100100111010111000010110110100001010000011011111001111011111110010010100011111100000110101111111011
11101100101011101010001101011111110010111111101101101101100000100011111100110010111010100110111111111010111111011111000101000110
11101110101001000101000110001101001011000100100110011010000010110110101110011001000101010101011010001010000111111101111100001010
10010110100010010110011111111110110100101001100111110110001000011010101111111000101100111100111011101000110001110001101111111100
10111100100111110011010110100010110011000011101100010010111000011110000111010000111100101101110011111100110100001001111000110111
01100000010000111100000100110111110010001110111111111101110110001110110111110111111001011011101001011111101010001110011100011010
11111111111100111100011101101101000010010100001101101000011111010111110100101010000100001111100010111111110100011000101100101110
11110000001001001010000111001010001010101100111011100111110001000000111111101011111101001100000101101111001111011011101000000011
10101111111100111001101111110010101010100100110111011011111111001110011110100001010011110010111100011101101101110111010110101001
00110000000111011011110100100011100010111001100011101111110110101100100000101011001101111110011011001010100010111111011011111001
01011101010010111100011010001111111111001100011111101011011101011011001000101101101000110000110101101101001111000111011101010001
00000110011010001000001000100001110001001010011011011100101101101001011100111111011110001011100011011110000111001001001000110101
00001010101100011111110011100101101001110110110011101111011010010001010011111011000101000110001111111101011100110111100011011011
11001110101110111010001000111101101010001001101111010111110000101101010111111110011101110001101111011001110001111010110100011001
11101101101100000010000100000101000111100111101011101111110000100110101001111101111110110101111010011100111110001101101001011001
00101101011101110000111010100010101101110101110110001010011100000000010111101111000100011001100100010111111000100100101101011001
11011100010000110010100101011100101010011010011011011010100010101111011111000000001110000001010100001100110010100010010101111011
11111111101001011000011010010001011010011001110101100110000011101101111100111111111111000110001110001001100011100001111111011111
11110011011111001011101001000010010011000010110001000001111100111101000110110001100111010100110100101011001011101001110101110011
10111010011111010011100100001111000111110101100101011011000010111011110011001010000100011010110000100111111110100101110010011110
10111010111011011011011001010010101010100111011010110010101110110101100111110001100101011001011001100011001101111100001110111100
10111001000001010011100011110111110100010111110001110000000111010011111001010011001011110001100010011000001111010101011111011101
10001001000010011000011111011011100000111111001100001111101011010110111011100011001111111100110101011000010100011001001110000100
10101001110001110011010011110110010110111101110000100101100111011100011000011100110010010101011000001101110000100000000110011110
00110100011010011110001110011010110101111011111111010001000101011000010001100111101100011100001011101110101000001000011010000011
01110010110001110011010010001111010011100100100100111011001101011101111111111111100010011101010111110110010011110100110111000101
11101100010110101111001111101001010000110110110011001101000010010101001000011010001001001111101000101110011010101000001111100011
11101110110001100111011111101000110100000111010101001110110110101001101100000100111100100101100111001110110111001001111011010011
01010011111101110011100111011001000011111000110010111111101101101111100011111111111101110111111010101111100000110010111101001111
01111110011001100011001100110110001001110111110001101011010000101111000010101111101010010011110011011100111111110110100110110111
10101110110011101111110001010110100011001001001101111111010111101101101111111000110111111010110010110110101011111110111010011101
11010100100100010110000101100110001110111110100001011100010011101000111111010101011001101110100001100010011100010001101110100100
10100101101110111100010101010010011111010101101100111001000011111001011111011011000101110000011001101010001110111110000100111001
01011101011101010011010101111011011001101010001001001101111111100011111101101101001000100110001000110011101101011001110111001110
10100110011011110100001000010100010110110010001110101111110001011000001110001101100011000011100100111011110111011101100011000011
10000101101110101111101000101011011111100000100110101000000011101100111100110111011000001000010011110100011011000110101001011100
01000010010010101011001011010011011000100010101010001110111010001101110011100111011001001010001110111011110000100100010110011001
01111000011101111011111101100111110110000011011000110001011100000011111110110100111000011101111001010100111011001110001110011111
10101101000001111111110010010110111001110000111011111111101010110011010011011111101010111001111111110111101011110101100110010101
10000110101001001111000001110010101111000011111110010000000001110100101100110111000110100001110001011111101110010110101010001100
11010001111001110111110000110110101100101001001111101100011110110111110111001000100000110011110100010110101001101001000001011000
11010111110110010100001110110111001001111110111110010111001111111111000001100001010010111010111111010111011000110101110101010010
01101110101110101110010010110110010101011100011000110110100101100010111010101111011011101001001101101111111101101110111011000001
11101100110011100010111000111110011010001111110000111001110011111010011010100110001010110000000111100101001100011100011111010101
10001111001101011101100011111111101100101100110000010110011101100011101010101011001100011100011101000011101100101011011111011000
01011111100110111011001110011011111111001011010011100100110101011111000101011111110000111001100111001001100011000110001110111000
01101001110110110010101101110011011101000101100101110111000101101111101011110011111100110000011100101111111011110011011101010000
00111011010111011101111011100101001001111110011000001011010101001010101100100111110001011011000101110011101100111100000111111010
01110001101010101001110011011101110111111110111110111101110110000101101001111101101010100110000001111110111001110111100011011011
00011100010011100010100111000010111110110111110001000111111101100001100010100110011110001111000000111100100111110011101111111101
01001111101001011000010101101111011101010001110001100110100101110100100110010011010100111101101110101011010011010111100110111010
11000111111011101101010110110101111100010010110010110001000111111010110100010011111011110101010001110111010111101001101111010011
10010110100011010011011001000110101110010100111000001111010010110101111101101111011001011001011010000110001001111110111011100011
00111000100101011110110111101101110101011010000011111001010000101001001001100110011100100100010110111110111100001101101011011000
11100010010101110100111111110001100011011100111011001011101111101100101011100010111110111000111110111010000110111110010011101100
10110010110101010101000011000011100001111001111110110010110111001110001111001000100011010101100111100000000111111001001000110111
01110101111101000100101110110111110110110011010010010010011110011100001011101111011111110100110110100111100010101101111011010100
00101100010110010110111100101001010010100000011001110010001100000010101000111101001110101001011111100100111101001011110100101000
10010001011111110101100000000111001111101011100011001100110111001001101001101010000001110101001111110101001011110001100011101011
01001000110111010110101110101010101101111010101110010101001010010010001111111010100110111101100100010011110101111011001110100000
10000111001110110011000110001010000110000011010110100001011110001001111000100110111111010010001000101101000110111110001110011100
00110011100111110001001011110101111011111101000111111110101000100111110110101010101110011111100001101011110100100110111110001010
00010011110001010001010101101001000000100001011101111011100111011110110111101111011101011100110001101011100111111101110101111111
00101101011000111010011001101011111101110110101100101110010001011000000101111111010000100111001010111111000110111000111001011001
01010110111000000011011111110011010001110111100111100110101101001001001111101101101100110011100111100001010101110111100100111010
10011001011010101100100111100000000101010101011101000111011110000000010011010100110101101011011111101101101111000001011101101001
10101001110000011000101010010001110010000011011001011001011110111001100100010111111101101011011010010111001001011011111000101101
11010100111010110101100011110110110110111111010111000110010111011110111101111100011011100111110101001111100001011001101010011010
01001110011010000011100011011110110101010010110000110110010101000010100011111111011010011101101110110111111010110010001010111010
11101110110011000111001001000110100001100100010111001000001000110101111000011100101111111001110011101110110110011111001010100111
01010000100011101000110100010011101011001001010001100000110101000110101010111100111001110010101111101011010100110100011011100111
01101110101110111011000111100001111100011101110001010001001100000101101000010011110100100111001111001011100111001100001000111100
11001111111100011111011100010010110001000010111001111001110101111100010110111111111110011111010100011110011101101000111010101100
11001111110101100010111100101100001110111100110011100000010011101011111101110001110011110100110101001010111101000111011111100100
01001011100110101111000010100111101110111111100010000001100011111100111101000111101110010110110011110100101011100110001010011011
11111101100111100100110011101101110000111101001011111111111110110111010110001011010100001101001000010100101000011111111110101111
01100011001011101101111111110111110010110111010101100110101011111111101100001110010111100010010110111111111010010000110010010110
10010101000101010011011010101101011011101011011110111101011010010111101111000010001001110010001100111001001011111001100000111011
10100111110111001001011100011111100001010011111111111010111010100010011100001011110111111110111111111000000001101100111011111101
11100011001010001100110001100001111001010110110101110110110110010000110111111011101101111110011010011110100100100111001000111111
10011001001111110000001011101010111111111111101000100110011011011010100011000001001101100110000111111010100010111101010111001010
10111100001111110100111010001110101011111011101100011010011010111111010001110101011010110100111101100001101001010111111011101011
00010101001100111000000011011100111110011100101100010010111101000111111100000101101110011001001100111001001110101100001101010111
11110100011101001111010011100001000101011111100001111100001000001111110101110101111101111001111101000011001100001001001000010110
11110011001001100010111111101111111001101010011010010010100111100111110001111111101111010001001111101001100011101011011001110010
11101111101101001100111011110101001000101001010111100011011010011111101111110101101010000111111111000001111111100111010111000000
11111111100011110101011010011001110011101110111111010000110001101000100101011110011010001011100110010110011100001100110011101011
11001111001101101000111011111110101100001100110110101111000100001100100010110001111101101011111100011110011001110001011010001011
01100011011110111111100101111010110110111110011011011110101011100101000111110111011101100011101100001101111110101001100011100111
10011110111110001100001110111110110010011100011010101111101110100100111011101100010111101100000101100101100011100101001101001000
01110110101000010100010101111111001000011111000100101100100110111101111111000011000110011011010111110001111001111110100010110101
11001100001011011001010101001111010101111010010110001111000010011010010000101001110100111111111001110111111001010011110101000011
00101001110011001101110100000101111010011110010111000011111110011110111010010101110100111011001110101110110101110110001111110100
10110000010111010001011000110110111011110110010001000100011110100011101101100000110110111011101010011101101110100011111000111111
01011000111111000100011111110010011110110100100000100110111101011011101001110011110010110111011100110001000001011010101111010110
01010010100000111101011100011110010101111001011111101001011010001011011011110100011100001101110111111101111110001100100000101011
01011100010010001101110111110101101101001011110001110111010011101101010010000100110101010011110001100010001010111111111111111110
00101011011001111111001001011110011010010111011100110110000100010011111101111111010111000101111000111100100110001010010111001011
10111001101000011110111111001100010101001111000110101110001110111111110101110100110000110001111110101111010011010001111010110011
11011101010111001111110100111100100111010001110010111111001011101101111001100110100000110010010100100001000011111001111001111001
11101000111101111100111011111111111101001111111011011101110111011011010000111001111111111010011010110110111000000011010000010000
01010111101001100111111011001100101011101101000111111111011010100111100101111101001101011111111001000011110000001000011111011010
10011010101010111101110111010111010101100100111101101110101101010011111001010010001100110000101101101011000111110011111101111010
10001110101100010111010011010111000111100011100001100010011110111110001110011111101110011010001110101100001110000110000111011011
10111001110100010100010110010111001100111101110011010000011101011011101001001011101010110110001010010110100101010100110111100011
01100111100111011110101001010011110111100110010010111101101111000000110011000101100110101101110110000111101011101101101001100010
01011010110001010010111111011000011100100110100101100010011111101100001110111011110001111011000110010111111110010111010111111001
10001001010101101101011100100101111000011000110100101100001101101110111111101010010111111110011110001000110011101000001001000011
10011001111000111111011111011110101000010110001100110110011010011100111010110010011101010000000101010111010110111001000000010110
01011001000110100101111001011101011111111000101110010000001111110101111111101111011111011111010000101111111011110100010001101001
00101101010010010101001010111011000011110000010110010100111100010101010010100111010111100001111101110111101111101001101000011101
01000111101101111100011011010100111010010100100101001001011111011100111010110001101000110000010101000101111101010000111011011100
01110001110010100000101010111110100111010110011101100101010111110000100110101010101011011111010000111110000011011101101100101001
00110010111101111100100011011100111100110111111011110100111010110011111110010011010100010011111110100100010100110100010111101100
00011110000000111011111111111110110110001101110010100011001111110110000111011010000011110101100001111011110011111101110110000100
11101100111000011011001100111100110110001100101101001011011100000001000111000100110001010111001111001010000010101000101101010111
11101100011010000001110111010011000011110011101001101111110101110001010010110010001111001010001110001101010111001100111111000011
01110010000111110100100000011011001101001110101000011001011010101011111111101101100001110010010110010000110110111110111111000001
10111010110011011100001100100101110001111101011000010000011111011110100000111001010011000011100001010011100100001100010100100001
01110100100011011011111111010101100011100010111101011101010111101111011111110111010101010001011011001011001111111110001001111001
10101110101011111000011011101011110111011010100111000001000001010011101011010011101010001110111100111111010111000010101111100101
10101010110110100011100010010101100101110111101110111110101101101110001011010000010101101111110011011011110111111011010011100011
11101111011001001011011110100100001110010010111001000110000111011101001001110011111100101010001101000000110100010111101111110010
01011101101100111100010010001110111111101100010011101010100010010001101001011010111100011111101110011100110111010011011110101111
01111000000111010110101100110111011101001100111110001111000100111000111000111011001111101110100011001001111010111111100101110010
00010111010000110010101001111101110111101011011101101101101100011110110001100011011110100000101001100000101110100011100111111011
00101011111101100111111101011011011110111011101010011010000111101001110010111010101010111001111111011010111011001001001100101000
11110011011001000111111101111010100110011101110111110011111100111100101111100111011101010111000101100000011110110001011111000000
11011111111110011110111100000001001100101111111001011111110100100111010001011101100000100110111110010010010111110110001101000010
00001110111101101011100000111101011100001101011100111111000011001110101110011111111110011010111110001111000101100011110100110111
00011111110000111111100000111111010100111000110010010101010111101100100001111110101101101011011010101111001001101111011000001111
10011010001111011110100111100001111111100111010111001110110101111000101111000010011010001001101001111100111111101111000111110101
11101110100110000110001011101001001000101111011110110011010001000110111001111100111111100111100100011001111110101001110001001110
00110101101101110110011001100101111010100001111001011100000101111110101110111001111011100110110101111001100000100000110001011001
11010110000011101100011001011100011110101101101101111111001111101010011111010011010111111010010111101000110100111011101101110110
01011011011111000000011010010100011011001111000011100101101011111000111101000101010011000001110110000111000001011001010101011001
11010001101111110001000101110011110111100011000110011110011101011111111011110111110011111100111010000010001100111110110001011010
11100001100100111011111100001000111001001001110101011111110110011000111010110011010111101110010010111111101111111000111100100110
00110001101100010001010000001011010011101000110000101111001101111111000101011101001101101111101000011111001011010100101011101011
01111110110010010110001011111010101101110101000110011010111111001110111100010111100011100101010101111011100100100001111000110111
00001001001001011111010110001111101010101010101110101000001110110111010111010110101111001001111000110011001011100100011100111101
10111111011010110110101001000100011010111010111101001100001000110111100111101011110111111011110111000111011000010000110011100010
10111010110100001111111011010000110011011101111111111010111011110101101100111111001010111010111111011011111111110111011011111111
01111011010110101110111110010011000111101101111101110101010110110111000101100111011111111111100111101100000101110101010101010101
01000010110101110111100111001011000110111010101000101100010101010101111011110011100101110101001001100101110101100111000111100010
01110110010000011110100111010111010100101110111101001110101111010101100001010010001110011000000111001101111010001001000111001001
01100101011110101110101101100111110101101110001110011011101110010100110001001100101111000011111001000001111001001011101011000101
11101110010001100011010011111011010111000010111011110110110100110011111110100010011100101111111011100111100010001001111101100000
11110110010010010001011011111110001100000011111111010111010101000100111111101111011011011001000100001110011011000001001111001100
11011110010011010011110111110000001101011011011111101011111001011001110111111100111110100010100100111010111100000010111101010011
11101100100100111111100011010100001010111010001101100001111110101010101100101001010111111101100100011111011110000111011011011011
11101011101010110101011110110011110100101000010011111000110001011101110111110111011011000110011110110111100110110100011011010100
10101011011100001110000101100011101110000011100100110001001111100011101001110100110010100011000011100001101111010101110011011110
11110010100001110010100101110000000011100101001010000011110110101110111100101111001001111011011001110100010010010001000111111001
01010010110111110110110010000111011111010101001001100011011011110110010011001101101110110010111101100100010010011001100100111010
10100111111111011001100011001100111111010111010001101011111111011011000110000101011110101011100011001101100101101100000011110101
00101110011100101100111010111110001011010111001110001100010000100011100101010110110111100100011111001001101010000110011101101111
11000000000010100001111000000011001100000001000110001011001111000101111010111011011110001110010110001000010000100000010100110101
11001100111111001100001111010001110101000111101101110100101000111111110010000001101001010110001101111011001110000001101010110111
11111001000110100011100000010101111111011101010101111101010111110111101111101101110111101000010101100011001110100111010111011110
01110100111011010001101110111111100001011111011010010111001110100110100000001100010100100010111111011010000001101000010111000100
11011111000010110111000110111000010111111011010101011011100111101010110110000101111110011000000110000011110100111110011111001111
10000111100110101100001011001010110011101001011111111100111001110100000110011101111100111000000110000101000111101111010011001100
11001101111011011110000100011110010100110001011011001011110000010101011010011100001000110011101011100111001110111010111010100011
01111111011010101101111010101000011010011001010111110011100010010000011001111011010111110100111111110000011000111101111101001101
10001110110110000010111100101011011001101110000111011111010101101101011010000001001000111101111011110011001100000101000011100100
11110000011111101011010100011001100110101100001100011010000111111100111010011100000001011001101110010100000011011010010101010101
11111001001000100011011111101100000110011100110001101110001101000110100101101110101010011110101111101001000111000110011000010100
11111111011101011110110011110101010111110011110101011100011100100100001111001110010100011010111010010111111010001001011100011010
11111111111101011111100011110110000000111010011000011100101110111011111000111011111110001110011111111011010101111110101100000010
11011111101111111001111011111110111000111001110110111100110110000011101000111110110100111100000010100001100110101100111111101110
11100011011001110010110101101011010001011000110101101000011001111010101010100110000110111011111001110111111110110011011101110101
00010111000100010100001111000001101110110010100001100111010110100000111101110110110100111000010100101001111000110000100100001111
01000101101000111011100000010011001110110111100011000100110010110001111011100010111111101101111001111101011100110110100101000100
01100101011010000010110111110010110100101000011011110110110011111011011111010111101011110110010110001110111110011100011001110000
00100100110011101110101101001110101101100111101001110010101110101001101000110101111011111110111101001101010101001111110011101100
11000001110111011010001000011100111010111111110101001111001100001110011101110010110011001001011001101001111001101011100111101100
11110010111011000111110001010110111010100011010100010110011111000010111111011001110011001100001110101000010010111000111010101100
01111101001101110100011111111101110000001111110100011011010111101101111101100010101111111100110110101100111000110011100011110110
10010111110001010011010101101110001001101111100101100001001101101010011000001011000110011110101110111101110100011101000101001010
10011111010010110011100011011001000111010100100111110010111000101110100100101111000100111110110001110110001101111101011011111000
11111001001101001011111011001001001100000110100111011010110001001101010101100110111111100000011110100111101111100010001001001011
00110100110111111000001110011001011110011000000011101111001100011000110111000101001110010111001001111100101010101010011110010101
10100111100100010101110111001000001000010001011110010000110000111110011111100010011010111010000101111000110110101000110101111011
00110101010010100000011110111111111011011011101111000110010001000111010111111100111100100010000111101011110010010010011110101010
10110011001010001111010010111110011101000110011110110000111001100010111101110011011111100010000100101111001110101001101111111000
11101101001011110001000010000110110010011001100101110110101010111001011101110010111001000000100000110000011110100100111101100111
10110010000111010111100110110111110100100010100101010001111100110100010101110001110001100111111010010111110110101001100110111100
11111111111001100110101101011001011011111111111010011001001101111111001001011011110001000011100001001100000110110111011010001001
11011111011110100100010010101111100111010000010111011011101010011001101011010111001000110001011001001111001100111101010100110100
00001100001100101010100111011111001100001111010001101101111101001101101001110000011010011100111111111100100011000010011100101111
10100111100101000001110110100111010110000111100101001100100010000100001111011010110010011011111001100101000101101011111111001000
10011100110111010111010111000001101100111010011111011111101011011000111110111111001000010111110001101100010101101101101111010111
01111011100101000111100011101001100111101111110111010101111101010011001101011111001010011101111011100111100100011001111110010111
10100101100001110011010110011010111000001001101000110010001100111111001001110010000111001000111001001111101001001110100011000110
11011011011001110101011010110001010010010100001011011100101110111010110011001001110011010011100000111010010001101011001111001001
11110111111001011011111011100111101101000001110100001010010011101111101110110010111010011101111001100110111110010011101111011001
10101101111011011010010011010110000001111001110010110111111111111000000111001011000101110101010100010011100010011101110000001010
00001111111110011101010111001001111111011100010111001010101111101001001110001111111011010110111010011110101010100110001111100110
11011011101011010010001101011111100001110110101010011101100110100001010101011100011111111111001011011001111011001111001000101100
01101110100010001110011111110010101010110111101000110110111101101101001100011001111000111000111111111111001100101100111100010111
00111100110110101011001000111101011011111101010101001001001101001000110000100111011000101110010101000111100001101110100100111101
11000010001011111111111011010000100010001111000111011111100110111011001110000110011011101110101010010100110101010010001001111010
01111001011011011110110001111010101100101110110010000110000101110101110101001010101000001100100011111100111000001111111111111001
11011011100010110111111011110000000101011101111010111111001101011111110101011100011011000110110101100111100111110110110001110100
01011010001111011010100110111010010111011111110111011010010011001111011001111111101111010100111111101010101100100011010001110011
00010100111100001110100011101010101010001010100110111101110100110110110011010011111011011001100011110111110100000100101000111101
01011001110001101111011111000010101111111010101001010111111001000110000100000001100010011001010011100000100111110010100100010110
10110001111111100101110101100111100011110101011111111000001011110110101100111111000111000111101101111011100011011111010001111110
01101011100100011101001111100001101111110110101110110010000001010000101110110101100100110110101100101011010110010000101010111111
01110100111110000101111100101111011100110000111111001101001100011010101001111100110011111101001101111100101001111001110101010111
00011101011011110001111100011011011110000010011000011001110001010100101100110011101011010111001111110111000010001100010001010111
11111111101000101100010101110111101011111011000000010011111011010010100001110101001011000110000000011101110101000011001100100111
11010110110111010101111111101101101111000011111010111110110110010100011010100100010011001110111000111111001110011101001010110110
00110100001110100011010110110011111001000011110110010110100100111101111011011101101100101101100111110100000101001010011010011001
01111111111010111111001110101101011101100110011001010101010010111111100101001011000001111010001010000011110100101111011111101011
01011100110100011001111000001011010010100010001001111101101010100010010000101111110010111010010011111011010111011100111011101110
11111000011101010101111011100000111111010100011001011010111000001011001100010001110010111101110101000111011111111010110100100010
01111100011111011100111111101000110101000111110010011000010011110110110111101011011101100010110111110000001101001010101011011011
10010000100011101001010111000110111111111111101101110111011100011111100001111010101100001011100010100101010001001111111110111001
01111100111101011110110101111011000011011101011111010101010001110110011011001100010010111011111001101110111010100010000110001001
11100110100011000111101101001101010101111110011001100110011111001110110101010110100000111101111011100011110110110101111101010010
00111110000100101010001010010101100100010100001101110011000101011111001110110100110110000010110100100001000000011011110110110101
01000111100100011010010101101011011000100010011000011000011101100010110111001001001100111010111100101001010011011100001111001011
01001111100110110110111011011000110100111010100011111010100011101110011011000000101011101111010100011101101110111010100111111110
01001111011010100011011111001110001011011001111110011111011100111010101100111010111111110000010111110000100111101110111011110110
10101110011101100000011101010001110001000001011010101101000100110000010001111011001111111111011011100101100111001101111110101110
00011011101011101100110011000011011000100001101010010001000100110110111011100000110110101011101110001011010111000010110111001011
11101000101010001100000110101111101010101111110110100011100101101111100001101101101000110011111111110000101001110001010101101010
00011101101100000101101111110111011010011100101110100001001010100110111111001000000111010101011111011011110011111011010011011111
11011101111000011011010111111101000001010101010100000001011000110001111100010010110011101000101010100101111100111100011001011111
00111001100011000111000001111101110010111011111111111011010000110111110100001010010101011010010101011111111011101110001111011101
10110101111011110111110111111000100101011101010110101001101100111000101010000101111101111100011011110101110011101011001001111010
00100011010011011111111010001011011110010111101101010000101010111000011001011010011111111111111010100110110111001111100101110001
01111101001110000110011001001010110101101100000100111111110100110001100110100110100110110111010001011101111001111110011101111100
10100010101101110011101011001100100110100100001110010010100111111000110111111101111110010111101110000101011100000011010011010110
11001000101110110000111001101111001000110000010011110001011101000111101001011010111111110010101101011100010010110011110010100011
00100100010100111100111000110011010101110010111101010111101100101010110010011111111001010000001111011110101110000011110111011101
01101101011111000001001111000011011111100110111101110101100001101100001010001111010111111100111110001101011001011100100110011100
11110111111100001010011110001000110101010010110011101111011101101101101000101010000111101010010101000101001110101100111111100100
10100011101010011101100101110011111001110101011110010001110100000111010000111000100111001010101101010010001110101001000111100101
00101101110001101000101110101010100111111100011000111100111011000011111111010000111111010010001000001001011011011001011011101010
01110110100110000100011000111010111011010101100011101111100111101001110011100010101101111000001000101100110101100000001011101010
10110111100100101111111100101011110001001110111110001110101101111000110100001110001000100100111111110000011101011111101101011100
00010100110101011100010011001001111110011010111110110010111010101110101111000000100110110110110010000011110101001001011001001111
00011111011001111111101010011000111111101100110010011101000100011010000110100100011100000100110001000110010100001111110110011001
01101001010100101011101011100100111011111000101110011101101001111110111011001011101110000011010110010011110010010101111010011011
10101000001001100011101100111010101010000000011010101011010000010110000110111010101110110010101000110101101111001010100011100000
11110101110101101110001111100000000111110101011100011110100011010001011100100010111010011111110100010100111110101001011001110111
10000011111010110111111000000111100110011110100110110011000100110101111001010011100111101001000001010101011111101001010110011011
11100011111011010111000000101111000010100101110111100110110110100110110001001111101100101100010110011110111110001000101010100010
10110010010011101100111101111100101101000001101001101011110101000101010001111001101010011111101110110111101111100001000100111010
10111001011001010111101001100111111010011001110011111010111000100101010001010101001110100111101101101000011000011100001000111111
11111110110111000000100110101101100101011111101010110001011100111000011000000010101000101000010101010110111110111111001010110111
10011010111000100011101101010011101110110110111101110100101010101011101000111110001111100101100000000111101111111010110110001111
11011011101011011100100101100100001010111011101111101100110001111010110011111101101100101111010011000011101010100110111000111000
11101111111111100100001010100011011100001001111001111010011100101011100001111010101001111010000100111000100001010100011110010001
01111100110010011101010001101000101000111101011111110100010100110011001001010000011111101101010111111111101000111011010110011100
01010100001110100110110100011010110111010101110001100010101000011100010001011011110101111101111001101001110111111100111000100110
11101001101110010011111111110001100001000111001111111110011110000000011111110011011111111101110001011011101001111011001010011000
01100111011011110111001100111111011110010110110110010101111011001111010110011010110111111111000001001100001001111111111111111001
01000101111111001101100111100000100111000110101110111111010001111001111010010101010000010100111101101010011111100001001111011011
00111101111111111110000001110101110001011001001111100101010011111011011110010111010110101110010001111000011101101001100001111001
11101100100011110010011100010111001101110011010100110110101111111100010011011110110000010000110010100001101001110010110110011100
11100111100100000010100110111101010111100100111101010110011000111010110101111001001010001001111110111011101111111011110101110001
11000101001011011011100001110011100110110100010111101101010010110001000011000110110011001001110000110010110110000110000011111111
10001011111010001111010010001010111110110110101011010101010101001101011110111101100111110011110111110111110001111010110011110111
00001000111111110011110111010111111001111110001110101100010010010110111011001111101110011001001011001001111001100100101001010010
01001000001011100011011001110011101111000011111101011110110110001110000011100110101010101001110111100111001101110010010011110001
10111010000100111011001101001011010010100100111101001000111101010010101011010010011100110111011011101100111011011011000011111010
11111101100111011001011101111110000111111110100111010010111111101010110011001000101011000111001110111000110100101110111010101100
01101111101101111011010100110001100011111100101111110000110000101110011101110010010100100100010110101000001100010101110101111011
10110111001111010001011100101111100001011000101111001101000010101111011110010001011100011100110000101110110011110101110110111011
10010101000111111101001110110110111001011110110101110011110110110111100011001101001100111101000111110110100011100111110100000010
11100110010010100101100111000011110100111001010010011111110101101101100011101111101100011000110001111100111011100000110001111011
01110111110010100011111101011001111001111101000001111101000011110111101010000111110101001001011011000111011110101011001001011110
00101100100000111011010101110101010100111011101111111001011101001010000001100011011111110001011111000010000111111111100010001011
11100011111110010110110000110101000100101011011001000111111001001100100011100101011011101111100000111110111001110111110101100111
00011011010001011000110111100111011101101001101010001001011101110110111000001001001010011011101010010110110111000101101000110111
10111110111011110111011101010010110111011111011111001100101111001011011111111111111111101111100001111101100001111010000011000000
11100111100011010001011101100100101100010011110010010110100110010111111000101111101011111000000101011000010011100011011011111110
10101011001001110011010110011011111100101100000110110011111101110110011100001101011010000110000101110111101101110000000110111001
11001101111011101010000101001110011011000000110110111110010001010010011010000101111100100001101101001110011010011100110110101110
01010110100101111110110001101111100100100011011000011001111100110101100110010101010001011110011100011110110110001011111011100110
10110110011001110001111011110111111100101100110111000100000111000011011110000101111000011111111011011000011100000011010011001110
10100011010011010010001111100100110010011111001110111111111100100010101110010101000101011010111000101111011010101111101111111011
11011111110101100101000101101101100110100010010100110111010111111010100100010010111110100011010010101001001001001001111110110000
01101110100000001000111101100110110110111100011010001101011111001111111001110110011101111110010011011000111111011110110001010010
00101101000110101011010110100010101011010110101111111100001011111000001001001111000111011001100101111110111100110110001111100000
00110010110100101111011100011101010111111100100111110001100111101011101011110001001011011110001111111100100111011011011111011011
11110111101111110011101001011101010101110011100001110111111001010011111111100001010111011110001100001101111111011011010110110000
11011111001011100001011010100010101111111011011011101010110011101001111110000111011100010010101111001110010101111111010101100111
10111010001111011010110101011111111001110101111110010011100111011001110111110100010000111101001110111010100000011101111101011101
11011111010011111011010110110001110010011010101101100111000111110010010111001111101111101011001010100001010101000001100010001001
11100100000101000110101111110010001110110001111111011010001101100000110111110111111001001111111110011000000101000111111110110001
10010011001001011110101101001010001101001001000010000001100110010100110110111010100000101001100000111001110111000111110000111111
01111111000010110110100011011011011001111100010011000011101111011101000011110001001100101011111011111010010000110110101111111001
01110000111011011101001101111010001010110110110010111000110010110111100110101101010001110111111100001100110011111101110001000100
11100101011101111010011011101100111011001100101100000001110111111111111101100000000110010110111101110110001101111010010110111011
10101011111010001111100000000111111001110011101101010011101010110011010011101011101111111101101101101000111011000100101000100010
11110111111011111111010001011100101101111111010011000101111000110010101111010011100110011110001001001010111110001110001100000111
10000010101110100011100001000101100111000010101011011011100011001111110111010101010111100101001010001000100001101111111001010100
01100010100000110110000000110110101011111011110000111010011010011110111111000110101111011100101111001100010011101011110011110110
10111000110010001111110111100001111101010001000010100101101100101110111011101101010110010000011101010011010011110110001111111000
10000111100001111100001001010101101101110001011010100100111101110101110110101001011101111011000111100000110101101100001010000010
01100101100101111110011110110110010010111100101011101101101111101100000110111010010110111001011100100011010010111111100101000000
11110110101101001111110000110101011000110101101111011111011111101100101010110111101100100011111111111101001010011110001111010101
11101110011011011011111000010011101101111100110111101001110011111010001100000111011111111110111101010001111110110011011110111101
11001110110111101011001011100101110011101111100110101000111101111011011011101111100110110110001000100101011111101011111011100101
00000001100111111010000011101110110111100110101100110110110110111001111000111010011111110011010100100111110000100111011011010001
10000101010111101100101111111110011110000100101110110000110101100000100110100111101110111011010110010001011110100001101110100101
11001111101101101100011111101010100010101110101111000000111000100001111111100100010111101111011000000001111001111011000100010001
11110100001100000110111011110000100011000110110010110001011011110101101011001000010011101001100100100101011110111100111011011001
11101101100011111101111111011101101100111100101001011011001110101010101101111100011111111101110110101100101001011100001001010011
01110000111111000110110000010010110110001010000101110101110000011010000100100101000101111101000011100111110100011011101111001111
11110101011101111011101011110010010011101010110000101011110101010010000011101010011011100011001001110101000001010101110101011110
10110100110110000100111011001110011011011011111001010010011011110111111101010010011011010111100111111001001011000110111000110101
11111100000001010000000101001100001111001001001010010010000111110011101011101100001001111011110101111011011110100100111110010000
10100110011110001101001010011110110100011011000101011010010110111011111101101100111110110111111011110111000110011000001000011001
11011000010011111001010001110110001011101111000101111100111000111100010111100101000101110000110111001110010110010111001001100011
00110000011101111110001101101011101111110010000101001110001101111000110111000100010010100011011010010100110001111101101100010101
10110101000110101011010010111011000011100010000100011100100011111000101011111011010111100010101011011101101001011110000110011000
00011111001011101011000001110100010010101100100101110111110010011100000111100101111010111001010010011011001111011101001001001011
00000100011111110110101001000011100011011100001100011000110101010111011110111010110000111110010100000111010110111110010011111010
10010111001111101111101011011100101001111110010011110010011111101111110100000011101110100011110110001111000001001011011011101100
01011110000110111110110010100101111100011001100100110111100100011101001101100111000010010111001010001010101111000101001010010011
10101011011101101100111101100111100001111110110100111011011000000101110000100110100011110000010111001011111000111111010100001011
01010001111111111011010101110100001010001101111001000110001011110101001111100011101001101000011110110100001000010010110110010111
01101011011101110001011100100111000100110111010001101000110111111111110011101101000010001010000011111111101110111011100011000100
00101100011000101001010110011101000111001111011110001100011000000010110100110010000010100001010100010100000001110110010111111111
10010101011010010011110010010011100100100101100101011010010011111110110010011010110101111001101010100111110101011001011110001011
00100111011010011100110101111110111100100101011011100000100101001101101111110001110101101100101011110000010010011000101111101010
01000010100111101000001101101010100011101000000101101101011000010100101111111111000010011111110000101110110100110010101111111011
11010111010101010010010101101011111101011010100010011011110100100010011001101100101010000010100100001110011000010001100010111101
10010100000011001110101011100010110111010100001000001111110010010110010010110110110101100101000110011011000001111010111100110010
01001011011111010010101100101110010111110101101101001110101110100001001010001110100111010110011100110110010001100011110100011010
11011111001001100100101001110011101110101001100101000110010110001110101011111111010101101100101101110111000001111100010011001111
10111111011011001110010001011111010111010001010000011101111111111100101110001011111101011001000011011011110101101111101100111101
00010100001001111100111010111111001010000101101110101100100001111001010110111110101100110011101100001110010111110100001000111001
11110000110111000011101101101011111000011101010011101000110100000010011110100101101011100110100011001111000111101110010001100111
01011100100110111110110000100010011100010110011000101100000011110110011111101101111100111010001000100110101010101111110010000101
10011001111011000100101010111001111000001100000011110011111101111101010110100011000011010001011011111111011110000111100101011111
11110001110111100101101001010100110010100010111101011101110101010001011101001000110101111100100001101101101001001110101111111100
11000110101111010110011110100111001100110011101101001110010011110011111111100000001110000111011001100100111110101101111101011111
01010110110110101110111100110101001111001011100111000100100111111011011010110101001110000010110101001011111111101110101010100111
01011001101111001111111000110110111111101101111111111011110110100011011110010011001100111000010101101101001011000111111111011111
00101010100101100110010000111111011111111100001001011101001100100000100110100101011011111111101110010100010011111111010101100010
10000100001100101001010100111011011011001011101010111011011111101011110011111111001011001100111110110010011001101101110111011111
11101010001001011100100011111100001111111011101111110011010111010010111010111100000101100110001000111100101101011010001110111010
01010001110010010001011000100011011011010100010110110010110111010001001100001100011100101001111011010001011100100110011011111101
01011111001100111000010110111101111011100110011111101111111010110010001100100111001011001011111001100011100111000101010000111011
11011001110101011000101111110001100111110001011111110010010101001011000100011100010110011010111101110100001011110100010101011010
01111001111010011100011001101001010101111001000011010000011011100111111011111011111010101111100101011100100111001111001111101011
00100111111110101010101000100101101000000110110111001101010011010000011010011111011011011001111010001010110000101111001110000101
01011100100110011100011111000100011001100111001101111101001111000110011101000100000000110101111101100101110011000101100110011100
11011010011101001000111101110000111111010000000100110010100111011011001001110111000111100001110101000111010001111011101111111101
01000000010110011111011111011100000100111011011011101110001101101111101111101110011110011111111001100010001110001111110111001100
11100001011101110100101011010111101000111110111011001101001101111111010111001001001100011011011101001100111011100110000100001111
10101100111010110011000000110111000111011000111001101010001101111101000111101110110000110010111011110110110111011101001101111101
01100110110110011111101010100100100101100010111100101010001100001010111100010100110001101100110010011001111011110100011111101001
11011111000110101010001111111000101111110111101001101011010110010011100101010011111000101101010000001111110011001101010101011101
00100010011111101111101000101010001001110010011010110011010101010001010001111110010010101000000110111010101000011001011111111001
01111011011111111100101011001011101011000000110111011101101111101101111001101011100101111110011010110000111110001010011010011001
00111010110111011010011110101111011000000001110100000010110001010000001101100110010101000011011010100110001110001101011101110101
11100101100100001000011110101000101100011111111101111110110111010011001111100001111010110111000100111101001110111011110110111111
01111000111110010000101001010111001110111101111101011110100001101100111001110111101000110101111010001101110100101100111000111011
01110010110110000101100101011110111001111110100000100101110110011100011111111011111010111101011010101101111000101000011010110110
00111110011011111100001111011111101101111101110110101111011101111101010011110011010111101011110011101001111110100110010111100100
10010000011101010100111100101011111101100100111000101010110111001100100011111010101100000110111100110101100111100011100001010011
00111001110100111001111111001111010011100101110110110011110010000011010001011111100110010101111110010110011111101110110001011011
01111001000100100111010011011001000101010111010111011100110111000101111010100110001110111101010111011111011001011110001101010010
11001000010111001101110011000100111101111000111011111011011010110011000001111000100011010110100101010110010110111010111001111000
11111001011100110011110000100001111010101100111011011000011111111110101001110001100110010100100011110101000000101111010110011010
01000001100000001001110100101001111001101010110011000000111001111101101100011100111000100100101000111100111010110110111001001111
11101101101010010011111010100100011001110101101001101111111011001001100111011100111001111001101110100010001111011110011100110100
00010001110111010100011100110101100001111001001111101010010111110100111000001111111101111110111110000011101101110101110000110100
01011010001111011001011010010010111011101010011101000111111100001111011000001111101111011110011101001101100001000111101101101101
11111100011100011101101110100000010111111100010001100101110111101011001000111000011111011001110111001100001100111001001111111111
01101011010010110111001011100101100110100001110011011010111111010101111010111110111010110101000010001000110000101011001100011001
10001111001111000010001111001100010001011100111001011110101100111111100000110110010111000110101001110010101011011110010000011001
11101101100001100101100000110010100010010101111101110000100001111101010010111001111000010110010011001010000010111101001010011011
11110100101000111111001010111011101110111001111111111100010111110100001011011101101101010110011001101110101100001100111110001011
10011011001010111100001010110110000110000000101111011011100110000111111001101001011100101011111000000011101111101101110110111010
00111001100100011010001100001110001011100010001111110110001101010011111000110110110001110001101010001111000111111110110101111000
00001011011111000001101000011110010010010000011011101111111111100111101101001010111000011001101111011101110000110011111110100000
11001010011111011110100111110100011100111101011011101010100110001101010111010100111100111101101100011010011001111011111110010001
11001101000111111100011001110101110101000110110011000111001010111100100011000011101101101111001001110111101110110100100010101011
00111010100001011010101111101001111000110011111101011110011000100101001110000010011100000010101001011010111110110011111001011110
00100001000011111011001111111011101110100101011011001010101000000001111011101010000110001101101110111000000011100101111101111000
10110100110101101001011100010010111110011011010011001110110111111000111111011010010110001011000100110110101111000101001110001101
10100101111101001101110011010011010101100111100101000101101100101101010100111010101001001111110100001011110001011101011110001111
01011010111110101100110011011111100000111111111110111011110000110100111101010110001100100010111101111010100111000111001011111001
00111001111011100001111010110101010001111111111000010011001111100110001011100101101001011011111100010100011111001101011100011010
01101010001001001110111101001010110111001100001101111001000110101100101101001111110100011100011000011100110100010011111111101100
11011010111101011010010110100110110001010111101111010100101101111001111001111111101101000111000011100110111111011111101101010001
11111010011110010000011010110010011001100100100011110111101001111010011110001010001011010011011101111010011111101001001110001000
00100011110000001110010111010100001010010011011100111001100101010101000111100110001110101011101010100011010110100010001111011111
00100111010001110001101010110011101011011000110011000111011100101010110110110101101001010010101010110110000110011111001111100101
11101101010110110001110011001010001001000011011110011100001000101101110111100000110100111010001110000011000001111010000110101001
11100111110011101100110101101111001001110010101100100011011110111001001010001000001111111100010101110110110000100101011100101101
10011101100011101000100010100111000101100010111100111110110110011100011000010110111110111110101111100101111100101001010011010001
11100110011000100000110011011010001010110101010101001111111101100110110010010101100100111110110101010101100010100011110110101111
11010011100001011010111100100110010011100001111110000111110110110011001011101010001111111111100110011100010111111110110011100010
10001100111010110011001110011010110110011100011100101101001001010010001011011111110110000101001000111101000011110111001011100011
11011100100110001110001011110001101111011111001100100001101110001101110011010101111100100011111010101100001111111111010111111001
11110111101010000110101110110110001101011011110010101100011100001101101010001011000010010001101101011011010011111101111110000110
00101110000111100101011111100111001111110011101101000101111001101001101011110010001111001101100111111000000010111101001010110100
00000111111100101011011110100101111100111011111011100011100101101011100100111000101101010011110010111010111011010111100101001101
01101101010110110100101110011101000110010101100100101110011110001001000011110111011110111010100010000101010010100101110010110110
11110010010101011100110001100100011011010110010011101011000101110100010001100001000110110010111110101100101101000011100101010110
10111000111101100100011110001100001110010100100111101011111010111000011111110001100111101111110101110000010110110100110000110010
11101001111011111000100000111110110000110111000110001011000010010110101100010011111110010110111001111101010011101100111000100110
00110101101011100111110010011010101001000011101101110011010100101011111100110001110111010101110101111100001101011101111101100111
11111010110000101011110101111110110110100111000101001101110100111111111011100011110111001001011000100111101101111011011110000110
01101110111101001111010101010101111011110110111110000111101010001001011000101000011101101001001111111100101110011101110000011001
10101111000101001101001000111100111101101110100101111101001100010111001011111111011101010100011110111101010001100111101111111011
01101110110101110101011000110001110001100000011100111000001101101101111010110011111111011110110100111001001100000110100001011011
10011010101101110111010011001110011001111101010000101101110110010110000011000101110110100110101111111000110011011000001011101001
11101111101011011111010010110001000001011011111111110111100000011001011101100101111111101001010011100110101110100000110100111011
11110000010001000010001111101011110011101011001110010111010001101111010010000111100110101101010101111000111111101100011111001110
11011011011110000111000100100100011011011000010011101111001011111011010011111100100011010100010101011111011010011001100100010010
01101010110101011011101010001100000100111110111011100110001111001010101000101101000100110100101110100101101111011110111000111011
10011111101011001110111100001011010001010011100110000101010011011111111110100100011010111100101011010110011101110100110010011011
10111010001101000110000100101110111110111110101011111001101010110111111011001111100101000100110010011111110101100111101001110111
11101101011100110111101110100110001001001110011011101011011000100001110001111011101100110000001110110000110101011110110010010011
11011001110101111101010010100100111011110111101011010110010110101101110110100011001011010101000101011010001010001000011100110100
01111000110001001001101010100111111011010010101111111110000001010011011100111011000110101111101000011011111010011100010110000101
00001111001110111011000101000011010110011010111011101001111011101011100101011111010010010100010111000111101011010111100111001100
11111100101011100011101011011111011111110110111100101111111101001101011011100101101000011011110101011001011010000001101100000011
10101110001101111100011010101110111011110010011001110010101000110101110110011101100000110110011001010001000110001001000010101010
11000110010010101100100101101010101011111101011010101011100100100111010101000001101010010011011101101111111100001110110111110100
11111101000100100110010110011011010101010100111010001011110101111101011011111011100101001001011101101000111100101000110110111110
00000110011111110011110101100110011001010010110101110110100001111100101100000110011110101101000001111111100111000011011000010011
01100001110011011100001101011001001110111010010111011111101101001010111101011110011101100011111111110011011101001101111111011011
00011001110011111011000001111001110010110010011101111100111011010010011110110010101000110000101110001110110010000111100111001111
01010101110001011110111100111110011111101000101010100010000001011100010111000001111100110010101110100111000010110110001011010010
00100111111101010010001111100010110111110100100010011001100101101110110110110000111111101010010001111011011110111111010001111000
00110011110110110110001000110011100001011111001111001111010111111011101100001011101111010100101111010110110011101100110001001010
00100101111011101111011011110000100111111011011100111010011011011000101111010100110110111001110110110011000011001000010100101001
10001011001111101110000011100000011110010011100011010110100110101100111101011111011100010011010010001111011101001011111110111010
11111111101000011010000110111101110101010111110011111011110000101101110101110101001111011100011000111100101101111001100011110011
11100111001101001000011010100111100011101110010111010110001011111010100000011001010010011000111110101101110101011100101001010010
11011011111011010101011000111110001101001001101100101011111010100110110001010111010010000011010111110100100011001001111010011111
11110101101010001100001100100111101011100100101001011101011011111011011100111000100010000011101111111001100111111110111101110011
01011001110010101100110011101110110000100001010101011111001001111101111011101110001011011011000010110100000011000110100111001101
01111110101011110011110110011010100111101011010110111000010100001000011000101011011001010010001111010010110001011011110111111000
10011111101010000111101100001110010111100010110111110011101111100010101111010111010101001110000100010010101011110111100100110001
00111110011101111001000000101101111111110110100101000101011101101011110100001100000011100111100010001100111000111001111101010110
11100010010110011000011110101101011111111010110101110111110011101111100001111111001011100111100100010001001001000110110010001010
00010100101100101111111110010011010111111010110111000000100010000000111111101000011111001110000001101110010101101011001011011010
11110011110100101110000001001101101111111101011111110101110101101000001100111100111100111111001010011001110010011011101110100101
01110110011010111101000010000101010010111000101011011110000110100101111110001001111111001011101110100110101101011010001111111100
11110010110111111011000011111001100011110110101011001100100000111111100111011111101101001110110011110011001111111101010001110111
01110011010110011010101001001010010000110110100011110010001010101011100011111001011011111111010101010010100110010010110011111001
11011000010111111010000001000001101010100111111101101011000110010111110111100100111010110000001101010110100111111110111110111101
11101100011011010011110111110111100101010111111110111100001100110011001110010100101011101110011110110100111000011010011111100111
01011001010111011011111100011011100111101011100110000011110101000101001111100011111010111111100110111111101101100010010001010110
10111110110011110010001111101110001110011111100010010100111110111000100111100101111011110100000100001001100101111011100010110110
11010101111101101011001000100000101111111001010011010111101000111011000111101100101000101111000100010001111111000110111110100111
10110100111001100000110111011101010100101111111111110100001111111101111101101000110011111110101101101110100111000001000010101001
10011100010000101111111010000010110011010111111011001101010101110100011101010001111111110110100111111110111101110001010011011101
10101101000110000101011011011111101101111111111000101101001010000010110001010011111010011101101100111001111100110010110100101111
01101100001101011001101011010111011011011001001100100110111101011100111110100011000111011111011100001101010010111001110011001110
11101111000111111010110000101010101010000010010111011101001110110000111011011111011110111011100110100111100111101011010110110110
00110011010101001010001101011101011110100111001100011000010010101000111010001111100111101100001011010010100110011110100100111101
10101101110100111000111010111111010011010010110100101010101101101011111111000110010111111000101001001111101101001010100111000001
01001110011001011000110000101011101000110110100011000001111010100110010000011011001110100111010001011000111110111100001111111011
10010111111011111111111011001001101001100001111001100100110100101110100010100110000001111111011001011000001110001010110010001100
00110001101110110110001000101011110000100101010111000011101101010010111010000101111111101101000111011111001111110111010111001011
00010011111011110100100111010100110011100111101011011111101101010000101111010001100110111101101011010101110101011000101101011000
10100001010011001101000010010001111100110011100101110001011111111100100011110110010010111010101101001011010011010010111100110111
11001111101100110111111011010110101111001010010010101000010111011000011110111100111100111111010100001001110111001111101000000100
11000101001011111011001010000100100110110101110011101011101011111101101110101111010011011111011001010011111101101110001010011101
10111100111100111101111100100101001101000111100111110010011001101011111001110111010111111001000011101001110011101111001111011110
00011001011101100110110001111111100000010001010100110011100010101010000011100110011011011001101011111010110001011011000000011001
10011011001000100111001011001010001101011100110011111011011101110100110011110101111110111000011000001111011100001100001101010010
11111011101011000100010111100110001110110111101111111100110100011111111101110010101111100101101101001001001110111010100111101101
11101111110111011101111100011101110100111100011111101110001100110110101011010101011010000010111100010111000000101100100101100101
01101110001110110011110000011001111110101101011101011011111011011010110010010010011010110001011111011000011101011001010011111110
01100010111010100000001111000101011111011101011101011111100111000101101001111001011111101110100111100001110111000110000100110010
11111110011111010101101111110011000101000111100011100011101010001011001101001111011110110110101111110010010101101011101111110110
01101101011010011001001010101110001000000010101000010101111100100101110011000010111000000100001001111000110010110010011011100001
11110001011101000101100011001111010011011110111101111100110000010100100001110010011110111000111011000011011011010100001000011110
10011110110010100101111001100010001111011100010011100111110000010010110000110111001111110100011101001010111101010010110111010000
11110101010111001111101111111000001101011111101101101011100101100111110011010000110100110010111000110111101001100100111010111101
01011011011011100111001100110100100011001001010101001111010110110010111011110110011111111010111001110011100001110001010110011101
01101011010101110001101101111011011100101010110101110011110110001001111100110111000101111100111010111001111010110011100001111001
10010101010000111000011011100111011110000010001011111101110001110110000110001010110011000000100111111011100001011110011100001110
11110111111101001011110011010111011000001001100110110110101101110011011100001001101011000011111000101111111111111111110011101110
10111011101000000001010011110000111011110011111110011001011001000101111111111010111000110101101110000110011011111000111110111101
01101101010110101000010100010110101110011110101100101111111010001010101100010000111000001001111000011110010110101010101001110101
01001111111101000111110001111010101110001110000111101101011000101110000000000010100000101010010001111111010001101111111011000100
10101111111000110100011111010010001110111110110011111110111111010101010100111011001101100110000011001100111010111110111101100001
01110111111000001111110111001011110011110001100110110111011111010001110111110011011111110011100001111000001111101101101111001000
01010101111101001101011100100000101110010011110001000001111110110100011011000010011010010111001110101100000111111100001011011110
