11100110011110110111110011110100111110110011100011110011001010000100100100111001011100111110001000011101001111111110110110110111
11010110100100010100010111100111010000111100101100101100001111110010101011110001000101111111100001100101001000110101010001110010
11101001011111110100010000011011111100010100110111010110111010101001111111101111110100110111110000011100010011001100000111101010
11111001110101000001010110111000010111110101100011010100000111100010010111001001101100000101100111110001110001111100101111101111
10100110001001000011010010110111110001100110001111001001000001110110110100100111001101001001011101100111001010111011011101101101
01011010110000101111111101111111100110111000100110111010101101101101100111001000101100000111111100111111010111110100111101111111
01101001111111000110111111011100100010010111110000101011010010011111010010001101101010111001011001111011101101000110000110110100
00000001111111111001100101111110100111101010101011001001001001100111110101001111001101111010001111110110111111000110111010101101
10111001001001101000001000100001011111001100110101010011101101110100001111111110000001011000111100110001011001011100111111101010
11100001110100111111011110111000111100111010101011111101100010001100100001000010110110110100101110111111111100110111001111010010
10001000000101111011100100110101111001101110001101101110011011001111101100110101111011100110111010111001010010100101001101110111
01011100100001001101000000111111010110111010111100110011010101110000100101110011000100110001001010001110101010111111011000011111
01101001000110101100001111100111010110100011111110101100011000010000000111011011101111010101011011010100010100001101001101101000
01100011001000110110110110001010111100110010101010001110011010010101111101011100111101110111111111001001001000011110011011011111
11101010010010110110001111110100111011111111010101010011101111110001110110000110011101011010101111000101101111010111101111001101
00001001011110111001010110011111011100010110100111011000010101100010101110010101110101111000011011101100010100111100100110011010
00111110011010100111100010001011001010011101010110010000001111000000111111111010111010100111001010101011100111011100011011101001
11101011110100111100110111110100011011100000011111001010011011111011000011010011011111010001000101000100010011111100011011001101
01011011101111000010110111010001111100100011011000001010000010110100011010011111100100101011011110010000010100010111100100111000
01111001101101100001100111001111011101001101101010010011111101011100101001100111110110001011110000110101001110111101110111111111
11000110000101111000001111001000111010111111010110100101001111110010110111011101101100011010010111110010100111100001001111010110
00100011101000001000101111001011100100000100101011000011000110111001011110011000111110110111010110101101100011011110001100100011
11100100101111001011011100011101101010101111101111110100111000100101000110011111101110011001010101111010100100010011100100000011
11101010111111100011111000111100001111010011010000011101010111001110111101110010110011011101000100101111000001110100010100111110
10011100001010111111000100111111100110000111100111101110111101101101111011110100000110011110001001101001001011111011101011111010
01000111010010110111110100010111100001111110000110010010011011001100100011111011111100100101100101000011010001011100001110111011
01101010100110010110000101010110001110111111011001001000110111110101001010011011010110101001101110100111100100010100011000100111
01010010011011011100101100000100001000010101101110111000100111110100101100011111001001100110100010010011101101101111000111100000
01110111101101100011010001001011010110001011001010110101010001111011110000110100100010001111111001011000111101111110010111101011
10010101110100110001000101010101011010100110111100101101001111010101001101110111011000111110000011011101011110011100110000010110
11111100000000111010111110111010100100101010101010011100110100011101111111001010010010000110001110010011001000100111001110010001
01111000010011001111000011111010100010011000001111100001000101011010101110011000001010111100011100100000011100001001101101110100
01101001000101101011001000010100110011111010101001010111001100001101110111011101010011111101011000011001010110111001000111000010
11010111110111001110110111010010100101011110011010001011101110101011010101100100010000110101010111011010101010110010011010010111
10000110111001001110000111100001111101010100111111000011111100101010110111101101010000101011110110010110001111010011001000010110
01001000011100010011011111100010101101111010001011010101111101011011100101100011100111100110001110011111110101010011011000100000
00001111111110111011100011110001110100100010011010011011001111010001100111110110110111011011101010111011101011110101111101101101
10110010101011110101001011111111101111100110101101100110011100011010010011100111111111010111000000110011100101000100001110110101
10010111110100100101111000010110101100001011110010101010101001110110110101011010101110010111111011110011011010001010100010101101
10101100000101101010010100010011110001000111110110001110110010101110111110110101101101101101101101111011011111001100111011100100
10000100100100100110011101100101110011000100101101111010101101000110111001100111010101100100100111100011100001011111010000001100
01001000111100100000101010010100011100100011111011001000111010111101000111010101101110011000010000010001100101011001100011101011
01000101101010101010111011011010111101110010101101111010001001001110100000110011100101101001111011111000101111111011011000110110
01100101000101101111000001110111100110111111010111101111001101101100100111011010011011000011011011101000000010101001000010111010
01010100000010101001001110100110011111111111010000111000001111111110000111101110000100111111101110101011100110111000000011100001
01100110100100011101011010001000101010100101110011111000111100111011110101011000110010011000110101100110001111111010100101001111
11110111110110111100101001010110100011101110111000111111110110110100100110010110100010000011001110000111111001110000111111100111
10110001101111100111111011101111101111100111101010100111110011001110111100111010100010010101100101011100101101110010111100100101
10100010111110001110011011010001001101111001101010111110100011110011010001111001001111001101110111011011011001011011010010100011
11010001100110111011110111111101010010010010101001001111011011010110100101000101011010111111101111000011011010011001101100111001
11010111100011000111110011111000101111110111001101100101011100111101100001011000010011000101111001111010010010001011001100001101
10001110011111110011100110100100001111110101111110000100110011111111000001001001001111101111110000100110011010110110000110101001
11100001101111000111100011010111011011000011010101011111001011111111110110001001100100011110001000111010101010101011101001000101
11110100010110001001100110101010011110011111111110111001011011011110110100011110110001010001011111000110011111110011001000001101
10100110001001111010101001111111010101100011010111011110100111111000110011011101111000111011000101010010100001000001110101000111
11001111000101101110000111010101111110111110101100101000101010111111001000110100101100011100010111100001010001101110110010001110
00001111011011110111101010000110011000111011000011100100111101000110111001111001100011011100111000010011100101001001100101001100
01011011111010111101101000100010110010010101000011000011101100101101111011101000111100011000011011010110100101111101011010010010
11100100011100100111111100111001111100101111011001110111001110110100100111000111011010001000001101110000011100011000010001100111
01010001010111010011111110011111111011110001111010110110110111011001100111001100101110111100111011000111000111010100110100111110
00111100111110111010000110000100111110000000111111000100100011101001101011010110001011110111110011001000110101001100101010111100
11001010000000110000101011101001011000011101011001011111111110100111111100110110110110000001101000101011001101110011010000101001
10011110011010100110111101100111101101101001011100001110100011010111001000101110001101101101001101101110100000110000110001111111
00110111010110001101100100100110001011101111000111110110011110100111010011111000010101001110100100010101000001101000001100101101
10010011100011011011111110100011110010011110001001110110011001110110011010111111011100001110001100101100010000110101011010001101
10000101110111011001011111110001001100010111001100111111000110100100011100111001110111101011101111011111111011111110101011010011
10001111110111100011011110010011111101111011001101110111111101111000010001111110000110001101110110111101100011101101111100111101
11111110001010101110000010011101000011000111110101001100110000100010010000111111110010111101011101111011110001010001110011001111
01111111101010110011111000101010010010101110010110001101100100001110111101101010101101000100011110001001110011110111111101111000
10001011111000010111111011101010100011010111111011011110010111011110001101100001101011110000100000111000110101111010111010101010
10000010111101111101011110000110100010011101111101101111111010100100110010101110000101100001100110101101000110001000000110001101
11101010010100011110001101110001010110010101100111111000100110001011111110111110001001111010000100100110001110011101011001000100
11101010111010111011101010101110100010000010011111101110101010001110011011101011010111100000110011011011101111110010000111011010
01100111110101010110110100010010101101011001001010110010011111000100001111100001110111011101000001010011011011001101010001101010
10110110111100111110110001000101001001111001100111011001111110111111111011110100001110101110101111100101111111101001111100110111
11011001001011101110010111010111100000100111100110110111110111111000111101110110110001100110101101000010010001111101100101111101
10100111011111011001010101101110111010101010000001111011101111011110100101000110110011001011110111101000011111101101100101010010
11000110101011100110101000011101011100010010011101100111110000111101011011101110110111010101110001010110010010011001111000101001
11000010101000011001111000101110010010001000110111011111100000100111100000011101111010110011101011100110111001001011100110110000
01010000000100100010101000110000110011101001111111101000001111010001111101011111000010111011111101110011010101111101010100011100
00111000111110000100000101011111100000111110010101100100011010101001101101100111101101010110100111001110110111001101111111011101
01101111100100111100100011001100010011001100100101100000110010100010011101110000101011101001010110000011111100000001100100010011
10100000000111000010111011011101111100010110100000101011010110010111111000110000011010111011110100010000111011001001000001100100
10010111011110010000110101111011111110011010100001010011100011011011110100111111111000010101001000101101111100011101110101011101
10101010111001000110111111000111110011001101110100101110111111001100010000010101101010100100111001111010110001100111010010010100
11001100111001110101111100001101110111011101101001111111011101010110110011111110111111011111101101100010110000101001010000100110
11001111111010010001001100101000000101010110011010000010010011101110010000111111101000100011110110111110010010011001110100001111
11000111001100110111011111110011000101111011001001011111110111010001001000011111111011000010100111001010111100010110001011111010
01011001000000101001110010010011100010110101000100001101011011100111001011000101001111100111111100101110011111001000101111101101
00011011101110010010001101011110101100111000011101110011010001011101011001110101111000101110001111001010000001111111111111111000
11011111010000111001100101010110111110010011101000111100100010001011010111101001001011010100001101011111011001010100000111111010
00110101001110000110000111011111111111001101101010000011110110001111011000111111011101111100001100001010000111100011101110111111
11100010001111111101110111111000101011110011011011110001111111001110100111001011110111000010110010000111101111100101011001010001
01010001001101001011101010111100110101110101100111111101010110101101110100101010100101111000011110011100110011011111111101001011
10111001111011111001101001011011000111010100100111010001111110101100111010101101011111111001100011010011111011101100010100001000
11011110100101110011010011000001110100101011101111100111001110011110110010011001001001111000010100111000101101110011111101110101
01101111111100111111110001011100111111101110100101101101001110100100111101010110010110101011111111011011101100011001010100111011
10001100111110111110001001011010010110101101111110000111101100110100101111110010010011101101011001010100100101010111001101110101
11001011011001111011100010001110101010111011110101100110110011101000010100010111100011111100111111100011100111110010110010001111
10000010101010011000110101101010001001111101101100110110110001101011100110111111110111100011010011110000100111110111001010000111
10010100011110111011110111010110110010100001101001110100010010101011101111111100100111000000111101011111001111011111000100101100
01010010110110111010111110101010001110110001010000110110011110111011010011100101111011001010000110000101000011111110100111011010
10111000010110101000001110101100011110101110101011110000100011111110111101000001011001011011111110001110010101101100110110111101
01100101100001100000010101001000111101001100011111100111001000110101011110001010110001010011110101101001001110010110001011000010
10111100010001101100011111010011100011001101000100010110111101111111011101101111111001100111000111110001010011010111111011010111
10101011111100011011100111110010101111111001010001110111011101010000100101101010110110100011101110101011011100111110100101110010
00101101001111111111101111001100101000000000101001111000010001111010010100011010111101110100111011000111111011011111001111101100
11000000001100100110101010100010011011010110011011001100100100100000101110110111100100000000100100011110111110001101001011010001
10011111001100100101111111000011010100011000101001110001110110010011001010001101001110010001110101110110111100101110011011011011
10010110000101111101001011110001110100011111100001101110111000111010011111110000111001101100011111100111001001111000011011110101
11101101010111000010111101110000000011011010010101110011001011011101011111101111111110100110100111010110101101011111010100111001
10000111100111111110110111010000100101101101100100000101101110011010111100001100000111110010001111010010111110010011110111100011
00110001101100110010111101011100011110110100100110111101110110001100000110100101001101111010101110110100011100011010000110111110
01001011011100001001011011011011100011100111000111011100100101011000100111100101111101111111110101010111101100000001111011100110
11011101001111010010101011000010000000111010000111100000101010010010101001111111000110111111100111001011010111001011110111111111
11111011111111010110100010100111100001100101101101101101101001111010110001111110001011111110110110111111110101010111111010111011
10010111110110100110111001110100010111111101001011000110100111001010011100011011010011000010000111111111100111100100110000010110
11101000110000011000101110111110100111100101100110101100011001000111001001110101010001000101000001100001100011101010001011010101
00001010111010111000011110011111111000010101010000001010010000010001100100110001101011011100000111111111100110101001000101010000
01111011000001101110110001111111001000000101111101110001110100111100110111011001101000010010111111111100101100100011101110111111
11111100001111100001100010011001010110111110110110100011111010011011011010111111011101010001111101101000101011001111101100101111
11000100011101010110111010000110111111111110100011111010010011110101111010001111111000011110100001111010111110110111111011010110
01110101101000100101000010101110010111011110100001111010111110100110101110111110100111001110100001100011001100110110111010101011
10101100011101010011100110001111111001111100011001111101111100011111011111011000010011111111111111010110010110111111011111101111
11001001111110100101010000001011100111111110100101011011010100110001010011010001101101101111000101011001110011001011011000110010
11000100011101110100010011001010111100000110011100000011110110000111100110010000110011001101010101110100100111010100111000110010
10110111111110011100011110111100000110011001000001100001111000101011011110101011010011111101111011011110110111001111000101001101
00011100110011100110111111011101000110100110011011110100011101110111010001100110110011111110111011110110110011110110111011101101
10110001111110100101011101001100111010011011110011100111001110010111100111001100111111100111101110111110110100110101101100000011
01001010100110001101010011001111100111011111110100001001101001100110010011001100111111100101111011010101101011101110011111100111
10010010011011010000111001001111100000111000001101100011111011111111101010010100011010101010111111101010111000100111100000111010
00000101110010111110101111010101100010101010111000001011001001110101111011111001111010111011111110101010001100101011010010011111
10110101101000010111110010001001010100000001111011111100100110101100001110100101010111111001111001001001110000011011011011110100
00110010100000010011100101101010100111010110001111111001111001100111101000011111101010011011100111011010111011000111111010110000
11111111011011110000110111011001100011011101111001011111011100111111110011111111100011110010000010110011100010111111111101111011
01011100010111100110101110101100010001010011111101011100001000111101100011010100001001111011111010111001010010111001000101111010
11100111111100101100010110111010111001000010101100101010000011010011010011110010111011111011110111010010011111110011010100001100
11001100010111101100111101111100110010001111001111111010101010111110111111111010100111100110101101101111101011111000001000111100
01101111011110010101100101001111010000110101011011000110100000111101000000110111100000001101101001100000111010001111101111010011
10111100001100111100110111101110101110011100101000100110110000111110110110000010110010100111110111101100110100110001000111110000
10101011111011000000100000001010001101111110011011000011001111011010101011011100000001110100111101101111101101011001010001001010
11110100100011101101100101101101111011100001100000100010100100100001011011011011010101101110100010111110011101010010101101110111
00111001011001011110110100100111011010011110000111111111110010111110111010110010011010000001000110001101101110000101001100001011
00101111111010100110011101011101111000110111101101010100110000111100000100011111111011110011111001010111101010011010101111000011
11111111110101110110111000100010111001111010011111011011010001011001000111010101001010110010011011000111011100011010111110000100
01010000100111101101010101111111111010011010000111110001110011010111011111010011111011101110000000111110111010100011100100011001
11111010111100100111111111101110010010011010011100111011001001110111010110111110111111011011011011000100011001110110101011101111
11100011011101000111110001100000001000111011011010111010011111000100111110101011000010111010111010100000100010101110011100011111
11101110011101000010000111001111111110010001101101001110001010100101010100110100111101011110101101000001100110110111101110001111
11011001100111001000111111011111100011010000011011111100111101111101100110010110011010100111001101001001011011010100101101100110
01001101110011011111111111100110100110101100001001100011111010010100101010111110011001101000100111111110011110100110111000000100
11010110101011010100111000010010110110100111100000111111000011100111001000001111010100101010111011000011011011100011010011101010
00001011001010011000101010100101011011011101010111010001111011101110111011001110110111100011100101110101111110111000011010111110
00101110110111110001011100101100001100111111111001001010110101011110011110111000111001111100100011110100101111110001010100101011
10001001101001010111100010010111011001110111001001111010111111101001111100101010111000000001010111100111111010111110011011011101
01010110111111001111001010000100011011101010001010010010001001001110010011010011111100010001010100010111010100111010010111111010
01110101101110010111100111010111101100010110001110111100010111110100011100111011101001011101011011010011011001101000101011100010
10001110111011001111010101100010111001100111101010110100101101010111100110111100010110011101101110101011110010010011101100001110
00110100001011000111110111010010111110000110101001110111011111101101010110011101001000111101101100100011001100110110100110010011
10110110110010111011110101010010010101011001100111011110100110111001101111011100011001101011101000101011110101111011111011101101
01000111101110011111100100010101110000011111010110111101100111100110001010011001010001111001110110000111111111011100110010001101
10100001001010001011000110100110100110111000011110101101111011000001011110111010111001100000101101110111000000111001011110101111
01100101010001010110011000010100111010101101100000111101011100100110000000011101101110101101010010000100010100110110001111000111
01010011011000111111111000010001101001001101010001011111100101110011001110111000111011111000101010111111100111110011010101101000
11110100011010100111011010100001100101101111011000100100100011011011011111001101111010010000011110000010011110111011001110110110
00110100011110101001111111110100011001110010011010100111111011101011100101011101011000011000110010001001010000110000011000100111
10101000110011101100110101011000001100011100011001110010101100101001101110110110101010111100000000011010011001100010010010011011
11010110111111001010010111011100111000101110011111010100100010011101101101001111111111100010110001101010010110110011110101100100
10101100011101110011110110111011011101011000111101010010001010111100100001110011101001101011101111101110000001010110111011000100
00100100100111101100100011011111110110010101110101011100100111101011100101111110101111011001101110101001001000110001001000011010
10000101110111100101001100001100000111001110111111010011111010100110011011110101100010111110100000111110010111001010101110101011
01111111110101110111000000010011011110100100011110101011101000110001000010010010000110111101111110001110101001001100000011111111
10010111100111100111101011010010001001110111111111010100110011000010110010110011101100100111011011001010101100001100110111111000
01110011001001110000100000100111111010010110011001001111011110010001111001111101101101010100100000011011111010001100111111001111
10110111101100011101000001010001101111111100010011010110100110000010000110101101101101101101001011110000100010110000011011001000
11000101011100010011000101110101011000111100101001111110110011001110011001010111110010000000011011110111010101111010111000111111
10100000100111011001010000100011011001101111111111111001100010101110100011100010110101110111110011011101001010110111001100110011
10111010110000100110110110111101100010111100110000110101010010100101110010111011010101011011011100100001111111010111001001100010
11000010111101110111011010110011011001000011000111011101100101000101001101000111100100100110111111111100010100110000101110001010
01011010101011010101101010011101110001101111011010100010101001011100101110100111111100001101110001101010110010011101100101100100
11011011010000000101111100111010100111011011100111110001000111110000101111101011101111010011101001111101100011111111111011100001
01001100110110011110111001111010110010111010101011110101110110011110110110000001001000001110011011000101111101001100011101001010
10111101011110111110001101101010011101001010101010001101001000011001011110100100011110101100101111001011001111101010111011111100
11100010000111011001010000100111000100001100001111111100100110110101010110111111100111111011100101101011001111001111011100111101
10011000110100010001111011101100010100010011010101011111000110001011110011000011011011010001001101011110101110100101101001000101
11100111101110011000000110011111100011101001010111010111100110011010100011010110100100010001000110111110101011110111101100110110
10100101111110101100110111001100011111110000111111010010101000101101111001101011001010010011001100110101011111011000111110110100
10100100110111010111011111011101010010000110010011101010001110100010110111100111110010110000100101001011101101100101001011110101
00110011001010011110110101010110011101000111011101001111111100111101000111101011101001110111000100011011000001110000011101011101
11100110110000010001001101101111101111000100111001111000011100101001101110111101101111001101110100001011001001111100101100101111
11000010101011011011101000011110111110111110010011111111111100101001011011111001100100111110111001111101100110001001010010010011
01011001000010010101111111110010100011111011010111101000010100011000111110100011010111000011101011111101011010001000010011100110
10110011110111100111011001101001011010111011101101110010000101111111111100010001101000100101100101110111110011011110100001000111
10111001001110011101100111011110101010011100111011110101111001100110110001101101000111010100001111110001100100100111010100100111
10110110100100111100100110111111011100101101000111111111010001001100001111001010011101010001011001010000110111100111100101011011
01011100011111111111011001101110101010101100011011100111100010101011011111111011110111000011111010110101000101111110011110101101
11001100100011111111101011011011110000111110111110001011101001001111100000110000111010101100111110110110010101100111100111000100
11010000110111011100111101110010011101001110011110111011010110001111101110101111100010100111110111011101101010110100001010010100
11011100111111110000011000110101011001111110000001110101110111101111110111010011011101011110000000010001111011110111011101110110
00010111111100001111010111001100111010101101101101101011110101110011000111100111110001000111011110011110011010100011101110101110
11001111110110100111000100101000001101110101110000111001100011101100111000111011111111011011011110110000000101110001001011001111
11100101111001111110000110111100101001101011010110001011100011110111100111000100000101111101100111111000101110010111011101110001
11100001011111111011010000010111110101111101100100011001111101101100110101101101100001111010111101101000101111111100010111011001
10011110111110101011001111010010011100110100101111011011101111011011111111101011111111110110011000111100011111111010111001111110
11101001001101100110011001001011101111110010100100001010010100111011101111000001011111100111111010100010001001111100100001001010
11110010101010011010011111100110100110101100111010111011101110111010101110101100010111010100011110100101111000100001101011000111
01111111011100011010001001110000010101111010111111001100011010010110110001111101100100011011011001111110001001101101001101101111
00010101000100011000100111011011110011100110100111101110100011011101010110011100110100010111101100101001001111101100100110111011
00001110101101110110011110011000101101010001000110000000011100111001001111101000100110001110101110010000111100011100001011100111
00111101111111000101110001011010000011110110011011111100010010011111110111110100100001011001011111110111001001011111011111101110
00101100001110111010011101000111011000001001100101011010000100101101010100001011110010000010000010000011111111100001100110001101
00111111011111001111110010111010111011011011101000111111001111110100111111111110011101111011101111101101100111101110001010101111
10110011001101111010001010100111110010100111001110000101010011011001110100111000001110010000011001100100011011100100111010100101
11011110010111100111110100111010111011000011101100101111010011100011010111010110101011001110000110100111111110011101011010110001
11111011011010000000011011111010001110111110010110111001110110001010011111000010111111001001110011111110101110110101100111010011
01100100001111110111011101000101000101000010110011001001100101010010111011101000110111011010111110101100110101100011111110011111
11110011111110110011100111111001100111101001100111001010100011100100010001011110001000110101010101010010110110110001000111111101
00101111111111001001011101100011000111101101110010100111111111011110000111111010001111000101110111101111001100110101010111000101
10001010010010110011010010011101110011110100100100111110011110110010101100101101110101001011011110010000111111010001111010001111
00101011011010011001010100010110011001111110101001100010001011101101101010100010010000111110110111001101100101010010101100111011
01000110111001111011011010111010110010111101111011011011101011011011101110111011101101100001011101000011110001000001011100100101
11011100010111010001110110000101111111101001101100011111110110101101110010000101110011010100011111001000010101110111111011100111
01111001110111011111000011110110111101110100101010111101000001111001001111110111010010101011001111010111010100110111011010010100
01111110101011101010000111001010010110101011011110101110001110011111101010100110110011001111100011111011010100110100111111100010
11010101110101001110011110110010110001110010010111011011001010010101111111100110100110011010010101011010110111100111110001110011
10110011000001111110001101011011111110101010001000101111011001011101101100010111101011111101111100001111100000110011111110001111
10101000110111010011110101001111011000011110100000111110101101010110101100101111110011001100111001110111000000111010011111110101
00111010001011111001100010011111111101101000010000001101011100011100100101111101111010111001111101111010101111010111111001011110
01110000000101001111000110011111011101001011110101101011000111011101110100001001000101001100110101111100110011001001011000101111
10011110100100101001011110010101010111100011010110001011101110101101110100111110001110110111100001110100101100111101001010000010
00001011111010001001100101100001001100000000011101111101101111110001110101111110100111011111110011110111011111100010101111111011
01110011011100011010001100011110111011110011111110111010011100001100100000101001111001011101110111110100110011110111100111001010
11101100000100010010000101100110011001110001100110011110111010110001101110001101010110011110010110111011110101110000000101101111
01000001010000111001111111110101001111001110111110001010101000101111110101111110100011000011111100101001111011010110001110000010
11010101010010110001010101101101111101111110011110110010110101110111011111011011111001101100010011101000011100110011100001001110
01011110010111111000101110111000100100010011111101000111101101111010001101101010011011000010111110111011111110010001111101101100
10111100010111101100101101110010100011101111000111111111110011110100011101001111110111010111100111110110101001011111011010010110
01001110010011101011011001110100001000111001111011001100100111100100001110100011110001111011110010000100011011011101111010100100
00111100101010100001111101000010011111100101110110010101001111011101000101010001001100111111101110111111010110101110010110000110
00101011101110011101001110111101011011001000111100101110101001010111101111010000011110101101100011111001001100111111110010110011
01011001101100100111110001101011101001111111000101010000111010101010100111001011000000111001010101111111010110111010001000100101
11001010101010110010001011001010010101110010011111001111111001111110111001110100011010000110000111010101000010011001100111011100
10010000001011100010101100010011101100100001011111000110101001110110011011110011011111011101100110111001001111101101000011011111
11010100010011101110100001110111011001011010011111001101010010111101101101001100111101100011000001001011011101110111101011101110
00101110010111110001101101111001111101111011000111111111110100111000001101111101111010001100110001011110011110111111111000101001
01101010101001110010000110100101011100101010001110010000110000010000001111010011101011111100010100110000110101111110100101101001
00100101100100111101100000011000111011110101111001001100110111000101011000000111111101101111011101101110110111111110100100110100
11110111100111100000101000110111100110010101001101100100101011110111111101110010111000001000001110010111010101011000101111101001
11110111011010010011101011011100100111000111110101000110111011111011110010110101001111001011011111111011010001011101001001101111
11101111011011111100000001011011001001101110101010000001010001101111101101100111111011110111110010010001111110000111110000101100
01110011011001100000001110110110001100100010011010100100001110111011110000111011101010000110100100011101111110110111100100111000
11100011010111010010011101100001110101111000110101011001101011011010110001110010110111001001010000101001100001100110011101001011
10111101011101110101110111110101100001100010111111101011110111001101010001101110011100001010010000011000010000110111101000110101
11011100001111110010000110010100101011100101001001100010010111111110110001011011011110110111101110101101001001010011000010001001
10101110111000101011011010111000100000110111001001001111111010110111000000111101010010011110010010010101100101101110001110101111
10001101100011110001101010011010010110111010001101000000101101101101101010000110110111010100110111100100011011101101010001010101
10111100111100100101101100110011001111010100100010001110101011000101100101010010110000101100110000010110011110100000100010111111
01101111100101011011111100110011001100011100010110010010010011111101011100001111000111101110110010011000100011111110000110111011
01110000101100111110100011101001111011001110011000011101111101100001111001010111000110001000111110011010011111100100000000010110
11011110111010011000111011000011101010001001001111101101101000000011110110110101101110111001110011010110011111010001101101110111
10110100011100001111011101011011111101110011101000111011110111010111010010100111010110010000111011100101000101111000110011001100
11101111001101100101001100111000101110110011010010000101100001001000001010100100100100011011100111010110100100100111101110110011
01000110100001000001101000010010001110010011100010111100101111000001100101001101101000110000100100100110101110111100100011101111
11000001001001110101011110100000100111100110110100101111100111100000010011001000101101100011000011000101100010011000111111011101
00001101011010000111100101101101101110100111111101101100111101011011110110001100001111110000110110110010001001101011001001011011
11111100000101100111100010011111000100011101001100001000100010110001000011001001101000111101101101000111111110000100101001010100
10000100110101001110001110110011101011010011101110111011000101011011001001011101110111100010111100100000100011011111110010111100
00001011000011111101110100100101001010110101111000101001000011011101111101011001001101111111010111001011111111010111000100100101
10111001101000010001111011111000001111111010001110111000100011101010011110110100111110011111110011100011001111101111110000111101
11101110101101101110110001101000111111100111001100011100000101100000110011001110101100111010101111011111011101111110101011010111
01110100011001010011011111011110111011011011100010110010011000111010111001001110111101101110011100000111111101111111111011100011
11111001111100000101000010011001011001011100010100000110010010110001110001110000110110111001101101000010001111111000110101000010
10001101011101000000110101010001010111110010101101100010000011110110010011100110100111001011110100101001111010111010011011100011
01101000111100001111001110110011111101110000111110111001000011011011011111100110011111111000001100001111111010001000011101111011
11110111110100010100111010010111111110001100111100101011100110011111110111010111101111101110101000001010000011101000000101000011
11010101100110111001011111011010100101111111000111100010000101111101000000111001101111001110011101000011010111000100111000011110
11001001001110011110001000010101100111010111101100011100100100010010101101100000101011000111101011011101001101011001010011111010
11011111101111010111010111110011111111010111101110101100011011100111011000010110100101100110100011110011101110111100101100111000
10100100111110111111011100101111001110100101001000001110110010100101110100110100110111111010101001010111001111000010100110011111
00101010110011011011111000100010110001000010110110101100010100000011011111011010000110111011101110111110101011011101010011111010
11010111011100001001010110001011100001100111011101100110010101101011000010010000110111001100101111000010110011011001111010101100
00111011001110111010001100101000000110010111100010111101010011000101110110111111111100110100000101111101000100111100101111000000
11100101010001110001111111101101000001110110011011100001000110001110110011010001100010010110101011111111001100011001000010101010
11101101101110001010100101110101101110100100001011000000011000011100110101100100111101011111100101100001101101011111001100101010
11100000101101011111001111110111001011100000011101001101001101000010001110111010110101010111101111100111010101110110010111010111
10101011111110101010111110110101101010000010100110111101110000101110010100011111010001101100110111000001011011101011001000110011
11111010101111011101011100010000101111011001000010010010100010110111100110001101110111101010110000101110110110111110110100101111
10001101011001111011111101110001010101010011011011110110010011111011010001111011110111101110111111111000111101000010100100000101
01111011011100111111001101110011101110001011001111101010011010010001100110000111010111011010110101010001010010010010100001011001
11111110010111101101110011111100101111100101111101011010000010111111101100000100111001011110010011000100111111100100011110111111
10011001011101110001001011101000100010100110001101000100000010011011111101101011100010111111101010111101111001101100111011110110
01001101010110001100011000101101000110111111111110001111110001100011101000011100101111100011111110011011100010001011111000010111
00011101100001110011011010011010111101101111101010111101101010010001001111001010001011100110001101110011101010010101101101011010
10111010100011010101101011010101111100111001110111101111111011001110000111100011010101011101111111110111100010101111100111001100
11011011000011111001111001101101010110111111001010001001011010111100011101111101010000111111110011110001000111011111111011110100
10100111011011010111000010010101101011111001000000001010001100011010111011001111110011011001111010100111110010111111110110111111
11101110111111110111000111001001011110111011011010001010111100101011101111011110100100011101110111010011111110010110100000001011
10110000001011011101110011010100001001001110110110010011101110111000101010101011110111011101110110011011001011001101100000110101
11011110101111011110110001101011111100001001111100100111110100111101100010001010111110000110101010101100011111110100110001010011
10011010111111111010011101101111000010010011100001101010111010100111111000000100110101000111100111100111110011110001110010011100
00011010110011111110000100000010011011100111011110111100111011010011011111111000010111011010001100010110011010011100100101101101
10000101110011011101011101001101010101111010110000111001011011000101011111110011100011110000101111011011001111101110101111101011
01100011110011010101010101001100111101100001101001001111110100011110101010100111000010001000011010100100100100001011111101111110
00011001000111111010010110111110001110011111001111011111110111111100000101101001101010000100111010101101111010100100110100101000
01011010100010101011001001111110110111010101110111111101100111101001111000110010100010100011101001000011101000110001001100110110
11000110100111101101100111110011111111110110011100111111100100010010111010010100110101111100110010000101101100100011110011111010
00101010011110010101010111011101001110000110010100101000011010001111001101100011010011011010001110001101101101000110010111111010
10111110110010010000111101000011100001000111110111100011111011011010100100100101101010101001010101111111100000010110000101001011
01110110101000011111011101010011000110110110010011100110101100110110110011110011110101011011110110100001011110010110110111111110
11000100111111000010100011000010011110111111100110101110011010110011111110110010000111000010000100111011010101101100111010010101
11110001011110110100011101110110001111001011001111001001110001001111101000010111011011011101101110101111001000111000100100111011
01011011100101001010110011101001000001101001001000110011010001001100011001110110110111100110110111000011000011100011111011011100
00100001111000101001100100010100110110010000111101101000110011111101101001101110111110000111110001000111110101110111011110011100
00101011101100100000111011100100100111010000011011111110011011000111000111010100010110010011010101100100101111011101101000110101
11010100101001011111000000111000111001100111000001011100011110011111110111110011110011011110111011010000011111001111111001001110
11011111111010011000101101001100110111010001000011000001110010011011111101011101111101001111001110101111111100111011001010101111
11011100010101101001110010101010110001100011110110010001000001100101101001110001010011110010010010010101011101101100101111100111
10101001101001010110111010001011100111010000101111100111001001111010111101111011101110100101110111001000100111100010010110011010
01011101101110101011011011111000110000111011100100011111101010111101011011111110000110101101101010111110011101101010111001111000
11100000101000101110001000111010011101010100010111001101110001101111111011111110010111100001111000011010110101000101101011011101
00101101111111000010101100111001110111110010001010011011111011110111111000011011001000110110011111101110011111010010111001111100
01001010110100101010000101001111000001010101101110111000101100100011001101111010000001010100001010011111110010001111111101101011
11110110100101001000110110010111110000001001100111111111011010010110101101101011000100011011011101101001101001110001111101101001
11001010011101011011010010111110110001111001000001101110011001011111010010100101011100110001000000111000011011010111111001001110
10111000001101111111011011010110110111111100110100100011101000100000111010111110000101000100101011101100001010111000111101101011
11001010011111110100111010111100011110011001011100010100111011010001110010111110011011110000101011110010000001110011110111111111
11111010100010101000001011101000111110110001110110101111000011011000010111111010111011100000110111001001011011001110110111011001
11010001101011001100011001100000100100011100110111011110111000111000111000101111111001100001000101111100000110010101010000100011
11100111001101110100100101000101010110100000100100110101110010011110101100100111010001100110101111101001011011101010101100011011
11111101111001101011111101000001101000101111101001110110001001011100011101100111110111000110100110111001011110111001110000011111
10001111000011011110111011101111010100110101111001100011001111000011010011111001010111101011001100001010111110100101001110001110
01111100110101001100101111111001101111010111100001101010010110111111011011100011110010110111011111001001101000001101110000101111
01110101110010110111001011111110100110101000110111111100101010110011000100110101110101111111101011111110011111110101001011111111
01100000111101000011001010000000101011111001101000111111100110110110101101010110101011011111010110101111110101000010101110000011
10011111101011111001111101111101110011111100111000101101100111011000011111101111101010001100111001001001010011010100001100101111
00100001011100111000011110110100100101100011100100010111011100110000100010100111001101011111010100011010111010110110011001101010
01011010111001101001110000110101101010010010011010001000010011001010100001111001100011110110000111001100101100010111000001000000
10010001010110100100011010101110110010001011010110011001101110110010101110111101100100110001110010011010011110000101011010010001
11001110011100110101110110111100100111010111101100111101001101010101110011010101001100010011111001011011101110001011010011100111
11110011010101101011010101111100101101111001111010011001100011110111010110101110111100111001111100000111000100110111000101110111
11110010011011101100110110011110011010101111001100100110010011010001111100111010000101111111000010110100100100110110111111101100
01101001001101100100010111111010011111001010101111011100111010001011100000110111001111000101100110110011001001101110000101111110
01010111010100111111101110000011010010011101110100010001111101100011110011111011111111100101111010010010001011101101000101110111
10101000011110110101110001110100011111111100111011110110011001000000101000010111000111011000110011000110100001111111011110101001
10001111101011101111111100010111011101000010110110111111001010110001111101010111001111001111110001110111100011000001011001110001
00100111111111100110011111101101011100110011111011011111101011101110100101000111111110011101001100010111110111001000110011101000
00011011111111011110011101011001111010100011000100101100001011111111000011101111110011110111011011010110110001101011010001101001
11011100100101101010001111111100101010011110011010111111010001110011110101001010100101001010110001010010000010110010011001001000
10110001011100100011100110001011111011101101011101000110010010110010011100110100111000111010011100111011110111010000110010101100
11111000001000101111011010001011111010100001111101011011111100111011101100000010011001110101100010011001000101011111100000010101
11111111111101001101101010011010000111100110111001001101111011001000001111010010100010101010010001011111001010001010110100011010
11101010111011011111111010111010010001110010010111110011100000111110000101001110011111010110101100011011010101111010110111000010
10001001011001101111100011100010000001110010011001001100100111101000111010110000111110000011011011100010110011010111101011100011
10111100010111010000001010011101110100001010101110101111011100001111000101100111011110001101110111101101000110001111101110101111
00001010111111101111010010011001001111111000000111111000100001011011011010111110000110111101011001111111101011010111111110011100
10001000010011000010111011110001101001111101001101000010110011010010011100111010010000110110001010010001001000111101000010101010
01100110011100011111100011111010111110010111111111110011100010001100110111010110010010110101011100111100111111110111000101011001
00010111111110111010100011001101110111011011000110001111011111101110111100010111110110111100111011011011111011101010101001010000
10100101011100001110010000011100101101100110011001011110000000110011100000111110001110001011000011001111111010100111110100011111
11001110100011111010110001000101100110001110100001111010001110100001111011110100111011111110101111111011001100100011100001110000
01111001110010010111011111000011000011000111110011111100101010111011100011011101111111111100011110010100110100000001010001000011
11110010111001111111010010101010001001100110110001100000110100101010101011010111111001111011000010010110100111100110110111010111
10101001100000110100110111101001011111010001110111101001111111100101100111110010010000101101100001001110010010100001110101101001
11000010011001101110100111111101011111011100110110010100111001110010111001110110001110011110110011101000001110111111111001010011
00010001011011001011001001100111111101010111011111110100010111101110000111001011000001100101100100100000101010010101000011111011
01101010010111110100011000111000100101101011011000110101111010011110100011111011101111010001100111110101110011110110001011100101
10110011110100101100010111001010111001100011100010101110011111010111101100011110011100100110110010011011101110101000001010101100
11010101011100111111011100011110111101010111000111111100010101111110110011011111100101011001111001100001110110101001000110011100
11000000001111101101010000000101111010101010110101111111111111100001010001110010001111000000101010111011000000101010011110111111
11011111011111000101011101110110111000110100000110100111010110001100011101101111111100111110101001110001100110110001111111011011
10110011110011011110111100010111011111101101000100001011011011100101100000111111101110111110001011110001100101011111101111100010
11111010011100010011101011001011101011010100100111001000011000011110110110111110010001101110110001101100100010010100101111010101
11110111111110010101101110101110011100000101010110001111010000111000111001010011000111111011100110111000000101011101000011011110
00101101111111010101011110100011111111111010001010101000011011110100011111110100010001011111101101010111100000010011110101110011
00111011110110110101110111011011011011111111011101100011000001000111001011111000101110110001100101110001100000111110100001001110
11011111011110110001001000011111011101001010011110001111011011110011110111111010101010011011000001011111111000111101101001001000
11000001100000110111101010011101001001111100111001011110110011001010111001110000111111111010001001000101011101011010000111111100
11111000000111011010100000000001011011111110110111100011001111011110100111001001001110101001100100100001011111001011111111011101
10111000010100010101011111101101000110100000111001011111010110010111001111101111111100100011101000011010001011110111111001110110
01001001101110010100011011000110001011001010100001000100100111011111111111110110101111011100011111010100101011011011001101111001
00110100011000111110100011011011111001110111101110100100011100011000111101000111111000010010110110100101001000001100110001110001
11010110010011100001101001001000110011101000011000001100001001011101110011010011101111000110110100111101011100100011100101100010
01001011000000111111101110111001001011111001111010010001011100001001010001010110110111000111111111101100111101001100010101000100
11111011101110100111000011001000000011111000001101010000001100011101010010010011001100010110111001010000010000111101101101111101
01001001101110110111101000010100001101111111100101011001111011110010010110101100110110001110100100100011000111010111010001111111
01110000100011001110100111111011001101111000011011001001011100111000110111111011111010101110011101001110001110110001001111011010
11010100101100101111001111101101100001000011110010011110011011100100001010110101000011111010011000111100011011101011111001110111
01111110000100101110011110111010110000111100100110101110101101110011101011100111000011001111111111101100111100111011001111001010
01011110010001101100100110000101100111010101111100101011100000011011101111010011110010010110101010111110100011101101111110110011
10010010111111101000011011011111011101000101010111011000100110000011111110000011111110000110101001001111001011110100000011111001
11011011100001001010101001001000100110111010110111110011011111001011101100010001100100000110001111111000110111011110011011110100
11001110100110110010011101000010000100111001101110101011001111110101111001010111110001111111010011111111111111111000110000110110
00100101110110111001101011010110101111001011001000100100100001111011011110001000010110101000010111100011000111111111010110111010
01001110110111000011100111111100011010111100111001011000101111011110101000111111100111110111111110101011011011100100110001100101
10011010110011111101000011101001001011111111010011010100100110110101111110011011100101010110110000110111010011100010111100010100
11111101011010111000011110001110111100011001100001101010100110001001100000011101010111101001101111010111001010110111101101011110
10110001001011011100111001101111011111100110100001100010101110011100111110010001110011111101110010011100001100010000111010100111
10011000101101000011011111001110100111011110101111001100110011101101001110001111111101000101011110010000110101011111001000100110
11100000100100010010001001100100110010101101110111100001100101010010101011110010011010001010110110101110111010000110100010001001
11110001110100111101000101010101101010000111111101010110000110010101001000101011001010101001001001010000010100110100111111111000
00110110010110111111110110001010011000111001101011101010010110111001110111101110010111011100010111001011010001111100111111010111
11011000101111001010001100110101010011110001101110000110111010011011000111111111100010000000100000000001000110110101111000010111
11101100101000010111000110001011001011101011001110101100100010101001010000111111100010110010100101000100010100011010110111010101
10100101110000111000111101110011110011101001110110111111011011110111111101101101101011110110111100001011110000110011100000110110
10110011101011111000001111001101011100000101011100111111111111001111010100010100101110101101001010111101011011110010111000111011
00011010100101011001011111011101010010001111101100011010100100010101011111101010111100100101001010000000101011101100010010101101
10011111001001011010111010111110011111000100001101110011011000011111110010010100000110110101101110110111110110110010111101110101
11101111101111001111110111100000010110001100000101101110011100010101001011001101100001101000001111010101000111001110011011100010
10111110000011011001110001100111001101001100011001100100101011001010010110111001110010010110110111011011000101010010001010001100
10111011011111001011010001101001001011111100111111111010111000011000010100111011101111101110011000010001010011110011110110100011
01000111001111010011011100111101011011110101100101110011100110111010100110101100110101111010010001110001110111100010110001010101
11000001100010110001011010110110111000110111101001110111001101000011010111100010011000111110111101001110111010100100000011111111
11110111111100010100101110011011010110110101110011111011100001101101010111101100010110100010001011001010111010110100000010010010
11111001110011101001110101110000001111110111110100001011111111010111110111001001110100110100111101111110101101011100011101101011
11110111000101011111110111111000101101101010110101110000111011001111111100111010100100110111010001101110101110110101010100101010
01001110000110000101110000001111101111011110111010101011001111010011001001101001100100110111010100110110101110111010010011001000
01101001010101001111000000001011110111111110111101100100001101111100101011110010110101011111010111000001010010111111111010101111
10010111111011110100011111100000011010100001011101001001110001011101010101001000111101001000010111001010111111100011110111001100
00100111101110101110111100101101011101100000111101001001100011101101010000101110101111100100010011011111001010011001001011110101
11100100111110100101111001110000100101110101011101100101111100110000110111110110010100111101111110001001111101001110000001010111
11110110100000100101111110100110010000110100110100110111110111001101110110111100010011011000001111011001011101000001111000011101
11010110111010011010010111000111100001111001110001010100010111111100001111000011011101111101011111101110011010110011111000100101
11100100010101010000111101000011111000111110011111101111111001010110001101101010101000100110110000111101111101011010101111010110
10011101010110111001100101011001011010100100001101010101001101110111010000111111110000111111100010111111010000010110001101000110
01000011010101000101110011111000001011100111111010111101101111011011011101110101000110010101001001111111110011111100000110100010
11001000101001110100111010000110001110011111001110110000010000100011000101010000011011010101111100111000000111111010010011110010
01010011100100001001110110011100111111100001011101100111101000111011011011011001010010101001100010100001001110101011000110110010
10111110110010011001110010011110011111001100011111011000001110100011010110000100011101010011100110111100100110001111010101001101
00100011101000001001110110110101001100000110110010010011110111011100001110001100111011111100101011100011100011011101111100101110
10001111110110001100011111111111011010001001011010100111100100000101010101110010110110101101010000001010011010100011010011110010
10101001100010101111101001111011011111000111100110101000110111110011101101101101000010100011111110011111010010000000101100111101
11000111001111001110110010010011011100110011101101101110110111001011111110001001001011101110110110111101011010101110001111010010
11101110100010011111110010111011100011101000100001110101000000111101011011111001101010011110110100111111010011000111001111100110
11111001101110110011101100010111001100011000111101011000001001101010011000001101011110010110110001001101001111011001000000101101
11110100001011001000101110100100110010111001001010010111001101110111100111101101101101011001110000111110000100110111010011111101
11111110001111001101010101001110110000011111101001110100001110100011011101111011000001100001110001101100010111111011011101111011
00101010110001100100111010001100010101001110011100100011101010011011001010110110010111010011110000001110100011011111010111101101
11101111011111011110000000101001010111100101011000010110001010101101110101111011001011111001001001111100100101001110110010001110
01110011011100001001110001111111101100101101001011010111010001010111111011000110101001001010101011100110110001111001100110111100
11000111100110100101011001110110011101010011100111001001000101100011110111100000101111011101110101111101010001011010100011110100
10000111110010100111011101000100110111101111010110001100000011001011000001100111100101001111010100001110100010111001101001100100
11100010001101111011011100111110111000111011001001100101111111001010100000101000010010011011010011010001001011000110011001100011
01001111011101101100110000001111110110101111101111111010001010101111001010011110111011110101001001111100101000011001110100010110
01111110000011101101100011100011110100111011001011111100010001111000011000101100101000000100000010001011101101110111001011101101
00101110111111111010001000101001110101111000111000111110010111111111110011111011000010111010101110111011100010110101011001111000
10101101011100101011111000111111101111101001100011100010111001101101101101111111010110100001101111101011101111101010011001001001
11001001101010011000101110110001100010110100101001110110100010001100111100111110110011000000110101100100001000111110010001011101
11111101110111111110101111101111010110101010111010101111111100000111111101111000110101110101111001010001111110010110111111011111
00110111111110100110010010111111111010110010001010101000011000001011100000100101111011100001101101101110001000101110011101001111
11011001010110110110111101001000101101111100001011000110001111011001101010100100010110110111110100000111110011010100101101001001
10011111001001110010011010101111101110100100011001111001111100100011001011100111111101010110111101011011001001111001110110011111
11010011100111011110100101111111100001001011001111011101111000111000100011011101101011111100111000001110001111011011000000001000
10110010101110111111000001111101111101011001100101000110101101000111010101011010101001111011000111001100101101001101100010101101
00110001111010011110110101000001110010100001101101011010101111100000010110111110111011010110001111011111011110010101001001010111
11001001110010100011111000010111101111000101100100011001111100001010010001000110011101101111001011111011100101111001111011011011
10110111001110001000110011001001001011001000110110011110111100111111111000111000001111110001001111111111011100000111000101111110
11111011100110011010101101011010001010011101000000011000111011111010101100101101011011010001101101101111011001111011110011001100
11001110011101100000110000110011110011110110111010111111101010110100111011011010010011011110111000111101011110101110011111011011
00101010111100111111001111110100101011110000110010101010000111011100011010111010110111001000111011100111001101011110100111101011
11000010000001101110000111110110111000101110110111011011000101001101000111000101111001001100000011101011001101100101001110111111
11011000010101100111110100110101100110111000110110010001000001011000110001010100111011110010010100011011110111111101101111101111
00110011111100101110100111011100101011110010110001000011110011100000001101110111011101100000010110011100011011000111011110100010
00001010110001000000000110110001101000011111111011101100110101111110100100000110100011101110101000101101111110011111110011001101
01010011001001110110100011101001100011001111111001101011000111001011110110010011011011011110110101111001111101000010101101001111
10100111000001111101111110110110100011011011110101010111010010110111100111110110111010001001010110101111100001101101000111000101
11001111110100110010111110111111101010000010011010100001001101101111111000111001111111001000101011001010001111001000000110100111
01010110110001001110001101110000111010101001111111111000010101100111011100110101000011100010101111101010001111110101001001010110
01101111011101010010001001010011010100111011110001010110101101000001101001011111111111000011100001011101111110110101111011100010
11101101100100001001000110010110010011111010010111100001011000111011011010110011001110111110010110101110110011111111100010101001
10011011010011111111010100111000111101100101100010100001100110111111101010010011101111101000011110010000011100101111100111001011
01100011101010011111111011101010101111010100001110011110011111011100100111101101010111011110101011011101111001010000110001100010
10110001001001101010010111001011110111110110110011011110100011000010001010010110000000110010100100111011010011011111001111010111
11111101100100111000101100000110011101111000111111011010101111100110111111010001101011011111001011001110100100110111110010011010
01001000011011100001111001011011101011010010110001110110010111101110011001110000101011111010100011101010001111010001110101110110
11010011010001000100110011000100110001111110011011111010001010111101110001111001111010001000101111110110001101011110100001100010
01100000011011010001001011000110001101110110111010011111101010010101111100100000101110100000111010111000111111010110101010010100
01000000101101111010100010101001110001111101111101101111111001110100011110110101101011110111001111100110011010001010001101110111
01011101011111100111110010010110100010100111001000110010100100111111010011110100111001110101100010011111100011101111100110001010
01011100100111110110001110111111101011011101011011111011001010001101010111101011101101011011100100100101110100101011100001110110
01001111010100101010101001011111001001101010110011111010101010111001111000010100010100000110000001001100101101011011111110110001
10011100100011110011101011110101111101001001010010110010111111101110100011010100110110001100101001100011011110111110101011110010
01010010100010101101011101011001101010110101000100001010111010010010111000101001001110101001110011101011010110111000001111100011
01001011110001111000011111010100111001001010001101001101001001110010011011111100101000110111011011011101011111100001100001011011
11011111100011110011110111010000100100111100111100011100110111001011101010111110110001000100110010100010110111110111110101100011
11111000011011101111101111101100111110001100010100111111111100111101101110010110000111110101111100100011001101111110101001011010
11010111011100111010000111100010101101111010011111000101010110011011101010111000110010111001110001100100111110111010101110101110
01111001110100101101110111101110101000010101010011110111011101100111000111100011001110111110100000111100101101000100100111111101
11100110000101111110110000111010011101101111001110000101100101010111011000010110100110110011011101011011101011101110110101100101
01000010111010010110101000100101111111010111100011000110011110101110110100010101011110101111101100010100010110100100010011101110
10001011001111011001110000011010110110111001001001100000111110110011001011000110110010000111110011100101101001101000101110110000
11011000110110110001100001101011101111101001101110111011111110001110111110100001100000100000011011101110010011100011010111001011
00011101111110110010000111111111100111001111111000111011001001101101001100001001101100001111000011110011010000111000010111010000
11010010010011000111011010111101010010111000011110010101011010100111110101100010000000100111011101100001001001001111110101111011
01101111011001001111101111011010011011010111010101110100100011110010111100011100111111110110110100001011011101110011011010100011
00100110011100111101011110001011001001010011111001100011101010111000110000011111001010101011001010111000001110011011011001000110
01011100101010101010011100111001010011000001101001001111101111100110101110101001001101110010001010110011000100011010001111101110
11111010000101110110000101001101111101010010011111001010100011101100100110110110001110111000110011011101101100110110001001110110
01010100000111110111110111011101111101111010011011111101111001101010100111011111100010010100100101001011001011111100110011011101
10111000100101111011010001011000011011101111110101111101111001001011001111001110111011001001100110010111111011010111110001010110
01001101011111101111100001000001111001100110001010101101111010101110100010001010001110010101100011010111011111111001001011100010
11110110001101110111111101001111000001100110111101110111111111010011110111001011110110111000001110010001100011011101111001011110
01110000101110001001101010001111101101101101100111101000111000111010100001111111111100110011010011110000101101101000010011000111
10001011101000111100011010110010111101001110000001000011001100110101100111000001001100100001100101100001001000110111101011010110
10000001100000001101011010100101111111100010011011001110011010000111001011011011011111001110000001001010111101100001110100101000
11001000011101100001001101110010111111100110100101010111001101101011011111010100011110111110001010011100010011110111001001111101
11110111100111110100100011001100001011010111001100001110111011111111100110111101111000111110100111111001111110101000111000100101
11111110011011101100101100001110111111100011110110011111011111111101000101011100101101001000111110101000101110001101100110100101
01000001010100010111111101011010111110111111001010011010110111011110011010111111100101100101101110101000110100000111000011111101
01110100110011111110001000010111111101110110010001100011001111001001101100110111011110010100011111111001101101000101010000110110
11001110100111110001101001100110010100010111110101101011101000010001011011010110110011011010101110110111111000100001010001111010
11100001111101111001010111000010001101100100110111101011000101011111111111011000011000101110110111100100111000010010101000001000
10110000011111010101111100011101100011111111010100001111101000111110110101101101111011011110010101110000011100111111101100111011
