10011110100100011101101101010100010001101010100101110111111100110011010010011000011101111101100011101001110111110110010100011101
01111001111011101000111101010110001011100010111011010101111011010000111010101111100111011111000111010001111011111011101110111101
10110011101010111001011101110111100100111101011001111111011101111010011100111111101011001010011101010011000010010010101110000111
11010010000001110011111100111011111101100001101001100011101111001001110110011110100100100111101110111011111011000000100111110110
00111000010110001110111110011000110011010000110111011110111000111110101111011101110110101011111010110111011110011101010110011100
11010010101110010001001110001101001111001001101011011111111111010101100011001111101111110110101001011010010101011101111000011010
01100110000111100000011101001100001100110011000000101111101101011100110111100110010100110011111101010110110100111000110101000011
10001101110110101001011011010001001101101001110100101010011001101110101010111011101001010101000110001100001111100100111001010110
11110111000110111100011011110110111111000110110110101110111110011111010000001110111111101110010000000101101100111011011111011111
01101001101010011101011100000010111001100010110111101111001011001101001011110110101000111100011100101011010101110101011110001100
01111111001001110100011000111111100011001100100010001011100011101100110001011101000110110101110010101111111100111111110010011001
01011011100111101010011000111110000001111101101111001010010001011111111010111111111111100010011011101101011100101111011111110000
01001111100101001110100110111100011111011001001101000100000001101011001000110100001100110011101010101011111101100011101010011011
11011100101101101110100111010111110001101111011000001111111110001101111101101000111001111011111111011001001011100111001010110011
10010000101111110011111011011011101010101110001010100100001011111110101111011000010010110101001000111110010000101101000111110110
00111111110011101111101100010111101010001110100001111010011001111101101011111011110000001111011110101001000011101010110011101010
10111111000011000111000011000101111011011011010101111001110110110010000000010010011010010001011111000011100111001101111000111100
01010111001100110111001111001101110011011000011111111011000110110100100010111111000010111101010001111101111111011111011000100001
01101001100011111000100010001111011111111101010011001100100101101101101110010111000101010100110100100111110001111110011110011101
01110100111011001111100100100101101011110110011111001110101011010111111010100111001111000111000001101010011110101001011111110100
01001110000111111101010111100110111101001101000011011110100011001010001110101001110001111111010010010001110111110100111101110011
01101110101110000100001110101111101111110010000011101100011000001010000101110100101010110010100101101111011111110001011100010010
00001101101010110011010001100110111111011001110011001111110001001000011010001001101000110101000101101011000010100110001001111100
10110111001111010011001000100101100011111011001010010001101100011111011001110011111111010011101100100101101111000010101010101001
00000110111110101011101010110011111110111101001001111100010101100110100111000100101001110000101001001011111100011101110101111010
01010011100101111111110010110110110011110001111001010000011001011011101000001111100000111110011110101001000110111010011101110010
11101011000100010011111100011001110101011010101011101011111111110010101100000101000010110010111011000111001111011001010001111010
01111000000110110011010110110000101001111000100010101110111000001110001001100101000111100110000111100001011011000111110000110000
10001101100111000110110010110111001001011010011101011001011111010111100011001110001100100101011111011101100111000001010011011011
00111011111010111110000100101111011011100000101101011111010001001011110100000001010001110101100101001110101011101110001011111111
11010001001110100110110111001101100100101100001011011111001101011111000101000011001011000010011101110110111111100011111010100101
00101101111000010001001111001100010101011000100101101100110010101010011010001110010011101101011100010100110000111100111101010101
00011011111011110101001010001010011000011010101011100111100010110101001000000101000101110101111101101111110011101101111101110101
11110100111001010110010101111111110110110011111011100100100111111001011110111000101111101010000110110110100010100010010110010110
11001111111101111011011111111110110011010011011110001111001010111000010000111101111111111101011110111110101011000101110111101011
10000111011101000000100010001011101011100001100000110010111010011000101111111010101000010010101110111111111011000001111011100101
01110011100101111011101100110011001101110000000111001011100001101010100101101110111110100001000111101011001010010011101111111011
00010110101101101111110110110110001000111001110000111101001010100110101010111110111111010110111111010111001100010011011100011010
01100101110101101001100111110001110101101111111011100101100101001001111001010110001101100100101001011010110101010100010100100101
11111011101011011000111000011011000111011111110110101111001110000111011110110110000011010110100010011110101010111000111010110110
01101100111001101011111010111101001110001100000111101011110100011110000000111101011011001010001001011111101011110001111010011100
10011101111011001111110010111111110011111001111101111110111010000000101101101010011010100010111101101011111011111101110000100100
00011111111010000110110011001000111110001010111110001110001111101111001110010111110011000100111100100111101110111101110010000001
10100111111011101000001111011010110011101101110111010100111011111101010110101100011100000100000111100001011101100111100110010010
10011011100010011011000110011001111101110101001011001011000010111100111111111010100011101110111001001101111000101110011101001110
11001101111110111010101000111101110101111010011111110000111011001100001000011011101011000011011110111011010000011001001101111010
00011111111101011111010100101101011110101111101000011100011010110010011000010010110111011110010111110000010010000011110011110011
00101111001001000111011011110100101001001100010011101101000000010000110110101010111001101011010001111101101110111111000101101101
00110010001110110110001100010101011110111111010111010111101101100001111110010111010100110000110010110000011100111001111011000101
00011111001000110010000110010101110111101011011011100011010110110011010111001111000000111100000110010000111100010001100000100001
11011010101001100001110000001111100101011011001010010011110010111001000000101001111111001110011101110000111001111100111010111011
00100101010100001011011001111010101011000110011000110101101101110101010111111001001110101111101100101001101000010011011011101100
11101000100110111011111111001011011111000001100110010110111110111000000111011111011110100110110100110111100010101010100110111010
01011000011111111101001101010100111100111011101011101001100011010001100001001011111000010100110111100000110100011111010101101110
01011101110101000101100100100011101010000101110011111011001010111000010001110101100100111011001100111101001111001101010001000111
10101001011101000111100010110001011010101110111110110011110101110110010111100101011101111110101111000000111010011100111100111010
11110100110001101111111000100111111101010001101010010010011110011010000011110001111001110100111010011011101111101000100010110110
00101100011111101111000111001110110101011110001110000101110001100001101100011011010111101110100011110100100011101101010101000010
10100101110111110101111101101101011111111010001111111101100010000111011000100010101110000000100110000111110000001101001110100110
10110101111110101111000111011110111010110011101001011001000101111100110100011011101101110000111110010011010100111000100011101001
11111000001101001100111011010001000011000001001100101110110001001100010010110101110011110101001100100101100111001001100111111101
10000111110001000010111100001111001001011110111001111100100011001101001101101100111010001101100110111010010011001101110000111010
11011110000011010101111011100101111101000101101110000111011011011111011101001000100101111011011010100111111001001111000010110000
01100011011101000011100010101011101000111100110110111111100011011111000101101011100111101100111101110010011111111010011011111111
00101010011101001000001011111101011010100111011111001100001000111111110111100001000110101000110110101111011111100110111100111010
11110000110110100100100001011011011011101101101100011010101110111000100001000000101100010011001001001101001111001111101011110010
00110010011111001000111010110011111101010110100111001111000110010101100011101111011000001101010100111110100001110100110111111110
00110110101111001011010011000100110100000011101010111000111110010110111001100111100111100111100011011001001001110110110010100111
01111010111001010101101001100011111101100011011111010001111000110000101110110100001111100111111010010111110100101111100110110110
00110111101111011000010111010110101011011000101100011010101111011101010011010110001110011110111000110001111010110111000001101110
10100100011110010000110100110001111010100110001110110110001101001001111100111100010110111111010101111000111011100001111100111000
10111111101100110010001111010110001111111011011110001111100100101110111000010110010100110111011101010011011100110100011101110101
01101100000110101000001100111111101100111001101010101011101000111101111100000001011011000010001110000111101001111100111010111001
10110101011101101010111011011111111010100001101111000101010110011011011011101011001111110000010001110001100000110011111000010000
01111000101100111101001110101100111010111011100111100100101110010110011110111110011010001011010010110110001011000010110000111011
10010110001100001001110101100000110101011110000111011100101111100000011100011101100010101101101000000110110111101001011100011000
11111111110100111001000011111001100011000000001011110010000110100010101001111100011010111100101110111110100110010011110001111101
10000110110010000011101101101110111101110010010000010101100000101010001001110111011011101111100100111001111000110101010100101111
01111000011001111111100100110011110111110110100100111011101101100001101000110101011111100111110011001001110001011101110111000001
11010000011000011000010000111111111110010011001000101101110101111010110011101011111110000111101001001010011011111000111101100101
00011001001111010101000011011011011110000010010101001001110011001101111101000110101110010111100001101001100111100000011000110011
01111100101010101001011001001010100110100001101101101000010110010001101111100010011000110001011010101111010011111110101110010001
01110111010001101010010010010100101001101001000010101111110100000101111111100111100101101111111111001101110011101010001101010101
01001100100111100111001011101110000001010001101000101101011101100001110111110000001001110010010100011001111001101011001001110011
01100101001101111110001010110111011000110101111010011001001010110110010101100110010110111111000011111011111011101111001111001101
01101101111100111101101101011100010101001001001101111101011001100010001111110001111011100110010101000101001101110101011011011101
10011011111111011011111101011010111101111110110011101111001011100001110111110000110111000011001111101100100110001110110110011101
00010111010101100111000101010111000111100011110110111111111010100111101100010011111011000111111001101011111110001001011011100000
10011101011101111111110011111100111111100101110011010010101111000111111110010011101101101101010011111011001110001111001110100100
11111011100001111100110111111000110010110010001000111011101111101101110101101000110111100100101110010111010111110100010101110001
10101110010111111111111100110101100010100010110100011111111010110111101110111000001011110011010100001010101011111011101101011001
01100100001110101110000010100011111111011110011011111000101110011011110010111011110000111011100011110001101001111010010111011111
00100001011010100110111111100011110011000111110111010100001000000101111001111001011001011110010101010110101100001101110111011110
01101010100001011011100011001001111010101000011111101001111110111000101001101100110001001101111100101010101010001100001100101101
01011001110001111111101000111000001011001111001000001000110110101010111011100111101011111010100110001001011111011010011110110110
01110110111011011110110010011010010111100000111011001100001010111110001101110110100010101001011111111000100100010010000100101111
10100000011111010110111010100110111000110011000001011101011000111110101111000110000100110100101001101100110100110101101011001110
01001100110011011101001110001011101001010010001101010100111110111001010111111101011110111011010000011110110101111010111010111110
01100001100111110011101001110100111010110110111110101011111101011001100110110010100110010010101110011110000101111010011101011001
10100011110110010111010101010011010011011011010101101011100011011110001010111101000101011111001111001001011110100000001011000011
01000011010000111111010100001111110010010111110101001010011111101110110110011100111000001101100010111100001011000011100001010110
00000111101011101001001101111000010100011101111101111001000011110110110101101111111101110101110000001101011011100011111011011110
11100010100001000111101110011111011100011000110111111001011101100011101110110011011110001000101001010101010011110111011101000101
00101010110101111101010000011001011110101010101101010101110101110111101101110011000110110010101000001111000110100101100101110001
10011001010111111111010001000001101011011011001010011011110100001100010101100011101100001100101101100100111001000101111011100001
11101101001011111101110110110110100000111011100111110011001001110101001101110001011010111001010001110111010110011011101100110010
01011011100110101101111111110111111110101100011000001000100111010100100011010110110100100100000111110001000011001101110101111110
00111000100011000101011111110100010111111100110010101100011110001101000010000101110011000100110001000110000100001011101011010011
10110111001001011111000101000010001110011111011110110111001011100011100111010100101001111010110110101000011011100011101101000011
01001100010001010010111001001111101010111001010110110011100110110011000100010110001010000010111010011100111000011000110110110010
00110110110010011010101110001011011110011101000000110111000011110110101101110110100100101111100111111010000110111110111101111111
00101101111100100110110011000001101110111111101101011011101101101101010001011110111001100001001000111110110010111011101101100001
10111100111100110101010111001010101111111100110110000000110011011101110000111101111111011111000011101000001010000001000110001100
10011010100111011010100011011011111011111110011111101001100101000110100110011100110101011111100111110101010011110100101100101011
01010011101010100110110011111001111010100101010001001101011100101000101111111001000001101111011010010011110001110110110000110011
11000110111111110001000001101111101011101111111001111110111111011110001011101001100101111101110100010111101001101101000111011110
01001110000101111011000011101011011111110010101111011100000010110111110010110101110011101101001011010010010010101111100111001100
10101101011011010100110101110010101001011010001000111111000010001000101000110011100010001110011110111001011011001101011101001101
01000101011101100011110011011101110001111101111110000111000010100001111001111101010111011000110010110100101100011010001100000101
01011111110110001111000011111000101101000111000011001100111110010100011001001000110010110110100101101110001011111110011110000101
11111110100111101101111101110110110011011110101111110010111110111010000101001101110011100110011000101100101010010001001010000101
01011101111101000111110100011011111101110000011010001110001001111110010001000101110100010010111000101111011100101001101110111011
00010111111000110110100101100111000110111111101001100101001100111100110101010011011001100011111111010011110101110011010000110000
11110111011011100111001110101011110101100111010010011111000111101110011011101101101100111101111111110101111101111111010000010111
11011101011100111100111011100111101010010000101111000000010111011000001101101011111110111110111001011101101001000110100111010010
11111010110000110100001100000010001001000001011100101110011111101001101000011000111111100100000111110110000011010111101101110000
11111100010001101101001011101110011010111011011101111000111110000100111000110111010011011001111111101000101000011100010001101110
11001110011100111010101110011010011100010111010100000111001001000010110110110010100010110110001011111011011100011110110011110000
10111011001000111110010000111100100101111111000111011100100010111111100010010011110001101110100111111010010101001110101111110111
00100011001011000110001010000010001011110101101101111001010001101001001010001110111001010010000111111110010010000111111010110011
11111100000011101111100010111001100011100001000101010110001011111010111001110100101101000010101011111100001111011111011011101100
00111100000110011110101001010100101100110111001000100101110000100100000101001111001001110110000000001010001101111010101110110010
10101101001110101100000111111110101111001011111111111010111111010110010101110111110010100000011001011111111010101101100101011111
11010101011011111001111111001011111010111111110001110100000101100101111101111111010100100111001001100100111111101011000010001001
00010111101000011111001100000011111001011000001000001001001001111110111110000111010100101010110100101111100001101011110001010111
10011110011010110000100101010110111111000001011001011100011110100001111110001111101011010100001100001101001111100110010011110110
10010111010101001100101010011011010001100111100011100101101101111100011100100010001110100110110010110010001011010111110011010100
11111110011010011011101001111011101000111001010010101000010101101111100100001011111010001101101111010001110000100001111111111100
10011010111100101001010011111011001010011110110110100111111101111100101010000110111111010011111000100111011011111000010000100001
00101111111011010000011110101011101001001111100110101101110110110000011000001110101111010011101011010010010110110011001001000111
10000110111110111101011101000100001111010000100110011000101110111110011010011101101101011100000111111111011001101111110100111000
10110011110111011100111101010100001100101011101010111010110110101010100100001111000100010001111010011101110011110001110100101111
11011111111100111011011111100001000000011001111011001100011000001101110011110101011011011110111000011101011001110010010110101101
00011010010000011000011110100110011111100000011010111010001100111111010101011001111110101000001011010001110110010010111011010101
00100111010010100010110101111001101011101111111110111100110001001001110011000101110010111110110001111100011111011100011010001001
11001011001101110000101101000111111111011101101111010100001101110011010011100001100110011110110111111011010111000111001011000011
01001111001011010110111011001011110000101111000111110011110011111010111000001110110010011010000011101010100011101010111011010101
11110100100011011000101001001001010100100111011111111101011011011000111101010111000011111111001101000100010101110100001110110001
00100101011010110000001010000011100101101101110011001010101111001010100101001111110101101101100101110101011100110101111100111101
11010101011111111011010001001101011111100011011011010111010101110111100001101001110000111010001110111001000101011110110010000111
01101111110000111111100100001001001011100001100001001101110011011111110111001110111101110011101100111101111111001011101110100010
11110100110111111100011010001101110001011111111011011010001100001110100101101111101010111110001101011010011101100110110011011110
00110100000011000011111011111100011101101011011000011011001111111001001111101011101111001001101101101011110001011000111010010111
01100100010110011010110001011000111101000011110101110100011000000010110000001001111000010010100100111111101011111111110110111011
11010111001100111001011111001001101111111011101100100111110110010111000110001101001011111000000110110100111001101101010110100011
11111000111110000101111000110100111111110111011000101100000111111011001001111001101011101101001100000110101111101010000001001111
10011011010110111000011001011111001001101100011101100110111110101011111010110010010010100111011111010100111111011110011101100111
00100001101010110011101111110110010001110000111010101100010101110100111100100010111110101011101010111101100001000101011101111101
00101111010111101001111011111010011010111101111011000100100011111101100010000111110000011110101111000000011111100011001001000011
10010111111010110011011010000111110101101100101000100110011101010100101101111110101011111001001011100010010011011001101001010110
10011011100001110111011001101100101110000110101100111100010110100111001101101010001110111110000100001111110110101001010110011111
11100011100001110111001101111000101000101011000001110111110001111100001110011111011111101101000000111001001000100110111110000001
10101110101110011001100101001100101100100110010010011100001101011001111001011110010101000110110101011101111111100001110111101000
11001100001010111000001001111011010011111110011010111010100110111100010001100011111111000001110000100111010110001111011001001111
01011001010011011111000000001001100110110011110111110000011110100000111101111111100101101101111001010110010111101011111110001010
11010101101111100110000000111010011011010100101101111100111111101011001101001110010100110001111000101000010001101010100000100111
01110101111110111101111000111010010001111110000101111110010011110111111000110101110000010001110110110010011000011010110001100000
11000111011001110001111011010011111000011001100110100000101011111100110101110101010111110000101111001100110101011000111011000011
00100000101110111100000001101111111101000110110100010011101101011101100011011011111000101000001011100000110011010111010111001010
00111110000000111001001000110010001100111001000110110111110011001010010111001110011001011010010001011111111011111010101111010010
10011100000100100111000110011110100110000011011001111111011111100011010101101110111000010101010110100011100111101100110010110110
11010010100001101101100110110101110111010001000111010100000100000101100001010101011010001111001011001011001111111111111011101100
10001001011100110100000110011110000010011101011001001011011001011110001110000010101001000110011100101011111101001011010100011100
10111000110000011011111101110110000010111110111011110001101100111011100000101011100001010010101111100010110111111100111101101110
01100001011101011010010000111011000111110010011110111000110000101111101011000111110111111110011110001011000101110000111101111101
00110011111110010100101011010000111111100010110010011001010111101111010100100101101111101101000110111011110101110011000100111111
00100111010110001111100101111011100000111010000111110111011111100100011111111011011001000111100101110100111111101010111010100100
00111010001111101000100111101110111101010001101110011100010110001000010001000101111110100010111111010011001100111111100001001011
01111000100111110011101101111101010110001111000111001110101100011011011111100011101011011100100110010011101011101100110101101000
01111101011110101110111011011111111111001101101000110001100101111101111110100100111110011111101001110101011011011000110000110011
10000001011001111101010110001000110101100100011111101001011111111111110111001011101010110110111101010100011010001101100100010001
10011111100010001011101110010100111010011111110101110111000100111001011011001011101000101000011010010100110001101100011000100000
11111000111010110110110011101001110000010001100101101010011110111100000000011111010110110110101101011010111101011110101100111011
11001111011011111011110011110011011010100001101111011011011101011010110011001101101011000110011111101001001000001000111000111111
11111101101001111101101011011100101110001110100011111110111111111000001111110110011101010110010111101101000110010010100110010110
10010101111010010110011000100001110101000111000111001000011001100101010111000011111001101001010110111111111101011110001101111010
00000001011111110110110010110110011101110100010010000111001110011101110001101110101011001111001111011111001110011000001010010010
01010010101111010011010101000100110000110001100101001010011011111100111110110111011010100100110100010111000101000001001001111101
01111110100111001011110000111110111101101001111011111111101010000101010110001110110110010110101101101001110111110111001001010100
11011000100010001101101111001101100010100011100110000100011010001010110010100011011101100011001101101001110101110111110111100010
11011111011001011101111000010010111001101010111101001101110111111111110101101101011111111001010100111100101100110110111011111100
10010101110101110010101100110100111110100010100110111110101100100111110000101101011010101000111101111011101101001101100100011101
00111101100011100011101001001100001010111111000111000100111010101111001111000011001100111111011101101010001000100010001101100110
11100001011101110010101011011011010111011100100100111010001111011101100011101111011000101000100101011011000110101111001111100110
10101010100110111011111001110010110000101110111110001110101000110001111111001110111111100111111000010101110100100100101100101001
11000001000100111110110100110010001100110111100011010001111100101001111011010111110101100100101111000111011111011001110000100111
01001011101100110110110110111110111101011111011010110111000010111110101010100011110100101100110101111111100001011100110011110010
11110000110101000110111011111101100001111000111001111011111000001001001101010000001110000110001100100111110000111101011111011010
11111100101011101001111010101111110110001110110010110010110111110011110011100110011010001100110111000110011011011001011101000010
10110100111111001000011011100000100010001100011001011000010101001011001011110111100111001100101100111001110111001110100101011111
10111111010111011111100101110111110111010001010010101101011111100110001101011100101011100111110011101100110100010001100010110001
10111101101011110110101110111111111000011010011111101101110010110111010010111011100000110011101001011111001010001110001000110011
11111100001100111000111110010100111000000111101010110110110010011100011110011100100101101001111101101000111000110101111011110000
01111000001111110001000111110001101100010110001001111110000111100001001001101010010000100000010011100100100101101001100001101111
00011111000111000111110010010011110010010100011101100000000001011101011100100010110111000110110001000001000101001110011010010101
11101101100010010000110011010100011111000010110111111101111110110100101111101100101010110110111101011011110011111011001110100101
10010010111011001100011111110011101000111010010101110101000111111101011111110011101011111001011110111110110110010011110111001011
11101111111010011110101100110101101100100110011001000010011111100101100000110111010101110110000111001110011000101101111110011100
01111011011010010111111011101110001111110011100110001000111111011111010011011010100010100110011100111000011101111101011110011001
01110100001110000111110101000011100111001010001101101001110110011011111011011000011000101111010101110011110010110110011001111000
01110010011001100111011011110101110100010111011110010011010000111000110101110011101111101000011011111010011001000100110011010000
11100111010000111101111111111100110101001111001000110111011100111111100000110011101010111111000101001111011010111100001011101001
11000111111000100111010110111100111111010000011011010011011011110110001111111010100111110111111101010000000111101010111011011111
11011100111010111100100010111010011111011111001101110000011101101000111001001111100101111111101111011011000101110101101000110110
10111010010101110110010011011111010100110001001101101000011010110101111110010001001110100010101101110001100101011111011101110101
01001101011000111100001010110110011010111111110100111101011000110110111001111000011111001110001011010010011101111011000110000001
11010111111101010010011111111100011100100111101010110101011111001110110100011000010100011111010011111111001111011101111100100000
00000010010000101011010011101100101011110100101010100111011111100101011101101100011001001001110100101101001001101111110110101010
11011101001110111001101011001001011011100011100100101110110011010010010100110111101010111011000010010101101011100010011000110111
01001000011000111110001111110110001100111111001100100110111111111001110010101011110010000001001010101101110101110111111101011011
11100011010101101100010110110111101110101101111001011101110000111101110101001010111001101110100100111111011011001100011101101101
11000110010011011010011000111011110010011001000110101100011000100111011000110111011011000101111011110000010101111100001101101011
11110010101100001001111001101000100111000111100010111100101111011111000111101100001101110011001010000000111001000010010101111111
11111011110000010111011101101111101001011010100101100110110111001101100010100111010000101011101111000001010111111001101001000001
10010100101010011110001000001100101011100111100101010100010110111110111111001011101010111110110111100111111111000110110100000101
11111010101001111110011111011011110111011010110010110001000101011001111111111110110001001000010000011101111101100000111010101101
01110111110001101010011110001111001011001001111111100011110110100100100111001100111010111001100111100011101010010010111110100000
11111010001101101000011101011001011100110010011001111100000111111101101111110111011111011010010001110110100001010101110100111110
01110110101110101011110101110101001000011101011111100000100101111100010010101101010011100011110101101011110010010001010000101110
10101100010011111110001101110010110011100111100111101110010111001101101101001111010111010010010110011011110010111001001111010101
11000110010110011110100101110000010010110011111100110111111100101101100110100001110101110000111001010010000101001010111101010111
01011101101011111000011111010111001111000011100011111011101100011001111100011111011100011110001011010110101010010101100011111101
11001110000111010010101111001101111100011001011111110111001000110001101010100001111011101000000111100110100001001101011010010010
00100111011001101100110001101110110010010011000100101110010100101100101111110010011111101011001111101010010100000111011001001111
00111100011010110010101110001101101000101011110110010100100001111110001111110101111110011110111110111010011111110010010110110000
11011001110000010011010101001011111011011111000101110101110100011100011011011110011000100110100110101001111110010001011111100010
00010010101010010100100111111101010000011010010111001111011111110000111111100111110101101101110000011110100111011110110110010100
11000111101000101011000111110010110111101101101100001011101010100100111100010111100110101011110110101111111001011011111111110000
01010101010110100111100100011011111001001011111110001111110100010110111101000001010100101000110100101011110111101001001110001101
11100111101001111101111101001100001100011111001111100111011110101000011001101111100001101101001010110100010101101011101100101001
01110000011101011100001111111110001111001110110101001110001001111100110100100111000111100010010110100101111000111001100011110111
01111011000101000100111011011111010011100111010101101000111000111011100100111101101100100110011111001101111001001111101001100011
00001101000011110011011001110011011001111100101111010111110001110000111010111010101010101000001110111110000011100101111011111100
01111111110001010110001100111101000000011111101110111111111100111010011001011011010110111111101110001101110001001000010001100111
00001111110110010110001011011110111001011001110100010101000001110010110101110101011101000011111100001111111011110101001011000011
01010011111010110011001101101101001110111000101100100110000001000110110111000001011010111100011001110000000011100111110011111100
11101010110101101111100111111111100001111111111100001101100111010010011011001111111000010111111000110111111100110110001100011101
11100011010010100110111011111011010001101100100111111111011010111100111100011000011110110010001100111001101110001001011101110100
01000110101110100011111000101101010011001001100001001110011001001100111001011011010011011111001100100100011001100000101100010101
10110001000011011001000011001100011101110011110111110100001001101001000101111001101110010000101000101001101111011000110011010110
00111010111010101011111101100010010110011110100111010111001110010001110100101010001101110011111001111000100001010010010111011010
11100110110110101101101001101111000101111000111110011001001101011011000010011101000010111100100101101001101011110101100011010010
10000100000111100011010101110011111101000111100010000100010100001000001100111011011100100101001100010101101101101001010010010010
11110000010011111101100010001100010011101001011110011111100000011100111101011100100110011010110001110000011011110011100101000110
11011000110101101010100000011000111110011011101101101010100011111000001111101111111010110001110010001011110110011100100110111111
00111010110011001100011001010001101100100000110100000011001011100101010110011100000111110111001110010110100010011010011000011111
01100111111100111010101000111110010000111111101100111000011110000011010111011011000000111110010110010100001001010111111010001110
10110000111010110111011101001110001011111101110011101000101101010101000001110100000100110001101111010000011110100001111101100111
00000111100100101100100010100110010110011101010000010101001001110010100010011110001010110100110001101110111001110100011010011101
11100100001100001001001110001011011110110110100101111001110011100011011111111001001101100110000111101101000011011100101111000101
10000010100101100000100110110000101100011011101100100111100110101100010111100010001011100100111110011111111000111000010111100100
11111101000111101101111111010110010100101010010111100011010110010010011110110110001110101100100110100011110011111000110010111110
11101101100010111011001000001100110010010100100011101000111110001110010011100101011100011000110000111100101110000101111011110100
10001100010001101110111000110001101001101000111110010110000110111000011111111100100110100001100010001000110011111011001010001011
11010100100110111100101001000001001010010011110111101011101011000011011110100010110111011111011011101110110001100110011100111010
01111111110110001101100011111111001100100101010001000101110001001000011011100101101111000000101101011100111010011110010001111110
11101011000000010111110010001100011111010011110001100011110111110110110101010111010000011011111000110101011111110100111101111110
11010010001111011010101000101101000010110110101001010111000001010010111001011100100101101010001101110010001101101111000100100000
10110101101010011111110100111111101101010011100111010101101110100000110111010110010100111101100111011110001111100110011110111000
01000111110011111110111101111101101110111100010101111100011110001010001111100010111001000000110110111101000010111001100101101110
00011101100110100011101001000010000011000010111011100111111010111111110011100010011001101111101101001111110110011000010100011111
10110110110110111100100001010000011001101011111111001101001001110011101111110001010000100011001011110110101110111001111011001110
11000011011001100011110001111100110100001101000010111101011111111011110110011011011111000111011011111111100001111100011011011001
11011000101111111110111111101000110110111010011100110101010110010100000101110111011011011001100010000011110011101011111101111111
11110100111101000100100111000101110101111101011010111100011111001001101111101010001010001111010001110001100101110100111011011110
10011000011111011011100111011000011001010001011111100011110100000100110010100010111100100011101001010010010011101010011111001000
01101100001010011001010100011011101011001001011011110100100001111011010111110110010011011110100100101010101111111111111011110001
10101111000000010010111011110101001111000011100111001000111110001010110000001011111001100111111111101111101100110010000111010001
11101010001010010110100011011110001001011000100101111000011001010001111111010111011111100101110011110101011010000101111010101111
01110110010001101101001001111000001110000100110100110010010010101001010111011111011111000110111101110010110101001111100111001001
11110101101000011111100110101110000001100111010110001010111100000011011110011111000110010000110101100110000101100011000010010110
00011111111001101100101010101110010111010101111111101100110011111100111101011010111010110101000100101101101101100110011011101100
10101110010101110011010110101011011011010101001100101001011011000010110111110011001101110100111111001110111001110101000101101101
01101001110011111100001011011100010011111011101110110100001110001100000000011010111001100110101110110000100011110110001111011111
11000111101000110110100101110010100010111111111110101011111011001000010010110111011010011110110100110110111001101100111000010111
10000100110101010110011010011100011011101011110110111001001010110111101110010001110111110011111100101111111101111100010011011100
11111101000001111111110110011101010100100011111001010100111011111111110111100011111011001010101000000011000111011110111010100010
00011111011111011111000011010000110010101001110010011011011100011100011111001100011011000110000110100111101011111000111111011010
11110010011100011110001100010010011011110101101011000110000011100111101110110000111101010100100010101000010011101000011011111000
00101110010101101010111110100011001111011100011000101001000110101110110101111110010011010000111000010101111001101010111001001111
11110111010110111111011100101111111011100011001111010111101111100011111011111001011111101111111110001010011111001010100110111000
10111000111001101001110100110100111010101010000011011011100100100010011111100100011111011011011111110010100011111111011010011110
01101010001111111011000111101110011011001111010001110100110011010111111111001011011001000101001111110100011001001000100111101100
00101001111011011010101011101010110010011100011101011111001101111001011100100011011010110001110101111011111110011011101110110001
00101001110110101101010101111101101010101100111111100101011110101101110110001101111101000011100101110110000101111010101110101101
11011011111111011011001000111000111001110100100000010011101101100100110111001000001101110111011100110111111100110000111111100110
01011110000001100110100011110101110110101000000000011101010110111011111001100101001111100000100100011110010111100101001001011001
10101110100010000001110110101100000111101100100111011111110100000011001001101111101011011101011100110011001001100111110111100111
00011111000110011101001001010100010011010111100100110110101010010111011111011001100010101000111001001110010110000101110111011100
01110001101011110001011101111111111101001111111011100111000111100110011100100001100100001110001110010111001111011010101100101000
11110110111111001011001100011011010110100011110010011011110000010101110001011111110010110100011011110110000111100100100011100000
11000011111011000100111010011110111001000110110101101101011101101111010001011110011000101110011111111100001110011110111100101101
10010111000110111001100111111110011100010011111110000100110111110010110100111010001110011011001010010001000101110011010111000001
01110111110110100111011111110111100111101011011001000111101000110011000110100000110100011010000111100101010001000101100110111011
00111111010011011010001101101100100100111111001101001100101000101110110001110100111111101110101001011100000001110111101101100010
01101010010000111100101101011011010100001111110001110011111010011000110010010111101110010110100100011000000111011001011011100111
11110001011001010110101000011111100100101001011110010000101000101011101100111011110100001000000100001011110001011111100010101010
11010111011111111000001101100111001000110010110011011110010110111111011111011001011101011010010000000101101010111011011001001100
10111010111011011100010110010011001110100110111111100101010011010110101100111100000111011001001011011010011101111011001100001101
01001111111011101100011110011010101011011110100111011010100110111011010001010101011111010110011000010100111101111110011100010100
01111000010001101101011010011010110100011000110010111111110001011101010111110110011101101000110111111001111110100110100011100111
00100110011100110011110110101101001100010100100110110001111011101111011111010011000010011111111011011111110110111101111111011001
11001101011110000011100110111101111000110100101110010000001111001110001101010010100010011111001100010111011011010001011100110111
01111111001110101100100001111111101100010110101011000000001011111000111110110011101111110010100011011011100011000111000111111010
10110111101111101100100110000110001000000101010010111001000010111111100100010100100101011011001101000100100001101000110011110011
01011001111011010111100110100111110100110001111111010001100100100010010100001101000111111110111010111100110100010000000100101101
01100101101100110111111010010100101010101101101010101110010111000110111000001001100100101001111011010011011010111011111100100010
10101110110010101000110111000101001110101110011110010011011100100100000011101001100101111101111010101100111011011101011101011011
01101000011011011100000100101111001011111011110110001001110001001011100001011011101100100101011100101011101100100100000001101111
01011101010100010110110011010111011110111011011110110011101100111011011110110110011100010100111111111111110000101111111110110010
01011111101011001111001101101000111111010111101100001001011111111011011111010000101100110011100110011010010000101011100110001110
10010100101110010111101001101001000101101111011101010101110111101110010110101001110001110100101111000111110111100000100101101001
00110111101011100001011110110101000011110000110011111101101011001001110011100001010110111010000110011000111101001011010001101001
00011111110100000111010000110110011000011100110100110100010010111110101111001110111100110011101111100100011101110100111100110011
01101100100001011111111000100001110001010110000011011000111110111100110100111100001110111010110110110101111110101011101010100000
10101101001101011101111101001101101011001010101010111001100101000001111101000110001000110110110111001111111011111001011010100110
11001110100110001001100111011100100110010001100011101111010111110110101001101001101001100100001111111110101010011110001110000011
10111010010100011110010011001110011100111000100111101101011110110010000010001101111111001101001101110001011111101111010110111101
00101101010010100011111010101110100100111111001110000110000111100001101101000001010111110010010100111011011000011000110111011100
11101000100101101011001101110101101111101011011001101101001111011110010110010110101110111110010110001101001110000011010010111011
10111011010111110001101100011100011101011011101011111001011011011110110011011011100100110110101011101011011111110010000000101100
00101001101100011011010110101101011100100101111011100111100110100010010011011000001011011011110001011010111011101100111101010111
10101110101110101111111011011100111111001101111110110110111110100011001011000101100000111011010000110111101011101000111111110101
10100100110011100110111110001111110001010111010001111111111000001011011000001000110010101100011100100000011010011100100011000011
10010100110101100101011001100010111000110011110100001100001011111101111111001100111110111000110000110011111111000110111011001100
01010101010001101111100101001111010111010110111101111110110000111010100110011010110011001011100111010110001011001000110110001111
01001010101101100100001001100110000101111010110100001101111010110100010111111100111000110011101011110011001110001101100001100010
10111100000010111111011111110111010010111010011110011110111110111010101000111101001100011100111010100101100110001111111111000110
10111001101010001100111111011011000110010001010110001011110001111010101110101111101110011111110001101001010101010110011000110110
00010010001010111001100011110010101111110111111100100000010101011110111101101100010011111010011011100101100110101001001111100111
01000000111111111010110101001111001110111111100001111110100010100101000010000100001011000000011010100110110010011001110010010101
11101010111001111110100101110110100011100101110101000111101110100001100010111110110111011100111111001111001000010100011001010000
00010111011001000000010011111001101111110010001110011100011001001100111100010000110101000000110100000100111111011100110011111111
11111101011110010101100110101110010011111001001011010010010001011100001110100101100100101110010110110001111010011110101100100101
00011110011101010101100111111111100110110001010011011000111101011111111011001111011111000110110110001110101000010010011101101100
11100110101100111010101101100101101100110001010100110111111011010110011110010000101000111001111010110100001011011101101010011001
01110010111001010111111111101011011110101100110101010110110001011111010010010011100111110011001001000110010110011010101010110001
01111110000011100110111010110001100111101000011111001010100110011111110100101011010111011110001100011101111111110001011011101010
01010110111011010011001010100001001000110011010011100100110111101100110111110010111111101011110101100100111100011011001011101100
10111010110101001110010101110001100111000001110101000100100111000101101100111110100000010111000011110111110111010001001111001110
11110111111011001100101110000011110001101110100011101010100011110101011011000010000101101000010110011011111110100010111011111001
11101010111010111101101101101011100100110111001110110010001001101110101010100111011011111001110001111101011010111010111001111101
01110111010111101110010011010010111001000110001011111111010011100011011110001101101011011001010001111001011100000001111000100101
01101101101101010110111110111001010011111011110100001001011111101111101111011001011001100101111110000101010000111100001011011100
11110110101100110011110011111001100111011001101101001110101010010111010101011011011100010100100100010110001101011100011110000101
11110110011111000010111101111101100010111011011101111000111111001101001001110111011000011010101111100010101101111011001010111011
10000110111100101101111011100000110110000111110010111101000101010110001111100111010000101000001011001011001010001110111111001001
11001101011111111101101011010001111111010001010101101011011000101010000101101111110001101110100000111010001111100110111011011001
00110100011011000001001011001110110010010110011111111000011111111001011101010100111011001111110001110011001100010011111010101001
01011001010100011000101100110001001011011111111001010000001000001010111111110101111110011010010111101111001001100001100010001101
10110110001000010110111010110110011101001110001101000110111111011000111100001111110000000101010111101000111010110100111100111001
01110010001101000000100010010111111001001100100011111000101001100011111001010110100011011001010110000111101001101010000110111101
11111010011100100111110101010101100001101001100001010110111110110111010111101010101001000110101001011001110101110111000111110001
00001101111000001001110101010101010101001100111000111111010110001011111001101111100111111010001010100110011001011101110011100001
11010101101111101001111010010101111011110101100101111000000101011110111001000111100111000000011010110011110111101001101000110100
01101000111110000110101010110101000000011011000010101101111110111001001101110101110100011101110101111101010010111001001100110110
01011110011110100011100000011001010101101000100111010010101110100010001111010011001101010001010110011001110100100111110001010101
00110010000111111111100101111111101100100100100110101110001100111001110100100101011110011101011101101001001001110101111111101100
01001111111010110111111011010101001110111100110110111010111100011111001101111100100100010101101111001011101111000010001100110000
10010110010011100111110010110100111001010011101010111010100101110001111011011100011101111100111111100011101010011000111110100101
11111110001000110101101110001001011011111101111000011101111110001110110010001110111110111011010000100101100011111110111100010110
00001110101011111110000001010010111011111101010110111011001101100111010111110001111111111101100111000010000101101011000111101010
01110101001110111000111011010011001000010010110101111010011111110100010101101010110001010011010010101110110000100001110011001001
00111011111100101101000111111010110010001011111111100010010000010101010111101000001111010100111011000101000000110001100001011001
10110110011101010101111000111100000010111010011101001111110011101010011111111011010000101100011100000010000011001011111101101011
10111011001011110110000010101001111110111001100101011001110110011101100111110011110011000001110001000010000111011010110010110111
10110100101101000001110100110110001101110001110101101011001110110101101000010101001010100111010001011110110111100010001110101100
01000010011001110101101111001100111001010101011111010101111110111111011101101100111001001111100001111000000101101100011110010011
11110101101101101100101001011011110010010110111110011111110001010011101011101011101101011100101011110101101101110101110111011100
11011100100101101010110110110011011011000011101100110101110111101111110111000010111000101111100000111110011010110100011111100110
11010110010110111010010111011001111101101111111011011111011011111010111001001011011001110101111000001011111010001101010111111100
11001111100010101011111010011010101110011101111101111101010110111110011110000101011111011100100010011001111010111111001011001001
01101010100010011011100011100100001010101111010000100001011001101111010011111100010010110010100001101000111001111110001101011100
00111011000101110010110001011000111010111010000001111100110110011100100100111101011111101000101100011001011100011011111011001011
00010110001001101100010010000101110111011011111100111110110001001011001011011111101001011100010101111011101000001101011100011010
10011111101111111000111100100111100000101010010001111101100101000011100011101111100010000011111000111001101011011011111010010100
11000101111000100101110000100111111100000010011010101001011111010110000101110000110001000001011101000110111111101011010011101100
11010001111100000011000101011011001011101101001000010001101100101000011101111011101110010010111000110010100000010100110110110010
00001011001110001011001101110110100100011100101001000100110011101000101111001010010100011111001100111101111110111000010010110110
01101111111111100101011001100111110101101011101010001111001011001001011100100111100011000101100000111001011111101010100111111111
01101101000010010111110101101100101100111100101111101100000100110101100010001001011111011100110100110010011000111110010011011100
01011100000100111111101101110101110100100111010111110100111110010110111111111010110110111111100001101111001101010111100011111011
10011111010011110001110111100101100101011010101001111000010101111010101111110110100001001011111111111101001101101110001101000010
11011111111101101001100111101101001011111001111110101000011011110100001010011101101111111111110101001001110100010011110101101111
00101011111011000101001000111000011101100111111010000101000100000011110110011100101100000001110111100011101100110101101110100111
11110011000111011101010111010011111011101001100010001001110000110011101110011001111010000001011111111010000001010011111110001100
10010111011100100011110011011110100010011101001000001101000011011011111101000111111000111100111111010001111100110110011111001101
01110011100011100111011111101110111010110111010110001110110100111011101001011011010100001011100100011110011010110111000100001001
10000110001111000011110000011110010010111111101101010100001111011000101001110011110110010010010100111100110010100101110110101010
11001111011111101001011111000111001011000000110000111101110000011111101000011001110110110010110011111000100111011101011101110100
10111111110011111001001011111101010011110011001001111111111101100101011111000110111011001100010000100110001111001100010010000000
11010100110010111010010011001110110100100111001001110101101011111011101010010111110111000101011010110011110001011010011101110011
01010111111111011110110101110110010110101101100110110011110100011110110001010111100110100110100001101011100111001100101010100101
00111001111110110111101001101100010100111011110101001111001001011000110001010110001110011000110100000111011110001110111001000110
11100001101011101101011011001010010001111100101110010111100110100011111100110111000011111110001110011010010011100111111011100110
01111101101111011111101111000001111111100101100111111100110011001110011101111010010110100101110001001101111110001011110101000101
01110110100100110000010011101110100011101101110110000110010010011110101000110100010011101111110100110010100011110101000110001101
10001111001111111110000001011011100000000011000101010011100011001100101010010100111111111011100100001110101100111000010100001110
00110101011111100101001110111010111111000111011100110011000011111001100011000001101101110111000010100101110011100010000111111011
11001101110010100011111101011010001111001001011010011110100111011101000111011000101100111000110110010001100100011101011001001010
11011011111101100110100010111110011011111111101111111011001000101110100110111101110001111100110110000100000010111111101011001100
00111010111110001110101111110001101111011100011001110111010011011000010111011011100001010100010101011000001101110100010001111011
11100000111010100100011100011011010100001101011111101111001011001111011010011011101011100001101011111101110101100111111000000101
10001001110111011001011011010110010101100001111011101011101000000110010010110111111111011110100001011011001111111111000001010001
11001010001101010111010011110011001011010101110111110111101011111101100100111000011101000011000000001100111110110011100101011101
11011101010110100011011111111110111010100001110111110111000011100001101101011000111011001011110001000001010111010100100111111110
01001111000000111100110011011000111110110111001101000001001010000011101000110101111000010011011000110111001010110001101111001011
11011010111100010001100001101111010010010010110011010111101100010101110001110001010011001001000100111110111011011110101001010001
10111101011001001101110001101101001111111001100100011101001000111001111110111110110111010010001011000111111010011000111111111100
10110011101110001101100100111111010111001111011000110110110100111110001111011011011000000000100111111010010100111111010111011110
00111110101111011110110010101000111100011100111110110101101101001011101111101111100101111001111000011100100010110011001110100000
11011100011110110110110100100001110111101110010000011010010001011111100111101011111100101000111110011110110001111100110011111111
10011010111110000101110110001110010110100111111000111001101000011001011000100101110001001111000001001110000110111110011001001111
10111101010101110100110100000111100001101101010001001110100100000101111100110010010010111101001001111011100010100001011111000110
00110100001111011010001100011101011110101011110011001001111100010011011010011111101100110010101111110111111000110100111010100111
11010001101111100011110011000100101010100001101101001110001100111010000101001100111111011010011101010011100000111110000011010101
00011100000001011011111101100011110110110001101000110100000111000100110001001010000111001011101111101001011101111100011100111001
11011100011001101110111100101000110111011011111111110011111010101100001111110100011100011011001011001110111111001110001110011111
00111100110100000011001011010010111010111111001000001001100111110110101110010110110100011011110011111011100011100101010001001101
10011111100101001001100101110110110101001011001011011010101000110000101100000011111100001001100001001101001111111010010001011000
10010111111111000011101010000110111110101101011010101000001001100010111001111111100011010100001111111100001111110010100111010011
10010001110011110110101011111011000011110111101010010101101110101100001000010011000110000001011110011100101100100100000000101101
10000111111101000101000111111111100110110101100000100001001010101001001100011110110000001101111110010101111000111011000110111111
11100011001101100101100110110111000001011011111101010101010010100111001110111110101110111100100101000011000100101001011010010010
10100110000001111000111011110001001011110001011101001100101001011110011110111100001001101011110011011111111001101000110100101111
11110101010101111100101011010111111100100000111100010111001011011010101011101110110010100111101011010100010010110000111000110000
11011110111111111101011011100001111001011010000010111011011101111010100001010011110101101010011110010111111111111001001101001010
10011111110110101110100111110011101101011000111101101010100011111001101100101100011011111011101110110111101101101110111100101110
10100000101101010111100011101011111101101011000001011100011111010101110100111010011001010110000101111111100101011101101010111000
11111010001111011001111010111011011111101011101011101100110011001100111111110100001101100011111011100110110110011100111010110011
11111111101000100100101001111001101000110111101000101011000011101111111010001010101010111111101101110100011111101001001011101101
10001111111111001010110111101111101100010001111111101011111110100110101101111011110010100101111101111011100110010101111001101101
11101101101000111111100010100110010100011011111000011011000011101111010110000110100011001010101000111100110111111100101001111110
01100101010111001111111100111000000000100010000001111110111001011100010000110111010011001100101001010111001111110100101001001011
10110101000111011101100001010101011111101001010010011111111010001101011001010111011101011111011010101001011001010010001111001101
00101111001001011111100000110110010100101110100110101100101101001011011101010101000100101100000101011111101000110111100010111001
11111111001101110100110011011101011111101111101100111110010101111111011101111011101100100100101110011110110101001110100110000110
11110110001111011000010011001100101101001100101111010011101111001001101110110100111001010111011010111011110010010111110100100101
11101110101111000001011101001100101001011111001111010111011110111111010111011110110101000011010100011111110010011111111110111001
00111111011011001001101101111111111000110110110111000110111011111100111011000001100111101100110010110110000101100101000101011000
00010010100100111011101111100100100000111000011010011111111110011000100000111001111011000011101001011101000110100010111011110010
11110000010001111010100010010111001111111011000010011100111110011001100110111110111010111010110110101000111101011000010010001111
01101101111011100010111110110100000111111110101010000111110111110001101011101101100010111011101011010011101001100110111000100100
01011011111010110111110111010001101111111011000111011110101011101110100010111101101010001000001110101110111111110111101111111010
10101001011011100110011110110110110111111110111110011010101100010111101000101011110100110110011101000010011100000011111010001001
01101111010101110001111110101011011010011111101100011000110000010000101011010111011011101001101110111101000011010100011101110111
00011001011111010110011100001111100110001110110100101011101000011010010110011101110110111110010100000111100100101101101100111101
11110101111011101001110000010001010010011001100111000101001101101011010010101110001011100101111101111110010011101011011101001111
00000011101010000101110001111010000111111010011101110001110011000010111011011010110101011101110011101101001010011110111010111010
10111110011101011011111101010100111100000111011000101110001010111110010111011010000101111011110001001101011110010110011000110101
11110110110100011111011000110111011000110100110110001101001111101111101001100001011011011001011010101010011011000101100110011001
10111110101110001010101100100111101100110100101101110001000001110111100110010010000101111000101111111011010001110111010000110101
01001001110101000111010101110111111100110111111101000111111111110001001110100111000101011101010001000010101110011010001100010000
10110111111111100101000101100101000100111101001111101111010110101101011010110101001011100011000111010001000001001000010101100011
11000101101010101111011100100101101110011111110111010011110010011110000110110111111110100110001010110101100011111010011010001001
10001101011111111011110110111011101101111100110010110101000011001011101010001111011010010100110010001101110101010101110001011011
11111010000111010100110011001110010101011100001101001001111011100111001001010111101111001011110100001101011010101110001010110111
11001111010100000101001111001111101101001111110011001010100111111110101111111011011000011101000110100110100100001011111011010000
00001011000110001011110111111011001010110101001000011011001111101100111110111100011000010010111111001111010100011110101111001110
10001011000001010110101111011111000110101010101011011010111110001011110011100100110111111001001111001011010100011101010110011110
00110010101010010001111110011010001010011100001001001101101000011111011101110110111011111011111010110001001110010011110111001100
01101100110101111110010111000000010011011101101100111101111110101010011101010110110100001100111110011111011110110110100101010110
00101101100100100001001010111010111010110001000110101011100000011010100111011100100111001111001111110111001010111010010010001110
11001010110001110101011111100111000010000010000111110111001001000111100110111101000111111111111100100000111001101100011101100110
00000111010010111101001001001111101001010001111110000100101010000110010111100101110111110011011011101110101100100000101111100001
01110010011010100011001011011001100010110001111111011010010111111101000101111110010110100100011010001010101101110101001111101001
01001011111011001100001010001111001011101000101010100110101100100010001011011101011101010111011010111000100111000011111011110001
00000111000111111111011110111001110001100000000111101100001010100000111010100110110110111101111111001100101010110010011000110010
10101110111100110110101011100100011100000010110110111011010111011111100010011011111010110011110101010111110001010111111110111010
11010011111011011000000100011001011001101111011111010011010100101000111001010111101111011000111011010111101100111011011101010100
01100110100101100111111011011100000010111111111111010110010100011000100110101101111111001110000100111011110001000010101010110011
00101001100111100000110010011101010011111000110000111001110010011110110111001010011001111110101110001111110011110111011110010011
00110011100111111010100010111010110110011011000100010110110010010001011100100000101010110000110111101101100011111110111101111110
10000111111001101001110001101011011011011010100010110000110111001101011010010100101100100110111000011110111100010100100111000111
10100000000110100110011010011100110100101010001111111110111110011000100010011110001100011001011101111101011111100110111101000111
01101010110111101010100101011110010010000110011001010000111111111101100000011011110010111101101101101110110101111110111100110011
10001100111011111011100010100111111010100011100011111111101111111000011010111011010010001100001011110110000111011111000001111001
11011011010110111110011110111110110101001110001010010100000000111100010010110011110110101000111001111110011110001011100110101001
10100011110101001000100001110000010110101110101101001111100001101010100110010101110111010111100110010011101100101111001110100101
11111101110111011010011101111000011101111111110000011101001101110101011110001101100111101100010111101011110001010111110001011000
10100000101100010101100111111011111101101100111101011101100001101011011010111100101011001111110000111110110101110001010011100110
00111011111100001111111011001001110110011110011001110100111100000100000000101110101110100101011001111010100000111111111110011101
11011010011010111000111101111110101110001101101011010100101010110100111101110000110011110100101101010111100111001010011000010111
11100101011111110111000010110110111111001111010111011001101111101000010000101100111001010011010000111110100101111011111111100000
11111110100001000110110000100010110000001100101110100111101001011000100100000111111011110001011110010001001011100110110111101011
01000100010110011000111000110011011101101010110010110010101110110011011010101110100010011111111110010101011101000101111110001011
11111110101101110001100000001001111001011011110101110011011101111110110111101100111111001000110101110111001110111001010101110111
00001110011101111011001011011111011101100111010101010000010010010011111000000101010100000101110100101011110011011010101111101110
11101010101110010010111110100001000111111110101100101111101100010101110101001110010100110001101100111111101101000010111010010110
10110111000101010100110101100011011110110101001100110111011001111111110101101111011011100000110000100110011111010110111011010110
11111101011110101001111001011101111111110011010111100110001111101100110000111100111010111111101010111100001011100001110101100101
00100011110000110101111100010111101100111101110110110001110110011100100010011010001001111010001101100110111111010111011001010010
11011011011101110010101100010001111111101010100110000111111111111011000100011110011010011111010110110001101111010010011110101001
11011111111101010010011111111010011111010010111110110110001001101110010001001100101010110110000110111111001101011001010001100111
10110011111000101001001000001010010011001100011101010111000100010010110011100110011001001010011100110111010011010100111000000100
00011110001101000101011110010101000001110110111010110100010110101110010100011111001110100011111011111111010111101111100101111101
01001010001010110101011110101011111100111000100100100001110010111100100111111101010110101011110010010010001111001011100001110101
01011111110100011011010111010001110010111100001000001001001101100101101100111111011000011011110100001111101100101011100010101111
10100100101100111111111111101110110111001011010100110010011010110011000101111010000100101101101011100111011010110010110001110010
10101011110111100100010101101100010111011111011111100101000000111110101101110100101001101011111011010001000110011111100010101001
11111011101111001111101011101000111100111101111001010001001111101010100111111100100111111111010111011000010011110111110101000000
01010110101111010100100110100110101011010010010101111001110111010001010111000111111110111101110110010111100101101000011111100100
