10000110010011111111101111101011101111011101000110100110001111010110010110011010111101100111111111011110010011001010011010001010
11110011011110110111111111100011000100101110100010000110000011111111000101110111000101111110000011001001110111110100111011011110
11001001110111011010101111011111001100011011101101000111111100010101111101101111100100100101111101010110001101011010111101010111
01101000111001100100001101110111101011011000110011110110001100100011110100010011010110101101011111111101000100010111001010010111
00101111001101110001111001010110111100001110111101111010110111110010101000010101100100111010010111111010010011010111111100001010
01011110001110101001111101111110111001111010001000110010001010101101101110100001000101110101101001011011111001011011011010010110
00111001101011101101010100100101000101111011000001111110010111011001100010000011110110100100111111010000100011011111010001001111
10110101011001100011100100001111010101010111011000111110100101001111000110000011000111001111011100110101101110101000111011001101
10100111110001011110110001000011101001011010110111110110100101100010110010100110101110101110110111111000000101111011101100111010
10101011100010100011011011010011100101101110100101101001011001110000110011010110001100000011011110100011111011010101011111110101
10001011100011101001011000110101010111011110100001101101101111101011101111010101010001011001000010010101011011101101001111100101
00011111111011101100010001001111111111011001111001100101111010101100111001010101001101111111010100011011111001001110101111110100
10001101101011011011111101010001101001111101101101101011110101000101011111111011010100010001011100011111011011001101001111010111
01111111110110010100011110001100111001001011111111001111100111110000100101111000000111110100101001101110101111100011000000111010
11001101100001110001111011111101101101011011011111110010101111111001111000110011001101110111111111111111110101111000111100000011
01100011111011101011100110011010100101101000011110100101000000101101000111111001011001101111100100110010110110000001111101000110
00111010101101110101111011110111101101010011110111110100100101000010011101100011001100101001010000111101001010110001001011111110
00001100111001110010010000110100100110011110010111101111110100111110110111100011010010101111011001001110110110010011101010101111
11101000111100010000001011101110001010010110010011110001111101101100110011011111100000111110101001101111111001001101011111011111
11000110011111100111101001111010110010010011001110011000111001001101100011101111001110000011011001110111001100101011110101100111
10101111110100001111100001010101000111001011101101011000100111001001100000000100110110011100100100100101010000110100011010111100
00010101111100010011010110111010110111001001111100111110101001100101011010011001011010011110110101011111011001111011011011110111
10001001010011101001100001001100011010101111011101010111001110011111111001011000101111010010110110110111101001100011100101110000
00001111101101101001111010000010000000011110010111100010101110101011001011011001101101011111100110111100011000101101001110110001
11010001111110011111000100011010100100011100111111011111001101101111010110110010000001110011100000111111001010110101111011001100
01100000001001101111001001111001101001110111010110101011011101011000010110111100011111001011011111100010011100111111111000111010
10000110011000110010011111010101100011101010011010110000111110101011000011100001100101110101101011101010001000100011011100100011
00100100110011100101011000000010110111101110010111100010011101111001101111100000110001110110011101011111110001111100101011111011
00111011000011111111000101000110010100000111000011111011001010110100100101010010011101101000111100100111100111000111001101011010
11000001111111001110100110010010110110001010111111111111000111001010010011101101110010000111111111010010011101011001111101000101
11010010010101010010110111001010011010111000111001111111111011001011101000011001010001000100101010110111011110110100101111011111
00110001111000010011110110011000111111011011011110110010100010100110111001011001110100100101001111111100110110011001010101001001
00111110111110101101100001111000000011100111011110101011011001110111010000111101110010011111110100001111000000110010100111000001
01010010110101101010011111110101011010110010101110010100011001101110000110110011000000100001101000110011110010111111101000101011
10100101110100101100001100110110011000110000011101011001110101100001001110111100110100001010001011000110100101100000111011100111
11011111001111111100001110100101101101001011101001000110001000111101111111111111100101010011110111111001011100010100111101100011
01001110110100100001110000011001011001111001101000111000100011011101000001001011010001111110011110100011000011001111011111101010
10000101101101110000111110011001001010111100101110100100111001111100110110110001111010001100110010001110100010111101111101111100
10001111110011110111010110110010000100101100000111100100110011000000110001010001001101001110111000100000111010111010110111100110
01011011000011101101101110111010110101111110011111001101101111000110110001101100100101010100110000111001100000011110001111011100
11111110010000001101110001110010101001101010001110011111010110110111111000111000001111000111101110000110101111111100110001000111
10100001101111010110010011111011011000001101010100111111001100110110011001111000010101111100101101110001001101100101000110110011
01111011111011011101001100011001111100000111011001011110010111111100110010111000011100110110010001111001011110110001111101100000
11001011101100101010010110110111101110101001101100110000011111001110101111010101111110011001101011101011110111001011110101010011
01101001101111110101101001011110100011111000110111110011110011010100011101001010110011100101001111011100000010111010001101101110
01101111000011010010010001111000100111011100011001011011011111011110010111110110100101101000001100000010010111011100001100100010
11111110100100100110110010100111000001100110111110011111000000010101000001001101011111111111011001110101110011010100111011101110
11011101101111100111100111011001010100100101010010111001100100000101001000001110000110101001101011010001011011011111101101001000
11011000101111011111010101101001110100111110011101001011111000100000101010101011111110011010100110110010101110010001011111100011
10111010111001010110111001000100111011001101101000111101011110010101001001001000000110110101000011011111101100110010111000100110
00011001111110011101100011101001101111010001111111001101011100110011100101111000001110111111001101011110111100010110111111100110
00001011111111110111111010111010100011110111010100111000100010001011111011010001101110101100111010000110101111011100110100111111
01110111110110011000001110000110001100001000001000101011100101101111101111101101111101000110111110010101101001100000111000110100
11110111001100011100101111111011011001011011001110101001110110001001011011001011110111010100111110000110100011100011111011011101
11001011001011100010101010010110000111111101010110110100110111000001101011011001001101110000111011010001111101100001011001000110
11011111111010110101101010101011001011001110101101100000011100011000001101100111110001001000000111110111100000110111110111101001
00011100110011101001100110111000111100010101110111011101110110101111011111110111011110010001101011100001000111010110011010101100
11001111111000100100001111000110111011001011110011110110111011111111110100011111011100000111101010101111010011100011000110111000
11011101010111001011111100011100010010101100000101111111001100101100010101111110110001000110001010011111000010011101110101001010
11100010010011011011001011101111101111010110101110111010101110110100001110111110101100111110001110001010100100111101111101000100
00010001011100111000101011011010101011000101101010010111100110111001111011111101111110000101011110100111000101111101111011101010
11011110001011110000011100010110000111000001010010110010100110011100110111100010111000000010010000110110001010110011111011000000
11011001001101000111001111111000101100110110011000011001010110111110001010100001111111001011011001001110110011001011011100010010
00100010110000001111100010010010110011001100110010110111101000110001000110110011110100001010111100111010110100110111101101011100
00100010111101111100001111110000011011111011001100110111111000011001001111010011000001001110100111101011001100010100011001110110
01101001011111101110100011111101010011110111110110011101110001000001100011010011100100111001001111001101010100000110001011011010
11101100111011010110100111010101001100110001011001010100111001101101110111101110011100100101111110111011101001001001110110101001
01100010000111001010010101011111001101110101001001100111101101111111001010011110101001100110101011111110010110101011100011011110
10110110111010111101110001001001011111101001000111001010111110000111000110010010001001011111101000010111100111001111111110011000
00111001111110101010100111010111010011001001111111011101011011010100110011110011101101010011000111110100111010100011011010000110
00111000011100111000100011111000100101001011000000111100000010001101000110101111111010100110111100110111001111100010101010011101
00111011111111111111100101001010001110011111000011101100101110001100010110110010100100011111011000100000000110100111011001101100
11010111100011001110010110010101111101111001010111110110111001111011010010110100110100011111011010011001111100010111001010111111
01110110110111110010011110001110111100110111110101000001111011111000101110101110001000010100011100110100110101110001001010110010
11111100001011011001101011011011111101111010000011111100001111111010111110001101001011010000111101011100110011111101111011001101
11010001011110110111001111101111100010010111001000111111001110000010110000010011111110111001110111000010001101011111010101010111
10011101011011111110010110011100000110101011001101111101111101101001000110001001111110000101011111110101101111101110100111110111
10110001101000011011101011011001101101101011011101010110000011000010110101111111101001001100110011001110111010111001110011111101
00011010011101010011101110011111111111110011111010001011100010110001101111001111000111111110011001010111100111100110111011000011
01011011000111001010110111110101010100110011110101110100111111110101010001101111001001100011000010010101100100101101101101100011
11011001100110110101011011100100110110100001100110000100110011000011111111011111111001111000101111000011011010000110000111110011
00101011101101000011110010110101101110001100111110000111010111001111111101111111111101100100101100111011010100110100011101001001
00010101111110110000101011111110110111010111111110111000111101001110011101110111110000101000111011011000111101011010110010001110
11100100110110011101011011110001011010100011001000011010100111111101001011111010111010111101111011101011111000010100011000011010
00111101000101111111111111001111001011000011011101110111110101111101101100101001011010100001010111011000110010011100111111110100
00001011011010011011101110011101010000100110011000111101100011111011000100010100011101101111001101010100111101100100111001101001
01111011111011110101110001110001101111000101001000110111111001100100011011100000101110101101111001101100111010011000101101101101
00110110010110001000000000000001110011101110011101011111111001111111110110011101010101011011111000011111110101000011001110000101
11000100000111101001101010001101101101001010110100110010111110011101000011111100101000111100000111000001100101011111001110101001
11100111110111100110111111000010001111000010111101110110101110111011010100001111111011011100000010001110100110101001001110001111
10001100100101010011110111011001000100110001100111001010101001101100000001100100001111011000001000000111011101111000001111011101
01000100101111000111011001101100110101111101001100101101010111000111100010100110111110111111011001100110111000101011101010110110
00101101100000011011111000111011111010011101000110100101110101000100100110011001101111111111111001011111110000100110111101011001
11100100010000101010111000010001001111111111001100011110101011010001011110111010101111110000111110011001011011111011000101111000
00001110101011111000011000111011001011100001011100001111100011110001101111101111111110111001011111010000110011110001001011011010
10110000100001110010010110101011000101111000111010000110110100110101000010101100101101110001111110111010101011011011110101001011
01001000011101010111110111111001010110000001011110000110110101011001011110110111101011100100110000100110111110011011011110101111
01101011001110111010111111001110101101100101111010110011111001100011001011101100100111000110110011001100011110101100111110010110
01000111110100011011010111110010100111110101110000101001001100011101010010100011101110011010110010110101110011010100111000011010
00011110110000101000100011010111111011001001101011111001000001101110101101110101001001110111010001101011010011111111011111011011
01011101110111010111111101001011010111100110100110110010010010110101010010101110100001001001010101010011110001101101001011011011
00101011101010110110000010010001110010111001111010101110000110010111010010110111101010001101100111111010011101101011110100000011
11001010101001111011011100111110010111100111011010110010110010001111001011001000111010000010110101111000110011111111111111101110
01111100001111010110000011100001001110010011110000110100111110101011001111100111111111001011001110110101001101101000111111001101
11110111100101011001111000011010100001110001100100100110001000001001000001100100001101110111111010110011110110111110100101101101
10000111111110100100001010011101101001011110000110110001101111101001111111101110111100111110101111011010010111000001100001101001
11101011101011111010101101011101000110111111100001111001001111110000010110111001111110000110011001101011000011110111101111101110
11100101111000001100101000101100000101101000000100001111011010100011110111011100100100100110111010001110001000010011011001010101
11011001100100101110101001010101101110011011010011101011010010101100111011110111001010010111111111001000110111000101111011111111
11101111111010001111010011111000110011101000111001100100101010010111010001011111101101001100010111001111011110111101101101110001
00111010100011101010001010100100011011001011000101010011000001111101110001011011001000000111111100110100111100000011111110111011
10010110101010011110101000011110000101000101000011100111111110011011110001010111111011100101011110101111000001111111010000000011
00110010010100010111100111011111111000101000110110011010010011011000000011000000101011111100011100011011101101110001111111101101
01110010111100100011111101001100101100101011001110010010001001111111001100001100010011000001011011111111000011100111010010101100
01100010101011011011011111011001011010110011000000111100010111100111100000011010010111111010011111011111001111010011111011100101
01011111111111110111101100101101101111111100101000010110100111100110110111110000100010101001100111111001001100111100100100110101
11111100110001101000111111010010100000101111100111001011101111100110111110101111111010101111100011110000011011010011111001100110
01011110101111000010111101100101011001010100011111011110100011110111010101111110111111110100101001011011100010011101011111100100
11110000101100111111100001010011011011001101110100101010100010111101011111101011111101101010111110000001101001101110011011101100
10010111011111110011101101010010111111010011111011001011010011010101111001010110111110011100101111011010111010011111011000110110
10110011101101101101100001110100001111101011111011100001101011110100111010101100101010001011100111010001011101111101101000011010
01000110100101001011001011001101001101101100001101110111010110011100000010010101110111100000011100100111111111001111011010011111
10101000110100111101011100111100101000100010010111111101101001000111011010100001001111001010100110010111001111101100001110111111
00111110110011001111111110101101111111110110111101010010011011000111101110110010111111100110111111111011010100011010001110110111
11011111111100001100111100011111011111111110100110000000101011011100101101110111001001011110100000110011011110000000001000100111
11111001100111010101100111100001100000010110010101110100001000111011101010001010011000101101010011011000001100110100111111110111
01001010110100001111101101011001000110010101111011111100110101010011100001101110111101000001111001110111111011001100010010111101
11000110111001110101011001101001111101110100111111110110011110111000010101111101011000011010110010010110011010001001010101011011
10011110001111100111110000111110000110010011111111111100111011011101010111110001011110111101001001100111010011101001010101110001
01100111110100101001010101110001001001111111111000100101111100001011001111110010001101000110010111101101001010110011100100110111
11110110110000001100101011000110001001100111001100101100000000111001100111111011010110111111001111001111111111101101101111010001
00101110011001010010011111000001010011011101111010111010010100110111110010110011000111111110101110110010010001101101111111010011
11011110000110111001000101001000110011111100111010100110010010101010110111001010000011100010111101000111101111001001111110100111
10101001011111111000000000110111111010011011010011110101101110010111111001101011011100010011011100111101111110111111101010100111
01100101110110001111011111011001101010111110111110010100001010011010111100111100100001000111011101101101011011111011111000011111
10011111101010111100010000111001110001110000100111111111100001100110001101110011101101001010101100010110110101001101001010100101
11101111011010100111110110110111100000111011101001010001011100000010110110111110010111111111110010111110010000110101101001111111
01111001000011110011101000010101111101011010101001110100111011101111100111000101100111010001110101000101011111010111010000011001
11100110100001110100011000101101111100001100100010110101010101111000011101010101011100100011111011111110111111100001110101000001
11001111011011111011111011110100110001101000011011011111001000111111010110111101111001111111011100000011110011111010101001101110
01001100010110101110010110101011100111101110001010110000110001101111111000100100010011110111010101100111011010111100000101110101
10110000001111011110010011111011101111101110100111111000101001110001011101101100011100111110110011001001000101111110001110000111
01101111101111010011011111010101011111001110101111100001010100100011001100010011001111100001000001001110010110101111111111101111
01110010010010010101111111100100010111111111111100111100111101101001111011110000011010010110101111101100001110111111101000110110
11011011101111110001111011111111111101011100111011000100110011011101010001110000111010011001010011001100010100011011001010011100
00101011111001001101000110000111111111111100100111101101101010001001111001010110100100011100101000001111110101101000100010111000
00001111111111010011111011111110110001110000001100110100110101101111101101010111110010110100111100111001110010110111100110111011
11111100100111110011111111111000100111111011100111001101001011111011000000100001101111001101011110101011110101010100010001000110
01010111100110010101101110011001111001110010101001101111101011101011010101100101001011110010100010010000100110111111001101111000
11011001000101011100101010110011011001000011101110011100111001011110111101110001101000001010101111100010010111100010101110000010
01101110111010100110110010001101110011010101011001011111010010100011011100010010000000101110010111110011010100010001101111001001
11111011011110001110001001101100111001010101011101111110111101110011010010110110101001111010011001111110101100110111110110100110
11110110000011000011111101011101110011111111011111101011000111010110100100101101011111011011100111000011101110110111011001111010
01011011100010100011111001010110111011100110001001111010111100110001111000101011011010111101111100111110001110001101100111110111
11000001111000111010101110110100101000110011111101100010110110101001101011111010110000101110001001011110101000101111010000101011
00100111011110101101001100110011000011110000110111001001110011100110111110111100010001100111011011100000000100110010111011101101
01010100011010011111011011100001111110101000111011111110101010101110111010101001110101111000010101010111010111110010010001011101
11110110111100010000110101111001011101010011110110101110011110000101111110101101000001011100010110011101111101001100011001001101
10001111100000101010111010101001100111000011000101111101111000110110011011011110010111000111110100111110011000011111010010101111
01100001010101111010101110001111110101010001111111101000110011111011111111101111101010111100100111111010010100011000111100111011
00111111101110001100011111111011111111000110100011100101011011011100001101100101000111111011101111100100001111110001110100111100
01111011011001111100010001111011001000011110110101001010011011000001111101111111110011110111100100010001111111011011011110000011
01111001110101100100101110111111100010110111101111100110100110001111000010111010101111001111101001001001100101101100101110100011
10010011010011111001111010000101011111111101111111110001011000111101100100101100111101100101010111000101100001011000100110000111
01001010001100001011111011001001010111001000110101011101010010110011110011110011111011100110011010010010011101101110000101100000
11110111110011000100101101110111100010111101010111000100110100101101100111000111111001001000010001011000001101100111110001001111
01011000110111101101100011110101011011011110101010101101100001000010010110100000000101001111001100111011011111001011001100010111
01101110011011101110010001011000001001111011001101010100111000011101100100001101111010100101010000111100111110111111001001010111
01001010011110000110110011001101111100001101010110101110101110110101011111000101110100010001110011100110001000111011011110111111
11101001011101101011010111110001011101110011010110010100000011010010011010110111011100101001100110111111011111101110011110001100
10110101100000110100011111101110000010111111110011101101010111101110100011100001111010010010010111001111101100010011101111100011
00010101010111001000011100011110110101111011100011110111010011111001111011011101101100001110110011111100001100001011101000011011
00100001111101101100011111000110011011110111110010111101100110011001111010110101101101010110000001111100110000111011100110101001
10011110111010110101111011111101111011110111111010111101111110111001000101101000011101010010100011110111110011111010010101000101
11111011111110110000100010110010000101101001010011101110110111011100001110000010100011110010001010111101111101110001000010110100
10111110000110101000111000111011011011000110101001001001010101010110110111000101000111010111011100110011111010010110011110110101
00111011111000111100111101010101001100001010011001001000100000110011111101001100110010110101101011010100011100010100111100100110
01110010100111101110001010100000000110101100100011101111110101010110100000011011011100111111011000100101011010110010011001001100
10000011001000110100100111110111000110110101011111111010111010000001101001011110111101001111000110001100100001110001101011110110
11110110110001100101111010011100010100100111101111100011101101111101101110010110100000110101011101001001011011100110000011111100
00101101101111001111110111110100010111010011101100111100001000101111011011000011110001101001000011111011011101110111011011010101
01101101101101110111001101001110111110011100110011010001011111000110001100100100110011011000111110011010111100111100110011100101
00011000100110010000111000110110011010110101001010001111111010111110111010010001110101101100100000100000100010110010101010011001
11011100001011110111011110111111101010100101101101011111001110010010110111110001011000111111010111011101010111111010010010101111
10011011011010100101110001000011100111001011001001100011000111010110101100011111001110111101000100011001100101000111100100000101
11001111111110101011000001101100001110101101010010101000111111011011010000110000100000111100101010001001111100001111101111101110
00110111101011011010101001110101010111000111110011100101011100111011010101111110110001100010011110100111111001100101011111000101
00111011001011001000101010101010001011111011011000010111000001011101001001111011111000110100001101011000001010100000000111111011
01100101101101101001110011101011100011001111111100100111111000110001010101111110000101111101011000110101101100110010001011010010
11011110001100100011011101011100101100010110111000100101111000100010100011110100010101000001111101111000000110000101010100101110
11101101011001111011011000000111110011110100110010111110110110101101011000011001100101100111111110111111100001101000111011000111
00100111111000111010000101011001111001001001001110110110101101000000100100111001110110001010011001111010100000101110010110001001
00100100010101111011101011010010111111100100101100111111111110010100011111111000110101100111111011101100111110010111100011001001
00111110100111000111000110100101100000101111010011011000011111000011001100001011101110111110011100010101011110011110101110010101
00110101101000101110111000101100111110001100101110110100110001111110110101011001101100011101101111101100101111101010110011100010
00101110011010111010111111001010011111110101011000111011111111111011001110101101010011000011111000101100101101100101000111101001
00010110111110101111101110010001110010111111000010011100100100010110101100111001010100001101111111000111100010001101000001011011
11111101001011110011111110100111001111100110000010010010011000000101010001010101110001011110100111111111000110100111111101001100
10010110101110010111111000010101010000101101100111100110000110111101000000001111110010101101001111000111100000101011011111111101
11110010001111111111110101100101101010111011101101010001111111010000100111011000000110110111111111100001010110101001110011000110
00110001100100011101100011011010001111101100111010011011001001001011110101111101111101000110100101101101111101111011001111101000
11100111010110000101101011001101111011101100001011011111110101111110001011001001101111111101001111101101010100101111011110110010
01011101101111100111010011101011010110110111100010001001011111010001111111000011110010110011010110101101101011110101010011111001
00110100010101010010101011110000010001011110000110101101110110100100111101100101100100101011010100101001111110101010001111010101
01101111110111110010111110011001011001101001001101101110101011001011010000100101011001111100111111011000111010110111010101001101
10110100001010000011110011110001011001000111000011000010111111111100011011111011010100101011000001011001100100101011100100100001
11110010110111111001000111001011000100011110111000111111110111110000110101110001101111011111100011000010000001100011100111011110
11000010101110010001001110111101101111000111111001001011100001111111001010011011110111111110110001010111001111101001011010010111
10000111010101111010100101110110111100011100101100010111111111101001001010000110100101011110010011101000001101101001110101100001
11100001110110000101111100011100010111010011111010111010110001101111100010100101110100111110111110011110011010100011100001111110
01100100111011011011001000000010001101110011100110010000101100100110110011011101101101110100100100110111111010110011101110000100
01110000001111100011100101011000110110010101101011011010111101010011100100111111001110100000010001010000111001111001001011101010
11010101010011010101110010110011111111100101010110110000110011010010001011111101101110001101001001011011001101000010010110010000
00010100101101000100100010111101111110010111001100111101111110010111110111110111011010010101101111111001100110100001100001101111
10011011111111010001001100010011001010010111110101110110110111000001111101111000111101101011111111001101001011100100010110001010
00110110101100111111101110100100101111101110010011000101110111100100011110100011001111011001100110101011111011000110101010011100
01111111100010100101101001011011010011101001110111000000100010101110100111110101101001111101011001111000101101100111111100100110
01110101111011010110111111010100011011011001111110111010111101010011010000100011110011111000010010111100001101101100111011011011
11010101100111111000111110101011011001111110110110011101000111011100111100101100111101000101011101000101111010011001111001010101
01001100111101111011111011010110101101010101111101011001111010111100111011110010011001010101010000001011101011111001101101010011
11111110111101101110001011111101000101011011001101101111011110101110011100101111001011010110011011111000011100110100010101101010
11110110111010011011101011111110110111100100010110011000101000101011101001110010111000101101010100111010011000110110000000110011
11100110110001111101011111010011010110010001101011111100011111111111100111111011011010001011000111101110111011011001001111000010
10101001100110111011110000001110011001110110010111100010100110001001001010111000100111001101100110001001011110000111101111000010
00100101011110011110111111001111101110001011101111111111101010111110110111000000111100000011011101011100000101011101110011110010
01010000110010001101101101111011110000010110111010111110110111011010111010011011111011100010000111110000111110110000001110111111
01101101101111000001111001100110000111100111111010000101010011110101010100100110011110010101001000110101101111111101001101111100
11110000110010011111011010010111110010010101110111110110101101100110010001110110101011100011011001010111011111100111111110100101
00011111001101100111100100111001110011111011101101100110000101011110110000101011101000101111011111011001101000001010011000111111
10101110001011011100111001101011100000001100100111010110101100100100111010111011100100010111100101111011111011010100010001100000
11100101000001000000010000000111101101110101001111001100000001001011011110001010100010001100010011100001001011001010110100010011
00000001111011001010101110110100101100100100000110110110110000011011110111101001111100001011010110100001111000010011111000100111
11101110111011100101001100111010000110100001000111110100000010011100000010010111011011000111011001101010010001010111001111010111
00011000111001011011011011001101101011001001010001011101110011001101111011001111011100100010110000011001001011011110001101010001
01110110111010101111110111110001110110000001010110111110111110000101111010110000100001110001011011100101001011001101011100101111
00111001011111101000101100000111110000001000111110101000100011111011010011001001010000111100111101111111000110101111100010110010
00101010011010011110011101111111110010111111110110100110010111001011011100101110111101101101010100010111010101011111100111111100
11110100101110101010111101100101011110101111110000001000010110110111010001000111010101011010111111110111110110111000100000111001
01100110101001111011000110010110101101101110100101011111111000111110111111011111100010011100111011111100001101110111010101011111
01110110101011100100010000110101101111100100100000001100111001011101001111110010011010011110111111100000111011111100011111011011
00101110011111011011101101111011001010100110111111001101110101001011111110000000101100110100101000011000010111111101100001100010
01111101101111111011111010101110011111111011011101011011001110110110101000111000110100111111101110000011000011101111011101011111
11010110011011110011101110111100011011111110100100011110111100101010000011011000110011000110000110010111101111101011010111010000
10110010111000101001011010101111110100011001111111100101111011101011111010001000001101110100101000100111111001000011111111100100
01010010000001011011011001111101011011001111001110011100000111001111011000111011111111010000010110111110100110111011111011110100
11110111011111000101100100010010101011000011110010000011010111111110101111001101101110100001000111111100010011100000111111101111
01000010100100011111110100101111110011101100001111110000100001111010111111101010011110001010010011010101101100001100100111101110
10011111101100110011111100010001110111011101110011011000111011100011001111111011100011001010111110100111111001100010110111010001
11000011110110110001101001101110101101000111111001100100110110011101111000101000010110011001001010001101100101101011100010001010
10100101111011001111111101110100010010110001011101110010101101011010011001010110011010011001010001101110111111101111011101111011
11010111011011100100111010001111111011011100011111111010100101101010000001000100111101111010010101011111110101011110000011100101
11101010101011110001110111111010100010100011010000111010111111111100000111010111101010101111011001100110010101000111110100001110
01111000111101111001101100001101001011110111111111011110110001101100000100111000101110100100100001001100101011111111111101011001
10110101111111000011001100110010101011000101100111110101011101010010111101101011111110111101111110111010111001010101101001010111
11001111011011111101111111110110101101110111111110101010101111100100111101011101110011110110101111110011111011011110111001110101
11000111001101110011101111000111001001110110010000010011111000111010100111110110011001111010011110100111010011010111111100011100
01110011101101100101000111011010011100011110000100101110111011110001110110101001001110000100100001001010101011011010000111011001
10111111110001111111111011011001011001011011010111100000110001010101101010001001010110010100011110010011001100111001011011010011
10010001111011100101100010001100011110001101000110011010000010101100011101000110100101100101001100101011010001110011100100111000
01000101001100000101000000011000010011100001110110000110010110001111110011001110100011110011011010000100001101011011111111001101
11000111110101010001111111110010101011110111101100000101110111110101001110011101111111011110001010000011100111001110111100011111
10011100011011101011011000111010101001110101011001110010001010110010100000010101001010101101111011110100101000110100110111010101
00111100011011101111110111101111110001111111000110101110110110011001111111111110111000111100111010111101001100101001000100110001
01110111111001011010110110011001110010011010110000101100010001111111100100011001011010001111001011011001111110110111001011011100
00111010100101001101000110000001110001011011011111101111011010011100101100111101111110100110111101110101111100110111110011000000
11111011011111011100010100000010101111100001100101010100011011111010001000010111001110100101000100111100101100101001101000110111
10011011010100101010001011110011100011100001110110111001111000010110110010000100100011001110111010110110010001000101000000110001
00010101101001110111011010101111010001010000010010010010101101111101110011000101100111100010111110010011101010001100011101111110
11011011001001001001111111011001001001101111000000110111111000000011100111111010110001111100111111001000110111011010001011100110
00111110000011111100111001001001011111011000111111110000111010100001101010101111011110111001111010101111011011100000001010001110
00110110000101111100001110111110111011100011001110000110000111101111101011001001000001001100000101110011101000110111000010101001
11110010100010000110111101100000100111010011100111100101110101111111010101000110111111110011101011100101110111001011001001001001
11001100101010110010010110100010100110010011111000110101100111101111111101000111101010111100011011100011110001011000101110101011
01101010101011100000011001010111000000010011010010010110110100110000110111011110111101000011001111100100100010111010011101110010
10110111111000110011110001110111110010101000101110101010111100011001111110111111000010101110010001100101111101100111010011101010
01010001101001110101110100010010011110101110100100101110101001001110111001100010111001111011110100111000000111010011010110101111
00101111101100010001110111111110111010001101101010011011100000100101101001110110001011101111011001011000001001011010001001011100
11111110101101010100110110011010100111001110010011111001001011001111011001011010001001111001001010110101011111101111001101111111
11010110000111101011100011011001111101111110001111110001011101101011101101011001011000111111111010111011010010001001110101110110
00011111101011111100111111110010111010111101111001111111110100111011001011100001110100001111110001110001100010011100111111111111
11011110100100111011010001100100001011000010011010011111111111111101001011111100000011000000010100101011111100111000011100111010
10111010100011101111010100100010110100010101111100100100000110100010011011010110010011101110001101111010000111111010010110110101
10001111011111111000110101011100000111001100000010011001101110011111001001000101111101111001110010110110110000110100101111100111
11111100001110111111001000011011110110011111110111111101110101011011000110111111001111110010111000011110100011101011110101010111
10101100011111110010000011100010101011000000001000101110110111110100011100011110011000101011000110101010010000110101111011101101
10011010110001111110101011010001101111011000111100011110010011010101011111100000100111010001110101111010111010011000101011000110
10010111110100101001110110110011001011101100111000101001100111111010000011011011100101000101011111110010010101011010010001010101
01111011111011111110100011001010011010010100111101001001001001110010111011110111101011101001011111110010101110111100011100110111
10101101011011011101011000011101001011000101110001111110011111100011111000101001001001010100110111011000100111101000111101001111
11010101000010011011110001111101101011101011001011111010000110100110010010001001001111111111111001100110010011011110101011110010
11101100110000100111001001001011010111111110011011110111101100100101010011001011100011111101101110100011010010010011011110101001
11011010100101010001101001100111001101000000001101111011110010111101100010011110001110010101100101010100110000110000011011001011
10101001100111001111011010001101010111010110100011111101011111011000000100111110101101001010000101011110111000011101000000110100
00101010111110100111001100000111110110100100111010111101010100110001011101111001100110101111100100100100010101010011001001001011
10101001010111011110101111010001011110100000111110110011001110000100010001001001010011000101011101010011101010111101000011011111
10000100110110001001001101011111101001100010101110111011110100000010010101101100010011111001000010110000101011011011111001010100
01011101100001111000010011101010001111010011111111100000011011000101100101001011100011110011100010110001011110111000000001110010
00110110111111001111000000000001101001100010010110101101110110011011100011100100010110111101010101111111000111010101111011111110
11100001100111101011111111110101111000110110101011100101010001110111010001111100111111001110000000110000111111101010110011010010
11111110111011010101011010111001101001001010111011010101110110101111111101001111010011010111001110001011100000010101010110011010
00011101000010100110111000101010111110010001111010110110011011111011001100011011101111001011101100101111111010110110110110000111
01000101001100110000101001011010101001001101101011101101011011111100100010100010101100101100111011110101110100001111011110101100
00000110111010011101110011111111001011111101110010000111101010101011011111111111100001111011101111011001010011011001000100100110
10110111110011100110110011111010111100000111011111110111110011011011111101011000111000101010110111101111001010101000100010101011
10011011111101100110110011010111001111101000111110110011111010000000011000110100111010100011111100111101001011010000001100101011
01001010010011011001010111110011111111110011011001101111001111000111010010011001001101001000111010110010010100001101100111101100
11100111111100111101011001111101111111011110111010110101111010111000111101110111011100100100111101011000111111011111001101101110
11010011000111110011001100011100111011011011010101010011001100011011010000101011111101101101110011111111111010100100000101110101
00000010001101001001000001011100011010011101011001111100110111011101001110110000110111101110101011101001000011111110101101010100
00111111010101100111110110110111100101111111111010011100111010001100101111111011011101100110100110011111101111011010101110010101
11010011100001100110001000011110010111000101100100111000101001111111011010110101001010100111111111010000101001111011101010111110
11101011111011101111000010100101000010100011011010101000111001001010100110011010110010101011110101000001011111111101001000111110
01110101001001100101101011011111111100001101101001100100100011000010111101101110001110010101110011011111010110110111011010111001
01111000110101111110010111100000001101100111101101010111100100110011100101111011111001111110011010111111011010111000011110001011
10111011110100011001110001100110110001111111011111111010010000010111111000000101111111110000111001100110111111110011101100111010
10011011000101101100001001110110011011100111110101100100010010010101110110010010000101101111000111101111010000111110001111111101
10111000011111010110011101110110111100001111001110100001010010010111000111111111010001011000101101101100101111100101101011110010
10010100001100010101010110100101001001111010100111011110111110111101000010111011011011011101110110011111010111001100110010000101
01110001111110100100001110101100100011101101100100111010111000010111111100110100011011101111111011001011100110101000101100010001
11010100000100111100101111001111110101011111111111010110101110000111101101111000110101101110001011001001011100101001101011001011
11111001110100011111100110101011010110000011000001110010100110110111111101110110101110011010001101010111010111111010100010001101
01110011001111110101011101100010010010010011110000000001101011100101001101010111000101011001111000011010100110110111001100011111
00101101111011010001110011010101100111111001110101011001010111110011000010000110110101101101011101101000110111001011111000001100
11101010110111100101101111011110010001011000001110001111100110101110001101100010111110001111111010101001001111000111110000011010
01101000010011111110110010111001110110101010000010010011011110010011000111111000001110000011001110010011101100010011111101100111
01111100000100110101000100100111011011001111100110001010011110010110101001011011100100111110110100110000111000100111101111000001
10011011101010110111101010011000101010111000010100101010011110101100110010110110100000110101001011000011001111111111111010110111
11011001001110011011110101001100011011111011101101110010011000101111011111001110101010111011010011101101000111001111110101101111
00110010110101000111110111011100001001011110101100100110101100000110111010110110100110010100100111000111101101101110011111111010
10001110101101011111011011011000011110000110110011010100100111101110001101101111111110000100110101111010110101101101111110101111
00110111101110011101011000111111000011011011111010000110110011010110111111110001101100111101010111100001011110010111010011110100
11000110010101011111100100101010001101010001011101110010111100010101101010010010011111001111011110110110011011110011100101111100
10111010100110110001111011011001111011011111011111101011111101100111001111010000100000011011111001111000010011001111011100111010
11110010100100111010010100001010111001011110100111100110111111110110101111110010010110101100110100111100111111000101000100010100
11110100111101100010011011111000101101100000001001100000111001111111000111101111111111100101100010111001100101011111101011111111
11101011110111000011101101001000101001001101110110011100011011001101111011011101100110011000011100110111011011011110110100010010
10100111001100111000100100100101000101010110110000111010100010000011101110100011110010001100111100001011111110100110101100101010
00001101011100010111000110001101011011010000010010010011111110100111101010001011010011011110011001011011011010010011100001011111
11100011011000000110101100110110111100111100110010011001110010110110000101100011110101111100100111001010000101110100011000011100
11011001100100111001001110110111110101111011110011110100111111100011111101011101010101100011101101001111110110100001101010010100
01011111001111000011000101001010001110001011111110001111000101000001101111011111111011000001001110111011111001111011011001111111
11111110000011100011111010000010111111001001010101010001110001101101101111101000110011111111000010111110101100011010101101110111
10000111001111011001010001001110001111001100011110011010101010111111110100100100111100010000101110111110101011110011001011101001
11010111111010110100010101101111101001010011110111011111111110101101100000111011101001100001101101110010000111000000110101110010
11001001010010111011010110110001111101001111100111101010011011101011100110100100111101100010010111010101000111111011100111100110
01110100001001011110110011101101000010100001001001010101010001000110111000101001100101010110111001111010001100000101110111111100
10100101111000100111001110110010110110000011010100001100111011101111000110101110011010111110001111100111001110010011110111111111
11111001100100001101110101011111101001101001111000000010111000101011111011100011111001011010110111010010010110000001010001101101
10111010000110000110011101010111101110000000110100111011100101110101100110001101100101000011101011110110011100110011010011001011
11011110010000010100100011011110100000111111011101011001001010100111100010001000110011010110001000100110001001111111100110011011
00101111010111110001100111010111001101010010100001111101101011100110010100110100000010101010001100100010111101001000011100111000
00110101010110011011001110001101101000001000010010011011000110100001110011001101010001010011001110001001110110101101111010110110
11100110000101110010011011101110000001110011011000111110000111001001101110111001011111101001011110111111110110010100011001101100
11111100011111110011111100111001101000010010011101010111111110110011010111101100110010011110111101111001010000000101001110111010
01101111010011010001010010001110110011011000000100111101111000000100010110111111011010110001000111110000111100110111101111000011
00111001010011000011011101001111011001110111011010101011000001111101011111101101001011110110101010110000101101001100001011110011
01011110001101101111001100000110000101011111111111011101100110011000101111011010011101111100010000011010111101101100000010110110
10100110100000001001110101011101111001110001100100110110111010000010111101101010100101011101100010100011100011101010111110100111
11110000001100010000011011100111101001101111010111010011111001101110011110111110000110110010000001000111110011100110011110110101
00110101011110000000001100111111111101101101101000101010101011110101111100101001100101010011110101000101010011001001101100001110
11011000011101011110110110101101100101011000111011111001001101001101011011110000010001111011010011000010100011111010011001110011
10001001111111100000100100110110110101101101110001010111010111100010101111100011011101101110100101111100111010110110000111011001
10011110101111011110001100011111000111101011001010010101101010100011100110011011111111101111011001000011111010100111001011111111
00011110001111000011100011101111111000011111110100001011101011111100010000100010111010010110010110011110101101010111101101100101
11111110010110101110001111111001001101001100011101000000110011101110011010000011001111011100011011011111111110111110100001101111
01000111011110100110011011111001100001001101100101011111000111010111111011011100101111011000111100001101000001111000110010110001
00101001111011001001011101110111110100100001100111101011000111111101110110101011100101100110001111100110110110001001010111100011
01000110011011100111101111010101001001100011110000010110110010110001101011111001010110111101111100111010111110100000101011000110
11011110111101111010011111101110000011101100001001111101101100001101100000011111001001011111001011011101111101101010010111001011
11001001101110011010110101001100101011011100101010111011111101001101011111000101011001011011110110011111010111101001100111000100
00001110000110110011001010101000111101000000111101011101111111101110111111001111100111011110001111001000001100001011011011000111
01101011001110101011110001001111111000001001010101011101001011101111001111101010111001011110110101010111110010001000111101011111
10000001001110110011001011101111010110100010110011011111011101001000011011111010001101101101101011011101101010011110011101011101
10100111011101100001100011101111001110000011011101111111010111111010100100110110110111100001110101100111101111111010000011010101
11000001111111001011010111100010111101100000111100110111111010011011111101100000111011001110010110001110110100011001101000000111
10100001011111110101010111110100011111111111011100110111011000100011010101001010110111011100100111111100010010100010011111100000
10010001100101010110101110011010000001110001111101111011101111000010110000011101101110101110010100100101110111110010111111111001
11110000001011010110000111011101010001110111011000111111110001011101110001110011101001000000011111110111001110011101010010011000
11101101011101110001011101000101111110010101110010100100110010110011001111001100011001000100011111011101001011000011010111011111
00100011110000000000111101111001111010100110011101110101111110010011111100101100111011001011111111111101100101111011011111101110
01100101100111011101110010110110000111100001011000000111001100111100010101111001110100101100001010000010100110111010011101011101
01001001010101000100111111111001111111111001101101100111001000001011000000010110001011110111001000011111111000001001011000000001
01100101010110000111011101000001101101001011111101100000100100110010100101111000101001000011011001000011010001010100000011011101
00011111111001100010111001110010101001111101101010111101111110100100011000101101100111101110000111011101000010100101100000000111
01101010110101111001010110011011011001001101110011111111001101100100010110111000111001010010011001110110100110011000101101100101
00110101010011111000011101111001010010111011111101101101111111000000101010101001111101011100001100101001000110111110100011011010
11010001011001100111110011011110011111001110001101010001110111110100011101001111100110111000101000010000000011001001011101101101
01001011101011001111010110101011111101101001011011011101111111111101011001010111010001011000101101000101100011111001100110010011
01001111000111011101011111111111100111011101110100010001111101111010101101111010010101111001001010101011001100010101010110011011
11110101101001110011001011110100011010110110100010111100000110001011101111111101101101110001111001110101011111100101011111100000
00010111101001011111111110111001100101001110101101010010001010010001101011010110100100110011101111011010100000111000010111010010
00100101100100010001000110001110110000011010001011011110111011010101110001101100000111000011111100101111100011111101010101110001
11011010111000110010101001011111001110000110100111101101000010011111000010011000101111101110101000111011001110110111001100111011
10000100111100100101011111011010001000111110111100101011111010111100010011001100100110101011011110110001010111101110101011001110
11011000011000110001111000111000011100001011001110001101010101100000110111101010110110010010100100100011011001110010011000010100
00110010000001011001010010110011000001111111111100111100000111001110010100011111100000101001001011110000010011001000110001100011
11111011011100001111000111101111101010111100111010111011110001101111011001111001011010110101110111101010010110111011010001101100
00011111010011101001000111011000000110110001100011110011111110101010100010010011111011100001011100011101110011100101101110111110
10101101101010101011000100100010101110011111110011100001011101000110101001011101001110001001011011010010111001000011001000011110
11111000110110011110011101110110100011101000111101100111001011011111010010100101111101101001111111110010110011111100101000101100
11111111011010101110110010101011111100011111110011011100100010111010110101101111111100011111011100111110101010111100010001000010
10110100001000011111111110101100010001010010010101111101001111010110011111100110000100100100000111100111101001111111011001000111
01011100001110101000110110000010001111001001101111111010110101000101110100011001101001100101111001000000110010001111001001101100
10001010011001011110111000011110111101110110101001001111111111100011100010111001110111111101011010111110111100010101100100000101
11000100111110001011000000110110110010011101101011101100001111111111001111000001011111000110110111101111010101111111101101101111
00110111010011001010100010101110010000100111101100101101111110100010010100001101001111110111011001001001011000001000101011001111
01001111011110001011001101010011011001010101001110101011001100011110101110111101111000000001111101011110111000010111010101101011
11111001110011100001010111111110101000010110111011111111111110110111111010001001101010111011001011100001101010000101110001101010
01101000010100001011000101000000011000110111000101111001110000111001001001100110100100011101110001001110101011000011110100001100
01000010111111011111100100000011000110101010100001101011100111111011010111000110000110000001011111011111011010011100010011101110
11010101000111001000100101110001100110101101011101000001100101100101100111010110011111011000010100111100001100111001111111101001
10011001011101010111011111101000100101111000111001010110011110101001101011011011100100111111011001111110110000100000100110101000
10100011100111001110010011111110011101111010010000011000110011110101010100001101110110101100111111000101111101000100010010011000
01110111001100101100001101001110011111100100100101011001110111111010101100100111100000011110011011010011111110111001000111011100
10011111011011011010001001110111111011101010011111110011011100010000000101011001010100101111111111111000100011110101110010101101
11011110110110111101111001000100001110110101111111001111111001101101101000100001101011111011101111010110010011110010111011111011
10001101100110000010100001101111010010110101100101010011110110111101101110100001111000110111100110101110101011001001001011001010
10011011110111111110110001100100000101110100110011101000111010111110111111111110110101011111010110101101110001010110101110000010
10011101011010010000100110010100001011101111001011111000011010011011110000010110001111011111011111010111011001100101011010110101
11011110001011011100011100100101110100100001111000110010011011011001010111001111111100111101100010110110000110111111001110110010
11110111001000101000001111011110011100111011101110001010100110010010110101010001011010111101111010101101101110010100110111000111
01011111100011101010011000111010110011010011110100000111110111110111111010100100101100111100010110000010110110011110111100011101
00011101111010111011110001000101010111011110111011111001011100100101111010000010101110101100001000011000100111111000011001000111
10011100010110000100000110011100100101001111111001011000010111110110000111100111000000111010011101101001101111110110101010001101
00111111000101010111011101110011110000011100010110111001010001110001100001110111011000111111010110001101011111001100101001100110
00100110000110100101010110011101111101101111000101001001101011110000110111111001110011001111111011111001110001011110001010000111
10111110011101110011110111111101000100011100111110011100111111101110010100001011011101110110011111001000110010011001110101101111
01110000010100110001011110100111001111001110111111110001111011101010010100001001010101010100110111101110110110100100100101001101
01000101001110010111110010001101010011110001100110000111111110001101001111100110100010111111100011111101010111111110111000111111
00111100010011010001110000000011001010111111110110100111110011010111011111110111111101011001111110100101101100100111010111110111
10101100000101110001101100111101100100110101110101001111000011111010010110011111111110101110000010001100110101000001011100111010
10011011110100011111100101111011100011100101011000000111111011100110111101011110110000111000011110010010011000011101111001100111
11111001110011111100100111110011001110100001110011000110110011111000001111100111001110110010111000011111100100110010101110111110
11001100111100001010100100000111110111110001001010110101000001101001110101010100110111111000010101101101011100110010111100011111
11011010110101111100110001111110111011110111111011110110011010000011100101111011000110010011011011000101011010010011011110001110
10010010011101110110111110010111000101011000000100011000100111110101001111111011100010110011100100100000111011011101010100011101
00110110111011010011011101010101110100011011111100110010101111011110111110110010011110011001101001110110010111001100001101101001
10000001011101010001111100001011000111111011100101010101111110100000000111110110001011000110110110111110110100110110011001101111
00010100011111100110110011111111110111110001000010100110110100010110110110011110011101111010000010000001000101000011000101010010
01111010011101100011001011111011010011001111110111101110101100010100100111100100100000100010111101100001100011101101101101111000
10100101010010001111100000101101000111011001100111111100101111101100110011000001111111100110010100111100110010101000101001000101
10011010101000111101001011001101001001010111010111110011100101011111011011001110111010111111111011011110100011010110110100100110
10011111001111010101010111010101110111010011110101101101010110101011111011110011111111111111011100111010110010111101110011111010
10110011111001010011111111100011001110011110111010000011101100101111001110010001111100101110010100100111100101011001100010001010
10010001101111111101011001101110100101100100100110111110100011000101001010011111100010100110010100101100111111000111100010111010
00101100001111111001100011010011110011011110010110011010001001110111111101001111111101100111010101101110110111101010000010100111
10010100111101001101110101111101000001010110010111110111100010000111100011001100001110111001111111011111010111110110011001001100
11100111111010000111010001101110101010001001011111101110110010011101111010110111010000111010111011001011111011111111101011000000
00001101111000111100011011011110101011000111110110111111101011110001111101101111110011110011111010000010010001101111001011110001
11010011010100001100101111011001110111100110100111111001000101110100011101111010010010111100101110011100101100111101010010110000
00110101110000011110010111011010100011111101110001101101000110111010000000110111110010100100001010111011111010011011010110100101
11010111100000110101101001110010100110011100110111100011110001111100111111111010111100010011100100010011111001011111100001000110
01100000010000110110101101111100111000100100100101000101011100111110001100111011110000001011110101010101111101101111011101110110
01110011100101111010111001001010011110110010011110111101100110000001101010100011000001000101011000101111000110011111111110111011
10001001100110101111011100011010110001010011101111001011111100110110100110011111011110100111000110100101110100110001111110111001
10011100011001111101111110111101110000110000101111011100100010111101110111010011011011011101110010101011111111110010011100000100
10010111110000111101010101101001010110010010101101101010011100110111000111110101011110111111000000011101011000111011111110110111
00110000001110110100001110101011001101101000110001100011101101000101111001100101011111001111001010101101101111000010111111101100
10111000011001111010100010100100000011001110111001101111011111101111011101100101110010000110010000001111010110001000101101100101
00101010111111110110011101011101111001100011011111111010111011011010000011110000011100100111110111011011111001111100011111111000
11111001100101101100110111101010011011110010100111111011010111110011111111111000011110001001010110101101111010101011010001110101
11100011010000001100001010110111111100101111100100100101001000101100101111111010100101101000011101111011011100001101101101100111
01011001111010110110111011000010011110010001011101111011110011011110101011001110011001111110001111010011110011101010101100101110
00100100110111001101101111011100101111010100110110100000111111111110111010010110110101110000101110111100001111011000011101110110
11001011101100110100101111111011010110001100011100101111010010111001110110110100111111110111001100111100111100101101110111100011
01100001011000110011000100111011011010101110110101000110111010000010101000110001010101111010110011101101111001000110001011011101
01100101110101010010010000101000101111110010001000000100111111110011111010111110011000011101001111001011111100010101111110001111
11110011111011110100110000101001100001110101101101101111101001011001101110011111000100011111011010011000011011001110001000100100
01110001100101111101000001100011011000111111000100010000001000111111000101000111001111001100011101000110100001010001110100111110
11001110000011011001000100101010111000010110101111001100111011000111101001010110111100000000011011011101110110101110100101110111
01101011000001101110111001001101000010101001010100111010101100111110001011110001111010010000110100010010100001110011010010010011
10111011011010110111001111100010110011010111101000010010101101000101001010000010111100111111011010001110001011000110011011010111
01111000011010101101111111110101100000001010010011110001110001011100011110010011000011101101011101011011000011101101011010010000
11110001011100000001011111001101111101000001100010101010110010110001111110011000101110111111011011010011111011111001011001100010
01011010011011111111100110101011010100100110011001010100000000111101011001001101000100100010000110111101101010111111011101111110
11111001010110011000111111111101111110100100111111110000111110011010100111101111001010101010010110111000101110111010011101101111
10111011110110001110011100001010100010001111111011001111111110000110001100101100000100011010101110110101101111001001001101001111
00011100111110111011011010101011001100010010100110111000010110011011110101110000101101000110001101011101101101101101000000110101
00100111111011001011010001011111101101110011101110111001000111111111011111111100001111011010011001011111101100101001010100000001
00000011101010000101111011011011001001011011001010111001111000101111010011000111010001001101111111110101011110001111101101010010
10110011011110001101111100001000000011001010111111001010111001110110101011111000110001011000011011011001111111111111111111110111
01001110001001111101101011010010011000100111110101011100100001100010001101110011000001111001111001111111111110101111111101111011
01111000011111110110001000010011110000111011001011100110111110011001100110110100100010011101100111101110011100111011011110101111
11001101010011010001010000010010101001110001011101011011111110011110111110100010110001101101011010010110111110000001101011000011
11110101101101110011001011111101111101100001111000001111010010101110110001011111001101001101001001101111000011001101011110100011
10111011110101100010010011111101110001010110110011100001111110110111110101011100001011011001100001110010101111000010101010111011
01101101001100110110011111100110001111010110111111011101110100010000101011100011111101000000010001010011001011101110001110110100
00110100001000101101010110111110101111001111011100011101101011110101111111001000011111110101100111101111001101000001011110001111
11100111010111001100110010111000011110000010000111110011011101111100001111111101110110100010011101111100100101111001100111101101
01011001110011111110000100010001011000111101011111010000011111100000010110101101111110110101101011001101010000111110001101101111
01101010110000111111100110111110101001011101101101110011110111111010100110010110011000110001110110101100000111111101011101111101
11111000011111010011011000011010100110000111000011110100010101110010110010010110101110101010111001101001110110011111100000000011
11010100000101110000111011111110111011110101001010111101011111111111010100101010110101110011110001110101111110110101111010011011
01111101110110010110101101000001101011010011001111100101110101110001111000111110110111111001111110011000100111011110101111101101
00001101010000001110111110001011100000111101010010100010011100100111110111011110101101011110101111111101010001100110111100011101
10000011111011100111001111111010010011010110011110011111111111110011111100101010100101000011110001111010110101001101001010001010
11110011010101100011011111110101111010011101001101111011101111101011010110101011111111010111000111001111101111111011110001100001
01011100100101111110100011100111101011111110001000000110100011000011111111111100111111001101110101000111101100110110101001111001
00101001100010010010000100011111010001111010100011110101001000111100101000000011011101000000011111111110101001010111111011110000
10111010111001110100101011010101011010011111010011011000001111001011111111011111001110100011101010010100101010111101101010000110
11001100011110111010011111111101011001100111000010001110011111000110011011101011010011001001001001000100110111101101000110100010
10101001000001101000110110010111101001001110100010111111101010011000001001001110111100000000111010000011111000001111111100001101
11111110110011000111100110101111010111101111011101011001110100011101000100011100110110110000101001000010010000111001001010101000
11100001000111001011100010011010000111111111101010111011110001110110011110100011000110100111011000011010001011000100011110111010
00110011010101100001011001101110000011101100011001010100111000110110011101001110101101100010000100001111101001000101010111100100
11110000100100110101101110101001110110000111110111010011011100010001101110110111110110111110111111110001101000010110100100100111
01001100110100010011110111010001111000000001011111110000100011100000011010010011001011010010011111000100000111010100000111000101
10100001011001111110111101100010110001100001110111011000111101101110100101001100000010011011000011111010100010011010101001100011
11010001111011101110100101101111111011010101111011011010000111110100101000010110101000001101111001000011111010110111101100110000
10110000110110000110010111111101111000101101101101100010000111011011110111100100111001011111001010001110101011000100101000101100
00101011110000100110000010011110101111100010011111101101011011101111101111110111100011111000000101001110000110010010101010101000
11110110000100100001011010100111100101101010110110111101001101011000101010011110001010110000110000111000011101110001001110011010
