00000010000010010001110010000000100010001111000100101101000110000000100010000010001000000111011001100000001001001000001000100010
00101000010100110110010000000000100000001100101100101010000000010010100000000100100110101000000000100100010010011011010000100000
00000000010000010000010010011000010001000100000010000000010000011010000110000000000000000100001100000100001100100000001000100100
00001000101100000000000000000000100101011000000000000000110000001001000100110100100011000000000000000000100000001101100100011100
00000011100100110101100100100011000000000010100000000111010000000001000000111100100000100100111001101000000010100000000110001010
10010010001100000000100010000110000010000101001000000010000001000000001101101000010000010000000010000000000101000111000000000000
00000000000000000000000000000000000100010000010010000000000001000000110111011100001010000100001010101000101010100000001000110100
01000110000010100100001010100000100000000010101000000011001001100100100101000010000000011001000000000000001000100000100010010101
00010000000000010100011011001010011100101010101000000010000100100010000000000101000101000000010101111011001100011011100010011001
00000000001110000000010000000000100001000000100010000001001000010100001001000010000000101100010001010000000111010000000100010000
10101100110010000010000000010000100100010011000000000000110000011101000000010000010110001000010000100000001000000111100000000000
00000010000001001110000101001101001110000100000001100001000001100100101100110111000001000100010100100111000010011000000000000100
00111100000000101000100011000000100000000110100001000000110000000000010000011000000010010001000001000000000010000100000100000100
00000000000000000000000000000000000001100000000000010010001000000000100000010010110000000000001101000111100010101100000010000000
01010001000100000001000000110000000010000000011001001000000000100000000010010100000100011101000001010000010100110010100000110000
10101000000000000010010000000000000110000000001001101101000100100000110000000000000010100001100000000001001000001100010000000001
00000010001010110011111100000001000010000000000100000100100001010010000010000100100010100010000000001000110101000000100100110010
00010100000000001000010000010000100001000000010000111000000000000101000000000000000000100011101010000000000100001110000110010000
00001001000100000000000000100000110010110100010010000000000000000100001010111100110011000101000000000000110100001001000100000010
00000100000001000111101001010000000000001000100010100000010001001000110000000010001001100001101010010000000000011000011000010001
00000000000000000000000000000000000010000000000000000000001100000000000010010000000000000010001000000010101010000010010000100101
10000000000000000100000000000010100101110001010000001000010000000100000001010000000100000110010000000010110110000010110100001001
00000100010000101001100001001000100100010100000000001001000000000000001000101000000101000000011100110110010101000100001010101000
00001101110000000000100010000000010000000100000001000110000010001000100010000000110000000010000000000000100100000000100100010000
00000000100011001011000011111000100000010010010000000000010001000100111001001010000000000000010000000100010000000011100100011000
10000010010000100010010000000000000000001001100000000000110110001000000100000011101011010100000100001000010000000001000001101000
00000000011001010000000000111110011111101010000001000001010110000100101000100000010000000010100100000001000001001001010100001000
00000000000000000000000000000000100101110000010001000100001111001001001000001000000001011100000100101100000011001100000000000001
00000100100000100000000000000010000101100010000101100100000100000000000000000000010000010001100001001000000010100000000001011110
01001011000100001010000000000001000000000000000001000010001000000001000110010000001101010001001010001001000110100000000100100000
00101000100001110001101000001001010010100010100000000101110000000100000100001100100000010001010000111000100010000011000010001010
10011000010001000000000000100000100000100010001100100000010000010000110010100010000111001000011001101101111101000000100010000000
00001010000010010001000000000010001010000100110000100001000000100000000000000000100100000010000100001000001010010110100100000100
00111100001000111010000000000100000000001000000000000000000000001000101100000000100000100010010000000101000110001000100000000100
00000000000000000000000000000000100010110010000010001000000100000000000000000000010000010000001011001011000001011001001000000001
10010010101100000000010001001000010001100110000000000100110101000011100000111110100001000000100001000000000000000001010100100100
00000000001101000010010100111000000100000001001000000100010000010100000100000100001000001010000010010000000010000010000000100000
00000010100110010000001100100101000101011110000010101010000000000000110000001101000010001101110010000000001100100100011110000000
00000001000001000100000010100101001000011000000011000001100000101001111010000001110000000000000000100010000001010000001010000100
01101000010010001001001101001011000010000000101000101010001001010000010100000000000110001101000100000011000001100001000010000000
10001000100001110000000000010000000000000000000001101110101110010111100000000100011000100110001001100000010000000000100010000100
00000000000000000000000000000000100001001100001000000000010101001000101110000000100100100100100110000001111000000000000000000110
00000000110000101100001001011100110000110100100010100000011101001001000001000001000110000100000010010000111001000000000000000100
00000011001111001001001101001000011101010000001011100001001100100000000000011000010000001010000000011000101000000000000001000001
01000010000010000100000110110111000001000000000000000001010000000011000011010110010000000101010010000110010000000000000000010000
00000000100001011010000100000100100101110001000000000110000111001010000000000011010100000100101011001010000010000000000000010001
01000000000000010100001001000001100010000001000000000100100010000010100000010011010100100000000000101100001100000010000100000010
10000010100011110101100000010100100101100100110100000100001000000000000001000000010010110000001000000000011000010100000011000000
00000000000000000000000000000000000101000000000100000100000011000100101000001100010000000000000110000000000100000000100001100100
00100000000000000101110000000000000010000000000010000001001000010000000000000100101000100100000100000000000100001000001000000011
10110100000100000000110000100000000001001110000001000000000010000010100001010100110101001000000000000010000001100100000000100000
01001001000001010010101100100000000001010011101000010100001001001000101000000010001010001010011001000010001001000001000100001001
10000100000011101010001100101001000000001010010000001000000011100010110000000011000000010001001010000010001011100010000000100100
00100011100001001000000001010000000100000001100100000111000010100000100001001010000000010100000000100000101001010010000000001000
00010000100000000100000010001001011010011010011000100100001000001010100011000010000001010010110100001010100100010010001001101000
00000000000000000000000000000000000000110000110000101001000000010110000100000011000000001001100100000101100000100000001100000010
00000010000011011001001000000000000000000000000000000000001110000001000000010101000000001010011001010000101000000101000100000000
11000000010000011001100100011000000101000000000100100010001010000000000100110000010011100011000101010100011000100000101000000000
01010000000000110000000000000000001000101011100100011000000010010000010000000000001001001011000100100000000001100010000000000000
00110010000100000000100011100001000110010010110101000001001100000000001000001000000101100010001100000011001100001010010010110011
10110000010001111100000000100011000010110101000000001001010000010100101000010100010001000000000000100000010010000000000000000000
10000001010010000010011000010000010000000010000011010110010001000010001010000010001100100111010010000000010000001100100100000000
00000000000000000000000000000000000000000000100000100010001000010010001000010101000001101100101000110000100000111000101100010100
00100000010000000000000010010000110000000000000010101000100000000000000100010000000000000101000001010010000011100100000010100000
00000101011100010001000000000110100100100000010010001100000100000000000010000000010010001101100001001000000001001001100001010010
00001001001010000100000010000000010001000000000000000010000000000001001101010100000000010100010000010000110000110000000000110100
00100110000100000001100010000000000100000010000000000000010010100000010101000000000001000000001001000000000000000000000100010010
00000010000010000101110001000001100001101001100001011000100000000000000110000000101110100000000100101000000000000000000001010110
11100000000000100001000010010011011000000001000100100010101000000100110011000000100011100000100000000010000001000010010100000011
00000000000000000000000000000000100101000100100000100010001000001000000110000000110001001000000000001000101010000010001001010000
00111000000000010000010010000000000000100000100010100000000010000000000000010000100000001100100000001000001110010100010000001000
10110010100110000001100000000000000000100001010001000001110010010000000010000010000100000000000010000000000000100111000000000110
00100010000100101001100100000100000000010100000010010001100001001011010000000000010000101000000110001011000000000000000100011000
01000000100100000100000000000010001000000000000000001000000001010000000001000010001100000011001101001100100000000000010000010110
10000000010010000100010000011010010001110000000000001000000000010001100000001011100100101000100011000000010000011011010000001000
00011000111000010100010010000000100000100100010001000000100110000100001010100000000110000001101010100000010000001111011000000000
00000000000000000000000000000000110000000100000011000010010101000110000000100000111010100001010100000001100000000000100100010001
10100101101101011010011010001010000101000011011101001100000100000010000000000000000000000111000001000011111100000000010010010000
01011000000110010110000100000111010000011010000000000000001110000101101000100110101000000110100010001000010010000100000011000001
00100000111000000000010100111000000000010110001010000010011001000111000000000100000100000010000000010001110010000001000000101000
10010110110010000001000100000001000110000011001000000000000100001000010010000000000000010100000010001010000001100000100100000000
00001100000100010010000001010000000000110100000000001000100000100110010100100000100010000000101000000101101001000000000000001000
00000010000010011000010100000000010000100100010000010001000000000001000000001010110111010000000000001100001100010100100000001000
00000000000000000000000000000000000001000000001000000010001011000000000010000001000011110000010000010000011110000010011010000000
00101110001110000000101001100100000000010100100000100010101100010001000010000110000000101101000000000101001000000000000001101010
01110001010000000111100010000000000000001000100011001010100100000000000000000100000010000000000100000100000000001000010100000100
00101000000000000000000010010010001010001010100001000010000101010101000101010000101010000001000001101010000011100001000101100001
00010001010000001000010010011101000100000000000111011010000001001001001010100000011011000101000000000000100010000011011010010010
00001000100010010001000110001010101100000000000000100000010100000111001000100000100100000001100000100010100000000111101001100100
01000000101100000000000000010000000000000000011001000000000001100100110000000010110010000110000100000000001100011000001000000001
00000000000000000000000000000000011100000010101000001001000001010001000010100000101001001110000000000000010000000000001100000100
00011100001101000000110110010000100110001010010110000101000100000000001111000000001100010000101010000011000110110000100000000000
00100000010000001100000000000100000001000100001011000001010011010011010100101010000001000100100010001110000000011110000001010100
10111000111100000010000000001000000110000001010010010001101000000001001110000000010010011000010000000001110000001000000010010000
01011000000000010100000001001110000010000000001000001001101010000010100001110000101010001011010010000101010100000000000000000000
10011110000000000000000100001000010000000011011010010100010010101000000010000000101100000001000110000000000111100000100011011000
00000000010001100000000000100000011000100100011101000000001000001000101100001000111011110000010100001110000000000000110000101000
00000000000000000000000000000000000000010110000100100100000100000000001010000101010010010000001001000000000010001000000010111011
00011010100101001101010000011110000001000000001001010010000010101000000000011000011100100000000010010100101010010100000100011100
00010101000011010000000010001011100001000100010000100100010001000001000100011000001000001000000000110000000000000000000010010000
00010010000010001111001011100000101110110000000010110001010110000000010000011000010000110011110001010000110001001000010000000010
00001000110000000011110100000000000100001000001000000100100001011100010000000100110010000000000000000100000100001000010000011010
00100000000000000000000000100000100000000000100000010100000000010100101000101100100000010000000010010011000100000000010000111010
00010000010110000001001100000000011010000001001100000110101001001001100000000110110100000001000000001100000000111100000010010001
00000000000000000000000000000000001000000000000001010000000000000010000000010011100010000000011010000010010001000000100001110100
01000101100001001010000010100000101010010100000000010010000000001000000110000010100000000010000001000010100101101000110000101110
00100100010000100000100110110010000010110000100100000000010000010101000000000010100000000001110001110100000111000110000000001010
10011001000010100011011001000100000000100001000001000000000110001000011010001000000011000101000100101100110000000010000000101010
00000100101000001010100000100010010100000100100011000000000001000001000010000000010100101000101101100000010001100001001001000001
01100010100000110010000000010001100001000000101010100100010100111100000000100100000001000000100000000000000110001000100101000000
00010010000000010000000001100010001001010001000000010110110000001010000010100010011000100100100100000001000100010011000001011100
00000000000000000000000000000000001000010010000100000100110001010010000010010100010000001000100010000100000000101010000000010110
00000100000000010011001000001100000001010100000000001000000010110000010000000000101000001100010010110110100010000001001111000000
00000000000001001010000001100010100001001100100000100001100000000010010000000010000101000110111001010101101010110010000000100100
00000000000000010001000010000101000101100000010001100001100000010000001101010111010000000000000110000000000000000010010011000000
00000000101001000001001000000110100000001000100000001000110011000000000101001010000000001010010000000000001000010100000110000010
00001000100001000000000011000010100000000010000000010010001010000010000001111100000000101000001011000000011000100100101000000101
10100001001001000110100011001010000000000100010000000001000010000011011001001101000100000001011000000000100100000000001010000000
00000000000000000000000000000000000011000001010010110000100000001010000001100000010100000001100111000001000000000110100100000110
00101100100000000000000110011000100000010000110000100000000010000010100101000011111100110000010100000010000100100011000010010000
10000000110000001000100000010000100100000110100000100100000000001000100010001101000000000100011000001010001000000000000100000000
00000000001010010111111001000010000000000001000000010100100000010000111100010100000000001010000000000100000001100000010010010100
00001011101000000000010000000010010001000010000001100000100000000000100010000100100101000000000010000111011001001011010010001000
00100000000001000100001010000000010010000000001000100000100000100000010000101001100000000100000110010000010100000001000000000100
00110000001110110000000000001000000011101000000011000100000100100000011000011000000010000000000001100110010000110000000010000000
00000000000000000000000000000000111011001001000000010010010010100000100001000100100100110010000000100100000000001100000000000010
00110000111000010100101000100000001000011001010001000010110000001000111000110010000000011001100100000000000001000000000010100110
00100000111000101000010010000000100000000000001100000110001000000000000100001000100000000101001101001000001110100001000100010110
00000000100001000000000001010000110100000010000000110001001000001100000100001000000000000001000010000010101000000000000000000000
10000010000000101000011010000010001110100000110000000001010010011001000000010010010000000000000000010000000001001001011101100000
00000010000000001000100110110001001001000101000001000000110000010100000000000010001010010010100011100000000000010001011000000100
00001000000001000001000001000000000000000001001100010000001001001001000001000000001011100000100000010110101100000100000001000100
00000000000000000000000000000000000010010010010000101000000110010100001000110110010000000000000000000100000000010010010100000001
00010101101010011000100001100000000100010000000000100100010000000000100000100001000000001000010000100000000001011011111100001101
00000110000110010001000000000110001010000001001000011000011010001101000010000000010000000000000000000000000101000011000000100010
00000100001011100000100000000001010001100000101000010000111101000000001010001000000000000001000010000001000000000000000010001111
01001000000100011000000010110010100000001000001010000000000000000000001101100010101000000001000000010010001001100011000110001001
00110000010101000001001101101111001000110000010010110100101100010101010000000010000010011000010101010000100000010100001100000000
00000000010000001001000010100100000000001010000001100100001000000100000000010101000001001010001100000010000000001101000010111100
00000000000000000000000000000000001000001000100100100000110101101000000001000000101000000000100010000000000001000000010010100001
00000100001100100000000001000000000000000001000110100010000010000000000101100001000110100010100100000000010000010000100000000000
10010000001010001000111010110000001001100001000000010011100101000000000010100100000000100000100000100011000000010100000000010100
01000000000101100101000110000000011000000010000010001001000100000001000101001100000100110000000000101000001001000010101010010000
10001001000010100100000000000100100100010010110000100000000000001000000001010000000000000000010001010110000010000000010111000000
00011000000100010000100011000010000010000000000000000000100001100100100000000101100000000011001000010000000000000111110000000000
10000000000000000001000010011001000000001000011000001011000101011000001000000000010100001000100001000000000000010000001000010000
00000000000000000000000000000000000001100000001010001000000010010001001100010010010000000001001110000010100100000101011000100010
00000000000000001000001010000110000010000100010001000100011000000000100010000000110110100010000000000010000001000010110000101000
01100110010100000000011010101000010110000000011101011100101000000000000000010100000010011010000001111010001100000000001001000000
00000000001000000010000101001000000100001001010000100000000010000101100101000000000100000001000000111000010000010001000110100100
00000101010000100010100010000110100000000001000100101100100010000100000000001000001000010000001010100000010010100000000110001010
00000000101010000110001011000000001101000010001001100001000000010000000000101010100000000000000001000001001000001000110011110101
00000110000010000010000000010000000000101100000100001100010110000110101100000100001010000001010101000101010000000010000000000101
00000000000000000000000000000000011010010000100001000010010001011100000101000000110100110000001010100000000001001100100000001100
00000010101001001001100010000001001000000000000001000000000001010101001000001000001000100000101000000000100010100011000001000100
10100010000001000001110011001010000100100101001100000000000111000010000011010000100010000110010011000000001110000010010001010000
00011001000010000010110100010000110000000001101011100100010000010100000100110000000100100000010110100100001001110000011101000000
01100010100000000000100110000000100000001100100001110000000000110000100011100100010011010100101000001101101100000001010100000000
10100000010100000000001000000001000000000100011100001000010000001000000000000101000010110000000100000011000010110100001100000001
01000000001001001100000010101100000010000100101000000000000001100000001001010000010100001011001100000000000100011110011011110010
00000000000000000000000000000000010000101000100000010111011000001000001010000001010000000000100001001000101000000011011100010000
00011001001101000000101000010010000010010100001101001000000001010100000011010010011001001100010011100100000000101001000010001100
00011100000000010100011110000010001010001000110100010000000101100010100101111010001000110000010000001001000010000110010011100000
00001010010000000100110011100000000010010010001110000100000100010011000000100101000001010000110000110000001000010000000110001000
10000001101001101100001101011001001010100000000100001101011101100101100100011001000001010001000110100000010000000100100000000110
10110001101000010110000001001100000011000010000010010000100001000101110001000101101100011000000000000001000000000010111101101100
00010010000100101000000010000100110100100110001100000000010001000001100010100001111000001101000101001100100011010010100010000000
00000000000000000000000000000000000100000000110000001100010100001000001101011000001001000100010010000101000101010000101000010011
00001000100000111100000000000011001011001110000100000000100100010000000000000000000101100000000001000000000000111010000001010110
11000010000001000000000101010100100000000000000000000000000001000010000101001011000000001001001000001000000000000001100000101000
00010010101000101000010000011010000101000010000000000000100000000100010011100100000011110100000011000000000001000110000100010101
00000011000100000010011010101111000100001000001001000000000010000000001000100100100011000000000001000100000001000000111000010001
10000010010100000101010100001011001000000000001001000000101001101001000001001001100100110100010100010100000111000110000110000011
00000010100100111100000000010000011000110000100101010000001010100000000000000000000000001000100000000100100010010010000000010000
00000000000000000000000000000000100101000110100000000011000110000000000100011001000010000010101000000000100010010000110000000100
01101001000001011000000000000000100000000000100000101100000010000000000000000100000001000000010010000000111000100010001001010001
00000000000001111001010000100000000000110000010100000100111001000000000110101001000000000100000000011001010000000000100000000001
10000000000000110001000100000000000000011100000000010100000000010100000000010001000110000000110001001000100001100000100010000100
10001100100100001100000001100000011000000100001000000000100011000000000000010000000100010000100001000000001001000001000011001000
00100101000100100000010001000000000000101100000000110010000000000000010000000000001110010000000100100000000000001000010001000001
00000001000010010010100010000010000000000000000000100100000000000001000001000010000000000010000010000011000000000001001000100000
00000000000000000000000000000000010011001000001011000000000101000000100000000000100101001100000000000101001010101001000000000000
00010110010001001000100001010000000000010001000000010100100000001000001000100010000111000111000110000101010000000010000000100000
00000000000011000111100100000000000000000000000101000000000011001000011101000000010010001000100010100011100010001000100011100000
00000000000000010001000101101010011000101001001000010001000100100000100100000000000000001000000100001000010000110010100001100001
00010000110110100000011000000111101010000001000000111000111100011110001000100000000000010000101010011010000110100000000000101000
00000000001000010001010000101000111000010000000000011000100011000000010001000000100000001000000010001000000000010000100000011000
00000100000011010000000000000000000100010100001000000000110100001110000010000000000000001100010010011000000011010001000000010100
00000000000000000000000000000000010000001000011100100000000010001000000100001000100110000000010101001010000000001001001000001101
00000010000110101000000001010001101010000110001010100010000000010000100010000100010100100100010100110001000110000000000010000100
01000000110010100000000000100010001001010000000101011000000000011100000111000001010000100001100010000100000111100010000100000110
10010010110000010101000000010110000000011010010000100100000000100010000100010111001101010101000001001101000010001011000000010000
01001000000101000000000100110000100000000011100100010000000001000000000100100001001000000000100101001001000001000010110100001101
00001000010000000000000000000000011100110000000011000000001001000101100001000000000000000010001110000100110000100101000000001100
10010101100110000010001001000001111000001000010010001100010100011001011000000100010000000100100000100101000001000010111000110000
00000000000000000000000000000000000100110000110000110000001011010010000001000000000110000010010001000011000100011000000000000010
00000100011110000000101100010001000100000110001001100100000101000100000100000000000100000001000000000000100000001010001001000010
01010010000000000010000000000011000001000000001000000000001110000000011000000000110000011000011101000100000100100010001010000010
00010110011000000000011100000101000001000010001100010010001000001001001001001111100000100001001000000110011110000000001100100000
00010100010000100100010000101100001010000011010100001001100000000000000001000000101000011001100010110000100100010001000110000000
00011101000001100000101010101011010100100010000000101000110101000100000000000000000010100000100000000010000000000100000001000010
10000001001100001000001000010000000011000000100000000000000000000000000001101001000000000000100000000100000010000000010001100010
00000000000000000000000000000000000100010100010001100001100000001001010000000000001000000000000011000100001111000000100010000000
00000000011011110000101010100101000100000100011000101000100010100010010011110000000000000100001100000100000001111100000000001010
11001000100000000101100110101000011001000110100000001011010100000000001000111111100000000001001000110000010000000110000000010010
00011000011000000000001000001100011011000110000000000001010110000010000100010100000000010000010000000000000100100100101000010001
00001001000011001000001001000000000110000010110010000000001101000011001000000100010011101011000000011000110000101000000100010001
00011001010100000101001100100100010000100000101010101100100100000010000010101000010000000010000000001101010100010100000001010000
10010001000100000001010001000000111010010110000000010011000010010100000001111000000000100001000000010010001001001100101000000100
00000000000000000000000000000000100001011010000010011000100000111100110001000010101100100010000001111101001000000110100000001101
01011100100001001000000001100010100001100100010000001100101000001000101000110010100100000011010001010000000010100000000010000101
01000101000000001110001001000000100000110100000000000100010000000000000111101000100101000000101001000001111010001000011001000100
00000000010010000100000000100000000100000000000100001100100000010000100001000000010000001010001011000001100100000101100101010000
00011000100000100010010011100000100000000000000001000011010000000001101000000000000000011000110000000000000000000100101000101010
01100100001000000001000010000100000001100000000000001001010100000011001000000000000000000101011100001000101101010001000100000000
00100000100010000000100001011000000000000000001100000000000000001011000000000100111000000100001000100001001100000010100000100001
00000000000000000000000000000000001001000000100000000110000000010000001011100000010001011000000000000000111000000000001010000010
10100000100100000100000110000000011010000000010100010101001000110000100001000000100101000000100010011100000111100100110000000010
00000010000101000100000011000100100100000000100000010010011101000011001011000001001001010111000001000000100010000000100000000001
10100111000100101000001001010001101010100000100000001000010000010000000000100010000110000101000101100100000001011000000000000000
00100000010100010000000000000000001010100100000111000010010001010000010100000000011010000000001101000000000110100000101010000110
11010000100100111101011010011101001000100110101100000101000010010000000000101001001000000110000110000000000100000110000100000000
00110100011000001000100010001000000100010110001010000110000000000001000000100100100001001010000000000000000010000010101010000000
00000000000000000000000000000000100000001010000000000010100110001010000101000100000010000000000000000110000010000010111001010110
00000000000000000000000000000000000000000000000000000000000000000000000000000000000000000000000000000000000000000000000000000000
00000000000000000000000000000000000000000000000000000000000000000000000000000000000000000000000000000000000000000000000000000000
00000000000000000000000000000000000000000000000000000000000000000000000000000000000000000000000000000000000000000000000000000000
00000000000000000000000000000000000000000000000000000000000000000000000000000000000000000000000000000000000000000000000000000000
00000000000000000000000000000000000000000000000000000000000000000000000000000000000000000000000000000000000000000000000000000000
00000000000000000000000000000000000000000000000000000000000000000000000000000000000000000000000000000000000000000000000000000000
00000000000000000000000000000000000000000000000000000000000000000000000000000000000000000000000000000000000000000000000000000000
00000000000000000000000000000000000000000000000000000000000000000000000000000000000000000000000000000000000000000000000000000000
00000000000000000000000000000000000000000000000000000000000000000000000000000000000000000000000000000000000000000000000000000000
00000000000000000000000000000000000000000000000000000000000000000000000000000000000000000000000000000000000000000000000000000000
00000000000000000000000000000000000000000000000000000000000000000000000000000000000000000000000000000000000000000000000000000000
00000000000000000000000000000000000000000000000000000000000000000000000000000000000000000000000000000000000000000000000000000000
00000000000000000000000000000000000000000000000000000000000000000000000000000000000000000000000000000000000000000000000000000000
00000000000000000000000000000000000000000000000000000000000000000000000000000000000000000000000000000000000000000000000000000000
00000000000000000000000000000000000000000000000000000000000000000000000000000000000000000000000000000000000000000000000000000000
00000000000000000000000000000000000000000000000000000000000000000000000000000000000000000000000000000000000000000000000000000000
00000000000000000000000000000000000000000000000000000000000000000000000000000000000000000000000000000000000000000000000000000000
00000000000000000000000000000000000000000000000000000000000000000000000000000000000000000000000000000000000000000000000000000000
00000000000000000000000000000000000000000000000000000000000000000000000000000000000000000000000000000000000000000000000000000000
00000000000000000000000000000000000000000000000000000000000000000000000000000000000000000000000000000000000000000000000000000000
00000000000000000000000000000000000000000000000000000000000000000000000000000000000000000000000000000000000000000000000000000000
00000000000000000000000000000000000000000000000000000000000000000000000000000000000000000000000000000000000000000000000000000000
00000000000000000000000000000000000000000000000000000000000000000000000000000000000000000000000000000000000000000000000000000000
00000000000000000000000000000000000000000000000000000000000000000000000000000000000000000000000000000000000000000000000000000000
00000000000000000000000000000000000000000000000000000000000000000000000000000000000000000000000000000000000000000000000000000000
00000000000000000000000000000000000000000000000000000000000000000000000000000000000000000000000000000000000000000000000000000000
00000000000000000000000000000000000000000000000000000000000000000000000000000000000000000000000000000000000000000000000000000000
00000000000000000000000000000000000000000000000000000000000000000000000000000000000000000000000000000000000000000000000000000000
00000000000000000000000000000000000000000000000000000000000000000000000000000000000000000000000000000000000000000000000000000000
00000000000000000000000000000000000000000000000000000000000000000000000000000000000000000000000000000000000000000000000000000000
00000000000000000000000000000000000000000000000000000000000000000000000000000000000000000000000000000000000000000000000000000000
00000000000000000000000000000000000000000000000000000000000000000000000000000000000000000000000000000000000000000000000000000000
00000000000000000000000000000000000000000000000000000000000000000000000000000000000000000000000000000000000000000000000000000000
00000000000000000000000000000000000000000000000000000000000000000000000000000000000000000000000000000000000000000000000000000000
00000000000000000000000000000000000000000000000000000000000000000000000000000000000000000000000000000000000000000000000000000000
00000000000000000000000000000000000000000000000000000000000000000000000000000000000000000000000000000000000000000000000000000000
00000000000000000000000000000000000000000000000000000000000000000000000000000000000000000000000000000000000000000000000000000000
00000000000000000000000000000000000000000000000000000000000000000000000000000000000000000000000000000000000000000000000000000000
00000000000000000000000000000000000000000000000000000000000000000000000000000000000000000000000000000000000000000000000000000000
00000000000000000000000000000000000000000000000000000000000000000000000000000000000000000000000000000000000000000000000000000000
00000000000000000000000000000000000000000000000000000000000000000000000000000000000000000000000000000000000000000000000000000000
00000000000000000000000000000000000000000000000000000000000000000000000000000000000000000000000000000000000000000000000000000000
00000000000000000000000000000000000000000000000000000000000000000000000000000000000000000000000000000000000000000000000000000000
00000000000000000000000000000000000000000000000000000000000000000000000000000000000000000000000000000000000000000000000000000000
00000000000000000000000000000000000000000000000000000000000000000000000000000000000000000000000000000000000000000000000000000000
00000000000000000000000000000000000000000000000000000000000000000000000000000000000000000000000000000000000000000000000000000000
00000000000000000000000000000000000000000000000000000000000000000000000000000000000000000000000000000000000000000000000000000000
00000000000000000000000000000000000000000000000000000000000000000000000000000000000000000000000000000000000000000000000000000000
00000000000000000000000000000000000000000000000000000000000000000000000000000000000000000000000000000000000000000000000000000000
00000000000000000000000000000000000000000000000000000000000000000000000000000000000000000000000000000000000000000000000000000000
00000000000000000000000000000000000000000000000000000000000000000000000000000000000000000000000000000000000000000000000000000000
00000000000000000000000000000000000000000000000000000000000000000000000000000000000000000000000000000000000000000000000000000000
00000000000000000000000000000000000000000000000000000000000000000000000000000000000000000000000000000000000000000000000000000000
00000000000000000000000000000000000000000000000000000000000000000000000000000000000000000000000000000000000000000000000000000000
00000000000000000000000000000000000000000000000000000000000000000000000000000000000000000000000000000000000000000000000000000000
00000000000000000000000000000000000000000000000000000000000000000000000000000000000000000000000000000000000000000000000000000000
00000000000000000000000000000000000000000000000000000000000000000000000000000000000000000000000000000000000000000000000000000000
00000000000000000000000000000000000000000000000000000000000000000000000000000000000000000000000000000000000000000000000000000000
00000000000000000000000000000000000000000000000000000000000000000000000000000000000000000000000000000000000000000000000000000000
00000000000000000000000000000000000000000000000000000000000000000000000000000000000000000000000000000000000000000000000000000000
00000000000000000000000000000000000000000000000000000000000000000000000000000000000000000000000000000000000000000000000000000000
00000000000000000000000000000000000000000000000000000000000000000000000000000000000000000000000000000000000000000000000000000000
00000000000000000000000000000000000000000000000000000000000000000000000000000000000000000000000000000000000000000000000000000000
00000000000000000000000000000000000000000000000000000000000000000000000000000000000000000000000000000000000000000000000000000000
00000000000000000000000000000000000000000000000000000000000000000000000000000000000000000000000000000000000000000000000000000000
00000000000000000000000000000000000000000000000000000000000000000000000000000000000000000000000000000000000000000000000000000000
00000000000000000000000000000000000000000000000000000000000000000000000000000000000000000000000000000000000000000000000000000000
00000000000000000000000000000000000000000000000000000000000000000000000000000000000000000000000000000000000000000000000000000000
00000000000000000000000000000000000000000000000000000000000000000000000000000000000000000000000000000000000000000000000000000000
00000000000000000000000000000000000000000000000000000000000000000000000000000000000000000000000000000000000000000000000000000000
00000000000000000000000000000000000000000000000000000000000000000000000000000000000000000000000000000000000000000000000000000000
00000000000000000000000000000000000000000000000000000000000000000000000000000000000000000000000000000000000000000000000000000000
00000000000000000000000000000000000000000000000000000000000000000000000000000000000000000000000000000000000000000000000000000000
00000000000000000000000000000000000000000000000000000000000000000000000000000000000000000000000000000000000000000000000000000000
00000000000000000000000000000000000000000000000000000000000000000000000000000000000000000000000000000000000000000000000000000000
00000000000000000000000000000000000000000000000000000000000000000000000000000000000000000000000000000000000000000000000000000000
00000000000000000000000000000000000000000000000000000000000000000000000000000000000000000000000000000000000000000000000000000000
00000000000000000000000000000000000000000000000000000000000000000000000000000000000000000000000000000000000000000000000000000000
00000000000000000000000000000000000000000000000000000000000000000000000000000000000000000000000000000000000000000000000000000000
00000000000000000000000000000000000000000000000000000000000000000000000000000000000000000000000000000000000000000000000000000000
00000000000000000000000000000000000000000000000000000000000000000000000000000000000000000000000000000000000000000000000000000000
00000000000000000000000000000000000000000000000000000000000000000000000000000000000000000000000000000000000000000000000000000000
00000000000000000000000000000000000000000000000000000000000000000000000000000000000000000000000000000000000000000000000000000000
00000000000000000000000000000000000000000000000000000000000000000000000000000000000000000000000000000000000000000000000000000000
00000000000000000000000000000000000000000000000000000000000000000000000000000000000000000000000000000000000000000000000000000000
00000000000000000000000000000000000000000000000000000000000000000000000000000000000000000000000000000000000000000000000000000000
00000000000000000000000000000000000000000000000000000000000000000000000000000000000000000000000000000000000000000000000000000000
00000000000000000000000000000000000000000000000000000000000000000000000000000000000000000000000000000000000000000000000000000000
00000000000000000000000000000000000000000000000000000000000000000000000000000000000000000000000000000000000000000000000000000000
00000000000000000000000000000000000000000000000000000000000000000000000000000000000000000000000000000000000000000000000000000000
00000000000000000000000000000000000000000000000000000000000000000000000000000000000000000000000000000000000000000000000000000000
00000000000000000000000000000000000000000000000000000000000000000000000000000000000000000000000000000000000000000000000000000000
00000000000000000000000000000000000000000000000000000000000000000000000000000000000000000000000000000000000000000000000000000000
00000000000000000000000000000000000000000000000000000000000000000000000000000000000000000000000000000000000000000000000000000000
00000000000000000000000000000000000000000000000000000000000000000000000000000000000000000000000000000000000000000000000000000000
00000000000000000000000000000000000000000000000000000000000000000000000000000000000000000000000000000000000000000000000000000000
00000000000000000000000000000000000000000000000000000000000000000000000000000000000000000000000000000000000000000000000000000000
00000000000000000000000000000000000000000000000000000000000000000000000000000000000000000000000000000000000000000000000000000000
00000000000000000000000000000000000000000000000000000000000000000000000000000000000000000000000000000000000000000000000000000000
00000000000000000000000000000000000000000000000000000000000000000000000000000000000000000000000000000000000000000000000000000000
00000000000000000000000000000000000000000000000000000000000000000000000000000000000000000000000000000000000000000000000000000000
00000000000000000000000000000000000000000000000000000000000000000000000000000000000000000000000000000000000000000000000000000000
00000000000000000000000000000000000000000000000000000000000000000000000000000000000000000000000000000000000000000000000000000000
00000000000000000000000000000000000000000000000000000000000000000000000000000000000000000000000000000000000000000000000000000000
00000000000000000000000000000000000000000000000000000000000000000000000000000000000000000000000000000000000000000000000000000000
00000000000000000000000000000000000000000000000000000000000000000000000000000000000000000000000000000000000000000000000000000000
00000000000000000000000000000000000000000000000000000000000000000000000000000000000000000000000000000000000000000000000000000000
00000000000000000000000000000000000000000000000000000000000000000000000000000000000000000000000000000000000000000000000000000000
00000000000000000000000000000000000000000000000000000000000000000000000000000000000000000000000000000000000000000000000000000000
00000000000000000000000000000000000000000000000000000000000000000000000000000000000000000000000000000000000000000000000000000000
00000000000000000000000000000000000000000000000000000000000000000000000000000000000000000000000000000000000000000000000000000000
00000000000000000000000000000000000000000000000000000000000000000000000000000000000000000000000000000000000000000000000000000000
00000000000000000000000000000000000000000000000000000000000000000000000000000000000000000000000000000000000000000000000000000000
00000000000000000000000000000000000000000000000000000000000000000000000000000000000000000000000000000000000000000000000000000000
00000000000000000000000000000000000000000000000000000000000000000000000000000000000000000000000000000000000000000000000000000000
00000000000000000000000000000000000000000000000000000000000000000000000000000000000000000000000000000000000000000000000000000000
00000000000000000000000000000000000000000000000000000000000000000000000000000000000000000000000000000000000000000000000000000000
00000000000000000000000000000000000000000000000000000000000000000000000000000000000000000000000000000000000000000000000000000000
00000000000000000000000000000000000000000000000000000000000000000000000000000000000000000000000000000000000000000000000000000000
00000000000000000000000000000000000000000000000000000000000000000000000000000000000000000000000000000000000000000000000000000000
00000000000000000000000000000000000000000000000000000000000000000000000000000000000000000000000000000000000000000000000000000000
00000000000000000000000000000000000000000000000000000000000000000000000000000000000000000000000000000000000000000000000000000000
00000000000000000000000000000000000000000000000000000000000000000000000000000000000000000000000000000000000000000000000000000000
00000000000000000000000000000000000000000000000000000000000000000000000000000000000000000000000000000000000000000000000000000000
00000000000000000000000000000000000000000000000000000000000000000000000000000000000000000000000000000000000000000000000000000000
00000000000000000000000000000000000000000000000000000000000000000000000000000000000000000000000000000000000000000000000000000000
00000000000000000000000000000000000000000000000000000000000000000000000000000000000000000000000000000000000000000000000000000000
00000000000000000000000000000000000000000000000000000000000000000000000000000000000000000000000000000000000000000000000000000000
00000000000000000000000000000000000000000000000000000000000000000000000000000000000000000000000000000000000000000000000000000000
00000000000000000000000000000000000000000000000000000000000000000000000000000000000000000000000000000000000000000000000000000000
00000000000000000000000000000000000000000000000000000000000000000000000000000000000000000000000000000000000000000000000000000000
00000000000000000000000000000000000000000000000000000000000000000000000000000000000000000000000000000000000000000000000000000000
00000000000000000000000000000000000000000000000000000000000000000000000000000000000000000000000000000000000000000000000000000000
00000000000000000000000000000000000000000000000000000000000000000000000000000000000000000000000000000000000000000000000000000000
00000000000000000000000000000000000000000000000000000000000000000000000000000000000000000000000000000000000000000000000000000000
00000000000000000000000000000000000000000000000000000000000000000000000000000000000000000000000000000000000000000000000000000000
00000000000000000000000000000000000000000000000000000000000000000000000000000000000000000000000000000000000000000000000000000000
00000000000000000000000000000000000000000000000000000000000000000000000000000000000000000000000000000000000000000000000000000000
00000000000000000000000000000000000000000000000000000000000000000000000000000000000000000000000000000000000000000000000000000000
00000000000000000000000000000000000000000000000000000000000000000000000000000000000000000000000000000000000000000000000000000000
00000000000000000000000000000000000000000000000000000000000000000000000000000000000000000000000000000000000000000000000000000000
00000000000000000000000000000000000000000000000000000000000000000000000000000000000000000000000000000000000000000000000000000000
00000000000000000000000000000000000000000000000000000000000000000000000000000000000000000000000000000000000000000000000000000000
00000000000000000000000000000000000000000000000000000000000000000000000000000000000000000000000000000000000000000000000000000000
00000000000000000000000000000000000000000000000000000000000000000000000000000000000000000000000000000000000000000000000000000000
00000000000000000000000000000000000000000000000000000000000000000000000000000000000000000000000000000000000000000000000000000000
00000000000000000000000000000000000000000000000000000000000000000000000000000000000000000000000000000000000000000000000000000000
00000000000000000000000000000000000000000000000000000000000000000000000000000000000000000000000000000000000000000000000000000000
00000000000000000000000000000000000000000000000000000000000000000000000000000000000000000000000000000000000000000000000000000000
00000000000000000000000000000000000000000000000000000000000000000000000000000000000000000000000000000000000000000000000000000000
00000000000000000000000000000000000000000000000000000000000000000000000000000000000000000000000000000000000000000000000000000000
00000000000000000000000000000000000000000000000000000000000000000000000000000000000000000000000000000000000000000000000000000000
00000000000000000000000000000000000000000000000000000000000000000000000000000000000000000000000000000000000000000000000000000000
00000000000000000000000000000000000000000000000000000000000000000000000000000000000000000000000000000000000000000000000000000000
00000000000000000000000000000000000000000000000000000000000000000000000000000000000000000000000000000000000000000000000000000000
00000000000000000000000000000000000000000000000000000000000000000000000000000000000000000000000000000000000000000000000000000000
00000000000000000000000000000000000000000000000000000000000000000000000000000000000000000000000000000000000000000000000000000000
00000000000000000000000000000000000000000000000000000000000000000000000000000000000000000000000000000000000000000000000000000000
00000000000000000000000000000000000000000000000000000000000000000000000000000000000000000000000000000000000000000000000000000000
00000000000000000000000000000000000000000000000000000000000000000000000000000000000000000000000000000000000000000000000000000000
00000000000000000000000000000000000000000000000000000000000000000000000000000000000000000000000000000000000000000000000000000000
00000000000000000000000000000000000000000000000000000000000000000000000000000000000000000000000000000000000000000000000000000000
00000000000000000000000000000000000000000000000000000000000000000000000000000000000000000000000000000000000000000000000000000000
00000000000000000000000000000000000000000000000000000000000000000000000000000000000000000000000000000000000000000000000000000000
00000000000000000000000000000000000000000000000000000000000000000000000000000000000000000000000000000000000000000000000000000000
00000000000000000000000000000000000000000000000000000000000000000000000000000000000000000000000000000000000000000000000000000000
00000000000000000000000000000000000000000000000000000000000000000000000000000000000000000000000000000000000000000000000000000000
00000000000000000000000000000000000000000000000000000000000000000000000000000000000000000000000000000000000000000000000000000000
00000000000000000000000000000000000000000000000000000000000000000000000000000000000000000000000000000000000000000000000000000000
00000000000000000000000000000000000000000000000000000000000000000000000000000000000000000000000000000000000000000000000000000000
00000000000000000000000000000000000000000000000000000000000000000000000000000000000000000000000000000000000000000000000000000000
00000000000000000000000000000000000000000000000000000000000000000000000000000000000000000000000000000000000000000000000000000000
00000000000000000000000000000000000000000000000000000000000000000000000000000000000000000000000000000000000000000000000000000000
00000000000000000000000000000000000000000000000000000000000000000000000000000000000000000000000000000000000000000000000000000000
00000000000000000000000000000000000000000000000000000000000000000000000000000000000000000000000000000000000000000000000000000000
00000000000000000000000000000000000000000000000000000000000000000000000000000000000000000000000000000000000000000000000000000000
00000000000000000000000000000000000000000000000000000000000000000000000000000000000000000000000000000000000000000000000000000000
00000000000000000000000000000000000000000000000000000000000000000000000000000000000000000000000000000000000000000000000000000000
00000000000000000000000000000000000000000000000000000000000000000000000000000000000000000000000000000000000000000000000000000000
00000000000000000000000000000000000000000000000000000000000000000000000000000000000000000000000000000000000000000000000000000000
00000000000000000000000000000000000000000000000000000000000000000000000000000000000000000000000000000000000000000000000000000000
00000000000000000000000000000000000000000000000000000000000000000000000000000000000000000000000000000000000000000000000000000000
00000000000000000000000000000000000000000000000000000000000000000000000000000000000000000000000000000000000000000000000000000000
00000000000000000000000000000000000000000000000000000000000000000000000000000000000000000000000000000000000000000000000000000000
00000000000000000000000000000000000000000000000000000000000000000000000000000000000000000000000000000000000000000000000000000000
00000000000000000000000000000000000000000000000000000000000000000000000000000000000000000000000000000000000000000000000000000000
00000000000000000000000000000000000000000000000000000000000000000000000000000000000000000000000000000000000000000000000000000000
00000000000000000000000000000000000000000000000000000000000000000000000000000000000000000000000000000000000000000000000000000000
00000000000000000000000000000000000000000000000000000000000000000000000000000000000000000000000000000000000000000000000000000000
00000000000000000000000000000000000000000000000000000000000000000000000000000000000000000000000000000000000000000000000000000000
00000000000000000000000000000000000000000000000000000000000000000000000000000000000000000000000000000000000000000000000000000000
00000000000000000000000000000000000000000000000000000000000000000000000000000000000000000000000000000000000000000000000000000000
00000000000000000000000000000000000000000000000000000000000000000000000000000000000000000000000000000000000000000000000000000000
00000000000000000000000000000000000000000000000000000000000000000000000000000000000000000000000000000000000000000000000000000000
00000000000000000000000000000000000000000000000000000000000000000000000000000000000000000000000000000000000000000000000000000000
00000000000000000000000000000000000000000000000000000000000000000000000000000000000000000000000000000000000000000000000000000000
00000000000000000000000000000000000000000000000000000000000000000000000000000000000000000000000000000000000000000000000000000000
00000000000000000000000000000000000000000000000000000000000000000000000000000000000000000000000000000000000000000000000000000000
00000000000000000000000000000000000000000000000000000000000000000000000000000000000000000000000000000000000000000000000000000000
00000000000000000000000000000000000000000000000000000000000000000000000000000000000000000000000000000000000000000000000000000000
00000000000000000000000000000000000000000000000000000000000000000000000000000000000000000000000000000000000000000000000000000000
00000000000000000000000000000000000000000000000000000000000000000000000000000000000000000000000000000000000000000000000000000000
00000000000000000000000000000000000000000000000000000000000000000000000000000000000000000000000000000000000000000000000000000000
00000000000000000000000000000000000000000000000000000000000000000000000000000000000000000000000000000000000000000000000000000000
00000000000000000000000000000000000000000000000000000000000000000000000000000000000000000000000000000000000000000000000000000000
00000000000000000000000000000000000000000000000000000000000000000000000000000000000000000000000000000000000000000000000000000000
00000000000000000000000000000000000000000000000000000000000000000000000000000000000000000000000000000000000000000000000000000000
00000000000000000000000000000000000000000000000000000000000000000000000000000000000000000000000000000000000000000000000000000000
00000000000000000000000000000000000000000000000000000000000000000000000000000000000000000000000000000000000000000000000000000000
00000000000000000000000000000000000000000000000000000000000000000000000000000000000000000000000000000000000000000000000000000000
00000000000000000000000000000000000000000000000000000000000000000000000000000000000000000000000000000000000000000000000000000000
00000000000000000000000000000000000000000000000000000000000000000000000000000000000000000000000000000000000000000000000000000000
00000000000000000000000000000000000000000000000000000000000000000000000000000000000000000000000000000000000000000000000000000000
00000000000000000000000000000000000000000000000000000000000000000000000000000000000000000000000000000000000000000000000000000000
00000000000000000000000000000000000000000000000000000000000000000000000000000000000000000000000000000000000000000000000000000000
00000000000000000000000000000000000000000000000000000000000000000000000000000000000000000000000000000000000000000000000000000000
00000000000000000000000000000000000000000000000000000000000000000000000000000000000000000000000000000000000000000000000000000000
00000000000000000000000000000000000000000000000000000000000000000000000000000000000000000000000000000000000000000000000000000000
00000000000000000000000000000000000000000000000000000000000000000000000000000000000000000000000000000000000000000000000000000000
00000000000000000000000000000000000000000000000000000000000000000000000000000000000000000000000000000000000000000000000000000000
00000000000000000000000000000000000000000000000000000000000000000000000000000000000000000000000000000000000000000000000000000000
00000000000000000000000000000000000000000000000000000000000000000000000000000000000000000000000000000000000000000000000000000000
00000000000000000000000000000000000000000000000000000000000000000000000000000000000000000000000000000000000000000000000000000000
00000000000000000000000000000000000000000000000000000000000000000000000000000000000000000000000000000000000000000000000000000000
00000000000000000000000000000000000000000000000000000000000000000000000000000000000000000000000000000000000000000000000000000000
00000000000000000000000000000000000000000000000000000000000000000000000000000000000000000000000000000000000000000000000000000000
00000000000000000000000000000000000000000000000000000000000000000000000000000000000000000000000000000000000000000000000000000000
00000000000000000000000000000000000000000000000000000000000000000000000000000000000000000000000000000000000000000000000000000000
00000000000000000000000000000000000000000000000000000000000000000000000000000000000000000000000000000000000000000000000000000000
00000000000000000000000000000000000000000000000000000000000000000000000000000000000000000000000000000000000000000000000000000000
00000000000000000000000000000000000000000000000000000000000000000000000000000000000000000000000000000000000000000000000000000000
00000000000000000000000000000000000000000000000000000000000000000000000000000000000000000000000000000000000000000000000000000000
00000000000000000000000000000000000000000000000000000000000000000000000000000000000000000000000000000000000000000000000000000000
00000000000000000000000000000000000000000000000000000000000000000000000000000000000000000000000000000000000000000000000000000000
00000000000000000000000000000000000000000000000000000000000000000000000000000000000000000000000000000000000000000000000000000000
00000000000000000000000000000000000000000000000000000000000000000000000000000000000000000000000000000000000000000000000000000000
00000000000000000000000000000000000000000000000000000000000000000000000000000000000000000000000000000000000000000000000000000000
00000000000000000000000000000000000000000000000000000000000000000000000000000000000000000000000000000000000000000000000000000000
00000000000000000000000000000000000000000000000000000000000000000000000000000000000000000000000000000000000000000000000000000000
00000000000000000000000000000000000000000000000000000000000000000000000000000000000000000000000000000000000000000000000000000000
00000000000000000000000000000000000000000000000000000000000000000000000000000000000000000000000000000000000000000000000000000000
00000000000000000000000000000000000000000000000000000000000000000000000000000000000000000000000000000000000000000000000000000000
00000000000000000000000000000000000000000000000000000000000000000000000000000000000000000000000000000000000000000000000000000000
00000000000000000000000000000000000000000000000000000000000000000000000000000000000000000000000000000000000000000000000000000000
00000000000000000000000000000000000000000000000000000000000000000000000000000000000000000000000000000000000000000000000000000000
00000000000000000000000000000000000000000000000000000000000000000000000000000000000000000000000000000000000000000000000000000000
00000000000000000000000000000000000000000000000000000000000000000000000000000000000000000000000000000000000000000000000000000000
00000000000000000000000000000000000000000000000000000000000000000000000000000000000000000000000000000000000000000000000000000000
00000000000000000000000000000000000000000000000000000000000000000000000000000000000000000000000000000000000000000000000000000000
00000000000000000000000000000000000000000000000000000000000000000000000000000000000000000000000000000000000000000000000000000000
00000000000000000000000000000000000000000000000000000000000000000000000000000000000000000000000000000000000000000000000000000000
00000000000000000000000000000000000000000000000000000000000000000000000000000000000000000000000000000000000000000000000000000000
00000000000000000000000000000000000000000000000000000000000000000000000000000000000000000000000000000000000000000000000000000000
00000000000000000000000000000000000000000000000000000000000000000000000000000000000000000000000000000000000000000000000000000000
00000000000000000000000000000000000000000000000000000000000000000000000000000000000000000000000000000000000000000000000000000000
00000000000000000000000000000000000000000000000000000000000000000000000000000000000000000000000000000000000000000000000000000000
00000000000000000000000000000000000000000000000000000000000000000000000000000000000000000000000000000000000000000000000000000000
00000000000000000000000000000000000000000000000000000000000000000000000000000000000000000000000000000000000000000000000000000000
00000000000000000000000000000000000000000000000000000000000000000000000000000000000000000000000000000000000000000000000000000000
00000000000000000000000000000000000000000000000000000000000000000000000000000000000000000000000000000000000000000000000000000000
00000000000000000000000000000000000000000000000000000000000000000000000000000000000000000000000000000000000000000000000000000000
00000000000000000000000000000000000000000000000000000000000000000000000000000000000000000000000000000000000000000000000000000000
00000000000000000000000000000000000000000000000000000000000000000000000000000000000000000000000000000000000000000000000000000000
00000000000000000000000000000000000000000000000000000000000000000000000000000000000000000000000000000000000000000000000000000000
00000000000000000000000000000000000000000000000000000000000000000000000000000000000000000000000000000000000000000000000000000000
00000000000000000000000000000000000000000000000000000000000000000000000000000000000000000000000000000000000000000000000000000000
00000000000000000000000000000000000000000000000000000000000000000000000000000000000000000000000000000000000000000000000000000000
00000000000000000000000000000000000000000000000000000000000000000000000000000000000000000000000000000000000000000000000000000000
00000000000000000000000000000000000000000000000000000000000000000000000000000000000000000000000000000000000000000000000000000000
00000000000000000000000000000000000000000000000000000000000000000000000000000000000000000000000000000000000000000000000000000000
00000000000000000000000000000000000000000000000000000000000000000000000000000000000000000000000000000000000000000000000000000000
00000000000000000000000000000000000000000000000000000000000000000000000000000000000000000000000000000000000000000000000000000000
00000000000000000000000000000000000000000000000000000000000000000000000000000000000000000000000000000000000000000000000000000000
00000000000000000000000000000000000000000000000000000000000000000000000000000000000000000000000000000000000000000000000000000000
00000000000000000000000000000000000000000000000000000000000000000000000000000000000000000000000000000000000000000000000000000000
00000000000000000000000000000000000000000000000000000000000000000000000000000000000000000000000000000000000000000000000000000000
00000000000000000000000000000000000000000000000000000000000000000000000000000000000000000000000000000000000000000000000000000000
00000000000000000000000000000000000000000000000000000000000000000000000000000000000000000000000000000000000000000000000000000000
00000000000000000000000000000000000000000000000000000000000000000000000000000000000000000000000000000000000000000000000000000000
00000000000000000000000000000000000000000000000000000000000000000000000000000000000000000000000000000000000000000000000000000000
00000000000000000000000000000000000000000000000000000000000000000000000000000000000000000000000000000000000000000000000000000000
00000000000000000000000000000000000000000000000000000000000000000000000000000000000000000000000000000000000000000000000000000000
00000000000000000000000000000000000000000000000000000000000000000000000000000000000000000000000000000000000000000000000000000000
00000000000000000000000000000000000000000000000000000000000000000000000000000000000000000000000000000000000000000000000000000000
00000000000000000000000000000000000000000000000000000000000000000000000000000000000000000000000000000000000000000000000000000000
00000000000000000000000000000000000000000000000000000000000000000000000000000000000000000000000000000000000000000000000000000000
00000000000000000000000000000000000000000000000000000000000000000000000000000000000000000000000000000000000000000000000000000000
00000000000000000000000000000000000000000000000000000000000000000000000000000000000000000000000000000000000000000000000000000000
