00000101001000000000000000010000010000000001010011000100110000001001100010110100001010000101000001010011110010010011000001100000
01000000000000000001000101100000000100000000110000011011000101110000100011000100110000010110001000100001000010001100001000000110
11110101000000011100000101000000100010001000000100000011010001000001001000010000010000100000000000011000000001000000100000101100
00100010000000000000100101000100011000000000001100000000000000010101110000010010011001101110001000101100000001010111101000000100
01000100000001000110010000101001000000100100000010000000000000000010000100011011110010010101000000111000111100110000100100000000
00100010110010010110000000100010000000001100000010000000000100000100001000101100000000100000100001000000110000001000000110000011
00000000000000000000000000000000000000000011000100100001100000001001001010010110001000000000000000010000000100001000000000100001
10000101110001100000000001000000000001000110000010001111010101001000010000000010000100000000110000001000001110000110100100000000
00010010001100000100001101001001000010011010000110000000100000101000100000000100010001000000000101011000001111000000001001100000
00000001101000101000001111010010011000000000000100110000000000110010000100000101100100110000100001100011010100100101001000101000
00010101000000100000000001000001000000000011000010100000100010000101000010011000110100000000110010000000000000001001000000010110
00100001100000100100110100010100000001100011010000101001000001001000011100000000100011000011100001000011000101000100000000010110
00001000011000100000100000001010000011001000000000010010110000000000000000100101000011000010000000000100100000001000000000000001
00000000000000000000000000000000110000100000001001110000000000100110000010010000000000100110100100001000001000001000001000011000
00110010011100101000001000000000000000000000101000101100000101001100001000011001101100000010000000000000100000000100111000010010
10000100001001110000011101101010000000000000000000000001000001000000011000000001001000000010000001100001000110010001110001100010
01000001000001001001100100100001000000011010110000010000110010101101010110010000000010000000000000001011110100000010010000111000
10010000000010000000001010010111010001000001110001010010101001101000010000000100001000111000111001000100001000001000110000001101
10000000101110011010000000001101000010110000001000000000000000000100000100000100100011000000001000000000000110001001000100100001
01010010100000000101011110001001000000010111010010100110010000000010100000100000010000000001001010001000100010110010000010000000
00000000000000000000000000000000001000110001010000000001010100110000010000000001001000111010001100000000100110010111000001100001
00100011001111001000000100010000110100101001000000100110100000000000101000000010000000011000000100111100011000000000000010001010
10100001000001000000000000001010000000001000000000001000000000000001000010010100000000100100000101110100011000001100100010100000
00100010100100000000110001000000000000000010101001000010000000000000100000010001001011000011010010110111100000010001000011001010
00001000001101000000000000011011011001010000011010000001000011100000000000000001110000100000000011000000000000000001000001000000
11100100000000000010000101101001001000111010100010001100101001100000000000100000000100000001100010000011010010000000000000010010
01001000001100101000000001001000010000000001110000100100100000000010110001000100000000001011011010011000100110010000111100000000
00000000000000000000000000000000000101001101100100010011000000010000100000100111000000000110000010100000011000000100001001010011
00110001100100011100001111101100011100110100000000000000111000001000100000000100001000000000000100010101000000000100001001100000
00000000000011000000100010000001010000000100000100010010010000010000010010000001101001000110000000100000001000011101001001010000
10001100111000000001000000110101001010000000010011101000100001000010000000000001100000111000000011001000000011001000010000000000
10000001000100010100000000000000000000001000010000000001010110100010000000000001000000011100100000100101010000110000011000001100
00001001010000101011001010000000000001010001000100000100001100000000100001010000000110011000100000001000111000000100000100010000
00100100001010001000100000100010000000100000010100010000010000001010100110001011100101000010000010100000011000010000100000100001
00000000000000000000000000000000000000001100000000100010110000001101000010100000000000001000001000000010010000010000010100000011
00001010010000001010001001100000100011110000000101001000001000001010000000000000100010000100100010010110010001011000111000100101
00000000010010001000000000001100000000101100101000000001011110001000000000001011010000100100100010000101000000000111001010001000
11000100000010110110000000001000000000011010000000010100000000000000100100000100000000101001000000000101001110000000101111010000
11000001000111100011100000000000000000101001100001000000001010000001000101000100000000000000000000101000001001100001000000010010
10000001000000110000100100000010101001000000000000000101000010000000001010110100001101001100000001100000110000000010000000000000
01000001000000101011100000011011010000000101000010100001001100000000001100011100000000000000000001000001111100000110000000000001
00000000000000000000000000000000000000000000000100000011100111010010000010000000011000000000100000011001001101000100001001000000
10100011010010000010000000100000100010001001000101000000010100011010001000110000010000010000000000000010111100001100010010010010
00110000000100001000001001010100100000000111000100000000000100000000000000001010011000111001100101000010100000000111000000010000
10000010000110010001000000001000000010000100100000011000000000100000000000000100000010000100000000000000001110000111000110100000
00111001000001011010000000001000000001001001000001011000100111100101100000000000000011110000100000000100010011000000000001010000
10001000000000010000000100100111101100010010101010100010001010001000001000100010001000000100100100100010000100100100000000100100
00000010000000010000001001011000100000001000001000000100000001111101100101010010110010001010001011000001000000010000000011000101
00000000000000000000000000000000000110000000100100000100000000000001001001000100010000010000000000011000000000000000000000000000
00100000000000000110100001100000001001000110100100000110000000010010011010100000000100100100000000000000000000000000000000010000
00100101111001000000001000011000100001000001110001000001010000001000010100100000000000100000000001000100100100000000111000100000
00000000000000000100000010000011011111001100000000110000010010110000011100000000000100010000000010000000100000100011000000100000
11100001100010000000000011001100100100000111010000010100001100000000101000101101000000000000100000010001000100010110000001000111
10010110000010000100000000001101100010001001000110111000110000010100100000100000001100000001100100000001000010010101110000000000
00000100000000000100110100100100000000001110010110001010000101000100101000001010100011001000101000000011001000010000100111010000
00000000000000000000000000000000000000000101001010110000000101000000010000000000100000010010110110110000000100010000010011000000
00000011101010000100010010111000001010100000000000011101001010000101001000000000100110000000000000001010101100000001011100010110
01010000000000101000010001000001110100001000000110111000011001110010000110000000110000110000001001000001100000010100000000011000
00110000010101110000110000000000010001010001001000000010100000000010000011001100001100000101100100100000001100000111000100110001
00010011010001000000000010000010010101000000100000001001000100100000001000001001001000000010101010100000000000000100011011010110
00000000100100011000000001010000000000000100010010000000001010000100111000000000001001010100000000100000100010100000100000000011
00011000000001100000000110011111010000000101011101011100100100000000000000100000000000100000100000000001100000001001000000001010
00000000000000000000000000000000001001001000001000000100110000100000011100100011000001011100110010011100001000010001000110000101
10110001011000011000100001000000100000000000100000100111011100000000010010000000000100000000100000000000111001101100100000010100
00000100100100011000000000100010100100010010001011000010000000010000010000001010101001001001011100000010011001000000100000000000
10001010101001000100000001000110001000000000000001000000100101000000011000011100000000000000001010000110010011011110001000101010
10110010100100000010101100100000000000101000010000100001101100000000100100000100000001010100000100001100001111110010001000011000
01000000100011010000000000101001000010000000000000100001000011001010000101010000001000000110011100101101100000010100010000000001
01010000000000101000010000000000000100101000100001000100100100011111000100100000011001100000011100100000000001000100000000000010
00000000000000000000000000000000001010000000100000100010000000000001111000001000010100100000011001000100100100000010000001100001
10000000100100000000110000001000000010000000000010001000000001101001000010110000010000100010110001000001000000000001101011001100
10000000000110000001000100001010000000010011000010000000000100000001101100010000001100000011001000000001001001000100000110100110
01100100000111001000011000000000011010100111000000000100000110000010001001000000000000101100000100000010000000000000010100100001
00110000100011000100010000100010100010000000001000000111000011000110011000000010100100010010010010000101000011000110110110000000
00000100000100010001001000000000010001001010000010000001100011100010000100000100101000010000000000100000010100001000101010000000
00000001000111100000100001001000110011100110010001100000101000001000000110100010000001011000110000010000000011110010010001001000
00000000000000000000000000000000100000000001100000000000101100011000100000000001100001100000100000000000100010100110000010010000
00010000000011001000000001000000000000010010000010000001000000100000000000000000000000011101001000000001000100100000010000100010
00001101001010100000100000010000000001000010011100010011000000100101001000001000101000110000000000000011111000100110000101100001
01001001010100010000000000000010000010100000100100000100000001101000001000100100000011000000001000101011000000010000000101000010
00100000001001000001000001010000001101000010010010111000000010010100110000010000010100000000000011100111000010000000010011011000
00111010000010100100100100100000000011100001000000101000010000010011010000101001000100000010000110010000010000100000101100001100
11000000001010001000000000001000001100000000100000100000100011000000000001001001000001000101000000010001100010001011001110101001
00000000000000000000000000000000000000001000011000000011000010000000000000000100110000100000000100010000000101100000110000000001
00000001000100010000100000110000100100000011000000000001000100001111000000100010000000101000000000010000100000000000110000100000
00000000000000100000010111010000000100000100000101000011110100001000000000010000000100010100000000001000000100000000000000000000
00000000100100000100001000000000000000100010010000100000000000000110000000001100010000000011000010001001000100110010011100000000
10000110001011100000101100001011010000100000100011000100000100010000000000101001000010110010000010100000000100000000000010000000
00000000000100110010011010000000000001000000000100100000000000010100010000000011001010000010100000001000100100100101010000000000
01100000101010001010000000000000101000100000101000111100010100000000110000101011001010011100000110100011010100100000100100100101
00000000000000000000000000000000001000111000000000000000000000000000101000000100000000000100000000000100000001010010000100000000
01000010000010001010001101100000100000100101010000100000000010100000001000000110010110000101100100000000000101100001000000110100
00001100000001001001011000001000000100000100000000000000000100111000000110000010011010000000000001001000100010101000111000001011
00001000100101000100101000010001011010100001011001000000000110010100000100000000001111000010101010111001010000001000010000000000
01001000100000010000101110010100000110000101000000000010000000101000000000000000000000000000000001110100010000000001110000001000
00000001100010100000011001010001001010011001010000000100001010000110000000000000000001100001000000000010100110000000110000100010
00000011000001100010000100000101000010100001100000100010001010010000000010000111110100000001010100010000000001000000010000001000
00000000000000000000000000000000000000111000000101110000000110100001110001100000100100000001000000001001000000000001000000011010
00010011001000000010111001000100010000101010101000110010101000000000000101000010000000001110010010111000101100001100111100100101
01000100000100001000110000111001000100011000100000100011000101001010000001011000000000000001000000100100001000100000010000000001
00100000000000001000100010010100100000110001000010110000100010001000001100001000000001010000000100010000100000000100111011000010
00010000000001000100000100011011000010111010010000100001100000101100000000000110000000101000011100000000000100101001001010000000
00000000000000100100000000011101000010101001110011001010000100000000011000010000011010000000000000000000010001000000001000110100
00010100000101000000011001001000100110000110101000010001000000000000010110000001100000001110001010000000000101000000001001011000
00000000000000000000000000000000000100000001010100000000101001000110100100001010010010101010000110100000100000101100001000100000
00000000001000100100000010000010100001000000101010010000000010011011100000110000000000110000100000000011000000000000001100000000
00011001010000010010011000100001100000110101000000000000011000000000000001100000010000000000001010101000100000000000000100001010
01001100000000000000001011001111000000001000000100100010011000010010101000000000011100011110000001010011100000100000000000000010
10000001001001001000000000000010000000000000000000000000000000100101000001000001001000000010000100100000000000010000000010010010
11100000000100100101000000010010100010011000100000010000000110000010010000010011000001100000000100000110100111001100000110100000
01010010010000011000101010010000000001000101100000010000100100100011000010101101001000000010000100000010000001001000001011000111
00000000000000000000000000000000010000000000000000001000011000000000000100100000000100011000100010000100100000000100101110101001
00000001000010010101100001111100011000100011000000000100010000010001000000000000000100001011000010010100100000010000000101000000
00100001000001100101000100010000000000000000000100000011000101000110001100100100000000110101000000001000000100000100000001001010
00100010000101100011100100000010100000000010000000111000000011010101100101000001000000110110001100000011000000100001001000000001
01010001100100010000000000000000110000100000000101000100100000000000000100000100000011000000000000100000000001001100000000000000
01010000001001010001000111100011000100011011110000100010001010100000000100001000000011000000111010100100000000000000000111100010
00000010000110000000111110001100000001000100000100000011000000010001000110011001000001000011010101101000100100001000111000000100
00000000000000000000000000000000000000000000000001010100000111100000000010000110100000010110000000010000111000000000100001010101
01000000001100011010000000100001000000100000100000010000101110001000010000100000000100101100001001001000000000000100001111001000
10000001000001001000001000001000000101010100001110001000100011100000100110000000101011000001011000000000010010000000000000000000
00000010110010000010101010000100000100010000000000010101100001010110011000000010000100001100100010000000000100100000000101000110
01010100110000000001000110100010100101000100000001110100000100010010000101010000000000000000000000001000001000000000001100010000
00000001010000000000100000000000001001010100000000000100100001000010100101100000000000000100010100101000000000000001010100000100
00000010100001100000011100100001101000000000001000001000000000011000100001000000010000010110000000100101010000000100000000011000
00000000000000000000000000000000010001000010010110000001100110000010100001000010011100000000101000011000000010011000100000100010
01000000110000010000000000001000001001000000000001001000010000000101000000000000001000001110101000011000000000100000001001000001
00001110000001000101000000000000001100010000000000001000000101010000100000000010111000000100010100001000000010010000011000000000
01100001001110000001001001111101000000100001000110000010110000001010001000000000000000100000000000000001011100000010100000000110
10000000000000100011001000100001010010001000010000000000001100000001000000110001010000000001000000011000101011100000000110000000
00010001000100101001110110010000100000000000100100001011000100000000011100000000110110001100100001010000010100010010100110010011
11000101000100010000101100011100000011101111000010000011001010010000000000001000000001110000000000000000101100000001000100001100
00000000000000000000000000000000000000001100001010000010100100000100001000101000010000000000000111000011001000101000001000000011
01000110011100000000000000000010010011000010100100000000000000000110000000100000100000000110010100000000001010100010000000100110
10100010100100000010010000001000011011000110011000111010010000000001011000000000000100000000010000010000001011000010010010100010
10100000000001010000100001001010010110110100110000010001000000000000000001110000010001000000100101110111000101000000100100001100
00010000100000101000110001000000000010100100000000000001000000001100000000001100001000101010000000010001110000000000011011000000
01011100010100010010000000100000100000000000110001000101000001100000110000001000000000000000000100010010010000000000010001011110
10100000001100000011000100000110100100101010000000100001000101000110100010010110000000000100100010110000100000000000000100010010
00000000000000000000000000000000000001101010000001111000000000011100000011000100000000000000000011000001001000000001110010000001
00000100001000000100100000100000010000000100010011000010000000001001010000000010000100100010000010000101110000100001000100000000
00100011010100000000010000010110000011000000000100100101010001101000110010000100010000000000000100011100000010100001000000000000
10101001001100100010000000110101000000000010010001000100000000011110101010000001000000010111000000000001001100000001000100000000
01001000000110011100010010000110000000111111000001100010000000111001111111000010000001001101101010100000000000001100000000010000
00001000000000000010001100100000010101001100001001001001001101010001010000010100101110101001000001001110100010100010011000100000
00100000000010010000010100000000000101001000000010010000000000000000101100011110001110000000000001001000000100001000001001001000
00000000000000000000000000000000000001011001001000101000100100000010000010100000100100001100000100000001010000000101000010100000
00000000000110000100000001000100000000001011001000000000000110100100001100000001000001011110000001001000100000001000010000000000
00000010110000001001001010011010001000000000000001110100000000000100000100000101010000000011000000010100000100000000001000001011
00101111011001010000011001100000000000110000000011000000100000000000010001100100110000000010010000101000100001100001010010000000
01100000000100000110000101001100011111010110000000000010100011100001100010000011001000001110000010101000010111000000000000000010
00000000000001000000000001000000100001000001010001000000110011000100111001001001100100100001000000100011000101001001010000000000
00000100000100000000101000000010001010000000000000010000100100110000101000100101010101100010011000000001011100001100011000000101
00000000000000000000000000000000110011001010001101000000110000001000011010000000001100000101000100000010000100000010000000000000
10000000001001001000000010000000010001100101000000000101110001000000100001010000101000100000000011000010000001000100110110100110
10000000000100000001001100101000000000000000000000010000000000100001000101011010011000011000001001000000010000011000000000010001
00110110000000000001001010000100000000001000100001000001001000010101001010000111010001010000011100001100011110101010000000001001
00001100000001000011000000000100000101000100000010000000011000111010100000010000000100010000011000100000000001001100000000000000
00100100000000000000100000000000100000001000101000000000100001010000010000010111000000100010010001000101000000000001100000001000
01001000010110000011000101111010110010000000000000000000011100001000000001000100100100010001011011000000111100010000000101100010
00000000000000000000000000000000010100000100110100001011000000111011000000000000001110100000001000000001100001001010100001000100
01100000100000000000010000000000000000000000001000000000000101110001001000000000000000100000000001010001000000110000000010110010
01111000000101011010001000100000000001000010110010000010110000010000000000011100001000000000100100000000000001001100000000010110
10011001010011011100000011010001110000000100000100000010000100010000100000011000001100011000000000010110000010111000001000000001
00001000000001010000110001000001010000001010010001000000110000000100000110100100100101000001100100010000000000001010000100001000
00000000000000000000010000010000001001001010000000001010000001011000101110000000000100001100010001100001101001000100001000000100
01000000100000000000001100100000000100000001011001001000000110001000000000001001010000100100010000010000000000000000010011000001
00000000000000000000000000000000000010000100010100000000000001000010000000000000000001000110000001001010000000000000101000010010
10110110110101100111000100000000100000010001010100101000000010010000000010001000000000000000000000000011101110000100010000000101
00010101011000001100010000010010001000001001100000010001100000000010110000000001000000100000001100110001010000001000001001000100
01000000010100000001010100000101100101001000101001100100010001000100000000100010100000000110001010011010100000000000000010000000
00001001000010011010000000100000001001100001000010100000000010000001000000000000000000011100010001111000000010000000001101100010
00101110010000001000000001000001100000000001011000010001000001001011000010000010000000010100000100101001000001110011100001001011
10100000100100000001000100111000000001000010000001000100000000000000000101000100100100000100110001000000110000001010000100000000
00000000000000000000000000000000010110000000001001000010000000000100000010000010011000000100011000000010001001000100000001000110
01000000000100000001000010100000001000000100000001000010001000000100010101011010110111100011001110000110010110000110011100100101
01001010001000000011001010000000000000000000101100101000010010001000001000000011010100000110000010000101000010010100000100001100
00000100000010001010010010100000010100001001010001000101110010001010000000001010000001001000000010011100000011110000010000000100
00000010000000100000010000011001100000100010000110000000000000010100000100101000111010001000110001000100000000000000001000101000
10010100000100101001010010000000001101000111000000000000000000101000011000000101000001010001010000100000011000010011100010000100
11010000000000000100000010100000110001100101000011001000000000000011000000010000000000000000000010010001010001011001010001000001
00000000000000000000000000000000000001100100001000110000000010000010100100110100010000100010101000011101100100000000000000000000
00001000100101000010100000100100010000000000100000000010011000000000000000101000110000100010110000001100001000000000000010000000
10011000000000010000000100010000000000000100000011001001001011000100001100000000000000000100000010010000000100101000000001001101
11100110100011100110010000011000000000000010001000100000000100001100000000000110000010000010000100000000111110000000000001000000
01111000000000101000011111000000010000000000100000110000000000000000110010100000001100000001000000011011100110100100110000000000
01000010000000000000010100110010110000010010101001001000000101000001010101000010000010110000111100001101000100100010000000010111
10000101110010010000110100011000000000111000000101011101000100000001010010100010110001000000010000100000000101000000001010000010
00000000000000000000000000000000100011000000001000001001011001000000000001010110010001010010110000000010000010000000011000000000
01000000010010100001001000101010100100100100000101000110000000000010000010010100000000000110010000011000000110000000101011001110
10000101101000100010001001100100010010000001100000000010110100001000000000101011101000000001000000001000000000000100000100010100
00001100110000000010010000101100100000110000100000001001000011001000101110000010010010010011100010011101000001011000000000000100
00100000100100000000100100000001000010110000110100010000001101000101001000010000100000011010000000000001101011100110101000000100
00100010000100101000110101100000000101000010010100001000100000000001000001000000000000000001100000001101010000010000010000000111
01000011000110000000000001001011000111100111100010010000000100100010000001101000100000000100100000110000000010000010001000101000
00000000000000000000000000000000110001010010010010100100001100110000000010001001000000010001010100000000000001111010000000000000
10000000010000000000011010000001111100000001001000100000000001100010000000000010101110100000000100010000001001001000101000001000
01000000001010010100100110101011010010000000000011110000101000001101000000011001001001000000001000000100100101001010000101110100
11000000100101010010100000100011100000001010000000100110001100001101110000001000000100100000000101011100000110000010010110100011
00001101000101001000110000000110000100000000000000110001110110110001000010111001100001110100100010000000100000001010000001000000
00100010001000011011000010001001000001000000010011010000101100101000100000000001010000000110000100000000011010100101101110000010
00000110001001010000000000111000000000010000100110000011000100000000000000000000000010000100010000000010110000000000110010001011
00000000000000000000000000000000100000101000100010000000001000110000010011010010100000100000010100000001100100000100000001000000
00010001000001101010000000000000000000001000010000001100011010100000000010100000100001010110101000001000000000100001110100001100
00100100000111011100000000000000000101001010000000100000000010000001000001001011010100110100000001110001001000000101000000000010
00001100010000001000100000010000000111001000000100000100010000110000010000000000000100010110110100000000000000110000011110000001
10001000001000001110100101001101010001001000000011001000100000100011100100000000101100000000000010110000001000111001000000000110
01000100011000000110100010011001000001001001100011010001000011000000100000000011000000000100000110000001001100000000001100010100
11010000101000110011001010000000011010100000011100010101001001010100011001010101010101011000100000001000001100010000000000000000
00000000000000000000000000000000000000000001000100000110010010000110110000000100001011001000110011010110100001010000100100000010
01101101001011100000001010010000100010010011000001101000100000010100010000000100001010000000100000000000101010100000010110000010
00100000001000110000011000011011011001100000000000000001000011110110000111000110000010100000001000110100100000010010011000011001
01000000001100000000110000010000100101000100010100100001011000011000000000000101000100000100010001000100000011001000101000000000
00000110000000010010100010000000010000101000110001000100101000100010010000000010010011011010010001000011101100001000010110010100
00000000000000010001000010001000100100000000000001010000000101011100101010100000111010000010100001110001001000100000000000000100
01000000010100000000010010000001000000010000101000010000000001000000000010010100000001110000000100110010010000000001000111100010
00000000000000000000000000000000100000001100100001000000000000000010000000010000000100001100111000101001010000101000001010110001
00000000010110010000100001000100100010111001010000100000010000010000000000000010000100000100010100000000001111001000000000000010
00100110100000100000000000101100011011100000010000001100001000000010011010010000010000001100100100001000000010000000000000100100
11100000000000001110001011101001000100000010101010000000000010000000001001010010001100010101000000100101101011010001000000000001
01110000110000000000000010000011001100000000010010000010011100000001000100100000000100000110001010010000000000010010000010001000
01000010101000000010000000100001100000010001000100000110000000000010001000100001010010011000010100000011000000101100000000000000
00001000100010100000000001010001000100000010100000001000101000001000000000100000011000100110000010111100000010001001100000000000
00000000000000000000000000000000101100000000001100000101001000001000000001100010010111000000000000000001000101100010000110010000
00000000000000000000000000000000000000000000000000000000000000000000000000000000000000000000000000000000000000000000000000000000
00000000000000000000000000000000000000000000000000000000000000000000000000000000000000000000000000000000000000000000000000000000
00000000000000000000000000000000000000000000000000000000000000000000000000000000000000000000000000000000000000000000000000000000
00000000000000000000000000000000000000000000000000000000000000000000000000000000000000000000000000000000000000000000000000000000
00000000000000000000000000000000000000000000000000000000000000000000000000000000000000000000000000000000000000000000000000000000
00000000000000000000000000000000000000000000000000000000000000000000000000000000000000000000000000000000000000000000000000000000
00000000000000000000000000000000000000000000000000000000000000000000000000000000000000000000000000000000000000000000000000000000
00000000000000000000000000000000000000000000000000000000000000000000000000000000000000000000000000000000000000000000000000000000
00000000000000000000000000000000000000000000000000000000000000000000000000000000000000000000000000000000000000000000000000000000
00000000000000000000000000000000000000000000000000000000000000000000000000000000000000000000000000000000000000000000000000000000
00000000000000000000000000000000000000000000000000000000000000000000000000000000000000000000000000000000000000000000000000000000
00000000000000000000000000000000000000000000000000000000000000000000000000000000000000000000000000000000000000000000000000000000
00000000000000000000000000000000000000000000000000000000000000000000000000000000000000000000000000000000000000000000000000000000
00000000000000000000000000000000000000000000000000000000000000000000000000000000000000000000000000000000000000000000000000000000
00000000000000000000000000000000000000000000000000000000000000000000000000000000000000000000000000000000000000000000000000000000
00000000000000000000000000000000000000000000000000000000000000000000000000000000000000000000000000000000000000000000000000000000
00000000000000000000000000000000000000000000000000000000000000000000000000000000000000000000000000000000000000000000000000000000
00000000000000000000000000000000000000000000000000000000000000000000000000000000000000000000000000000000000000000000000000000000
00000000000000000000000000000000000000000000000000000000000000000000000000000000000000000000000000000000000000000000000000000000
00000000000000000000000000000000000000000000000000000000000000000000000000000000000000000000000000000000000000000000000000000000
00000000000000000000000000000000000000000000000000000000000000000000000000000000000000000000000000000000000000000000000000000000
00000000000000000000000000000000000000000000000000000000000000000000000000000000000000000000000000000000000000000000000000000000
00000000000000000000000000000000000000000000000000000000000000000000000000000000000000000000000000000000000000000000000000000000
00000000000000000000000000000000000000000000000000000000000000000000000000000000000000000000000000000000000000000000000000000000
00000000000000000000000000000000000000000000000000000000000000000000000000000000000000000000000000000000000000000000000000000000
00000000000000000000000000000000000000000000000000000000000000000000000000000000000000000000000000000000000000000000000000000000
00000000000000000000000000000000000000000000000000000000000000000000000000000000000000000000000000000000000000000000000000000000
00000000000000000000000000000000000000000000000000000000000000000000000000000000000000000000000000000000000000000000000000000000
00000000000000000000000000000000000000000000000000000000000000000000000000000000000000000000000000000000000000000000000000000000
00000000000000000000000000000000000000000000000000000000000000000000000000000000000000000000000000000000000000000000000000000000
00000000000000000000000000000000000000000000000000000000000000000000000000000000000000000000000000000000000000000000000000000000
00000000000000000000000000000000000000000000000000000000000000000000000000000000000000000000000000000000000000000000000000000000
00000000000000000000000000000000000000000000000000000000000000000000000000000000000000000000000000000000000000000000000000000000
00000000000000000000000000000000000000000000000000000000000000000000000000000000000000000000000000000000000000000000000000000000
00000000000000000000000000000000000000000000000000000000000000000000000000000000000000000000000000000000000000000000000000000000
00000000000000000000000000000000000000000000000000000000000000000000000000000000000000000000000000000000000000000000000000000000
00000000000000000000000000000000000000000000000000000000000000000000000000000000000000000000000000000000000000000000000000000000
00000000000000000000000000000000000000000000000000000000000000000000000000000000000000000000000000000000000000000000000000000000
00000000000000000000000000000000000000000000000000000000000000000000000000000000000000000000000000000000000000000000000000000000
00000000000000000000000000000000000000000000000000000000000000000000000000000000000000000000000000000000000000000000000000000000
00000000000000000000000000000000000000000000000000000000000000000000000000000000000000000000000000000000000000000000000000000000
00000000000000000000000000000000000000000000000000000000000000000000000000000000000000000000000000000000000000000000000000000000
00000000000000000000000000000000000000000000000000000000000000000000000000000000000000000000000000000000000000000000000000000000
00000000000000000000000000000000000000000000000000000000000000000000000000000000000000000000000000000000000000000000000000000000
00000000000000000000000000000000000000000000000000000000000000000000000000000000000000000000000000000000000000000000000000000000
00000000000000000000000000000000000000000000000000000000000000000000000000000000000000000000000000000000000000000000000000000000
00000000000000000000000000000000000000000000000000000000000000000000000000000000000000000000000000000000000000000000000000000000
00000000000000000000000000000000000000000000000000000000000000000000000000000000000000000000000000000000000000000000000000000000
00000000000000000000000000000000000000000000000000000000000000000000000000000000000000000000000000000000000000000000000000000000
00000000000000000000000000000000000000000000000000000000000000000000000000000000000000000000000000000000000000000000000000000000
00000000000000000000000000000000000000000000000000000000000000000000000000000000000000000000000000000000000000000000000000000000
00000000000000000000000000000000000000000000000000000000000000000000000000000000000000000000000000000000000000000000000000000000
00000000000000000000000000000000000000000000000000000000000000000000000000000000000000000000000000000000000000000000000000000000
00000000000000000000000000000000000000000000000000000000000000000000000000000000000000000000000000000000000000000000000000000000
00000000000000000000000000000000000000000000000000000000000000000000000000000000000000000000000000000000000000000000000000000000
00000000000000000000000000000000000000000000000000000000000000000000000000000000000000000000000000000000000000000000000000000000
00000000000000000000000000000000000000000000000000000000000000000000000000000000000000000000000000000000000000000000000000000000
00000000000000000000000000000000000000000000000000000000000000000000000000000000000000000000000000000000000000000000000000000000
00000000000000000000000000000000000000000000000000000000000000000000000000000000000000000000000000000000000000000000000000000000
00000000000000000000000000000000000000000000000000000000000000000000000000000000000000000000000000000000000000000000000000000000
00000000000000000000000000000000000000000000000000000000000000000000000000000000000000000000000000000000000000000000000000000000
00000000000000000000000000000000000000000000000000000000000000000000000000000000000000000000000000000000000000000000000000000000
00000000000000000000000000000000000000000000000000000000000000000000000000000000000000000000000000000000000000000000000000000000
00000000000000000000000000000000000000000000000000000000000000000000000000000000000000000000000000000000000000000000000000000000
00000000000000000000000000000000000000000000000000000000000000000000000000000000000000000000000000000000000000000000000000000000
00000000000000000000000000000000000000000000000000000000000000000000000000000000000000000000000000000000000000000000000000000000
00000000000000000000000000000000000000000000000000000000000000000000000000000000000000000000000000000000000000000000000000000000
00000000000000000000000000000000000000000000000000000000000000000000000000000000000000000000000000000000000000000000000000000000
00000000000000000000000000000000000000000000000000000000000000000000000000000000000000000000000000000000000000000000000000000000
00000000000000000000000000000000000000000000000000000000000000000000000000000000000000000000000000000000000000000000000000000000
00000000000000000000000000000000000000000000000000000000000000000000000000000000000000000000000000000000000000000000000000000000
00000000000000000000000000000000000000000000000000000000000000000000000000000000000000000000000000000000000000000000000000000000
00000000000000000000000000000000000000000000000000000000000000000000000000000000000000000000000000000000000000000000000000000000
00000000000000000000000000000000000000000000000000000000000000000000000000000000000000000000000000000000000000000000000000000000
00000000000000000000000000000000000000000000000000000000000000000000000000000000000000000000000000000000000000000000000000000000
00000000000000000000000000000000000000000000000000000000000000000000000000000000000000000000000000000000000000000000000000000000
00000000000000000000000000000000000000000000000000000000000000000000000000000000000000000000000000000000000000000000000000000000
00000000000000000000000000000000000000000000000000000000000000000000000000000000000000000000000000000000000000000000000000000000
00000000000000000000000000000000000000000000000000000000000000000000000000000000000000000000000000000000000000000000000000000000
00000000000000000000000000000000000000000000000000000000000000000000000000000000000000000000000000000000000000000000000000000000
00000000000000000000000000000000000000000000000000000000000000000000000000000000000000000000000000000000000000000000000000000000
00000000000000000000000000000000000000000000000000000000000000000000000000000000000000000000000000000000000000000000000000000000
00000000000000000000000000000000000000000000000000000000000000000000000000000000000000000000000000000000000000000000000000000000
00000000000000000000000000000000000000000000000000000000000000000000000000000000000000000000000000000000000000000000000000000000
00000000000000000000000000000000000000000000000000000000000000000000000000000000000000000000000000000000000000000000000000000000
00000000000000000000000000000000000000000000000000000000000000000000000000000000000000000000000000000000000000000000000000000000
00000000000000000000000000000000000000000000000000000000000000000000000000000000000000000000000000000000000000000000000000000000
00000000000000000000000000000000000000000000000000000000000000000000000000000000000000000000000000000000000000000000000000000000
00000000000000000000000000000000000000000000000000000000000000000000000000000000000000000000000000000000000000000000000000000000
00000000000000000000000000000000000000000000000000000000000000000000000000000000000000000000000000000000000000000000000000000000
00000000000000000000000000000000000000000000000000000000000000000000000000000000000000000000000000000000000000000000000000000000
00000000000000000000000000000000000000000000000000000000000000000000000000000000000000000000000000000000000000000000000000000000
00000000000000000000000000000000000000000000000000000000000000000000000000000000000000000000000000000000000000000000000000000000
00000000000000000000000000000000000000000000000000000000000000000000000000000000000000000000000000000000000000000000000000000000
00000000000000000000000000000000000000000000000000000000000000000000000000000000000000000000000000000000000000000000000000000000
00000000000000000000000000000000000000000000000000000000000000000000000000000000000000000000000000000000000000000000000000000000
00000000000000000000000000000000000000000000000000000000000000000000000000000000000000000000000000000000000000000000000000000000
00000000000000000000000000000000000000000000000000000000000000000000000000000000000000000000000000000000000000000000000000000000
00000000000000000000000000000000000000000000000000000000000000000000000000000000000000000000000000000000000000000000000000000000
00000000000000000000000000000000000000000000000000000000000000000000000000000000000000000000000000000000000000000000000000000000
00000000000000000000000000000000000000000000000000000000000000000000000000000000000000000000000000000000000000000000000000000000
00000000000000000000000000000000000000000000000000000000000000000000000000000000000000000000000000000000000000000000000000000000
00000000000000000000000000000000000000000000000000000000000000000000000000000000000000000000000000000000000000000000000000000000
00000000000000000000000000000000000000000000000000000000000000000000000000000000000000000000000000000000000000000000000000000000
00000000000000000000000000000000000000000000000000000000000000000000000000000000000000000000000000000000000000000000000000000000
00000000000000000000000000000000000000000000000000000000000000000000000000000000000000000000000000000000000000000000000000000000
00000000000000000000000000000000000000000000000000000000000000000000000000000000000000000000000000000000000000000000000000000000
00000000000000000000000000000000000000000000000000000000000000000000000000000000000000000000000000000000000000000000000000000000
00000000000000000000000000000000000000000000000000000000000000000000000000000000000000000000000000000000000000000000000000000000
00000000000000000000000000000000000000000000000000000000000000000000000000000000000000000000000000000000000000000000000000000000
00000000000000000000000000000000000000000000000000000000000000000000000000000000000000000000000000000000000000000000000000000000
00000000000000000000000000000000000000000000000000000000000000000000000000000000000000000000000000000000000000000000000000000000
00000000000000000000000000000000000000000000000000000000000000000000000000000000000000000000000000000000000000000000000000000000
00000000000000000000000000000000000000000000000000000000000000000000000000000000000000000000000000000000000000000000000000000000
00000000000000000000000000000000000000000000000000000000000000000000000000000000000000000000000000000000000000000000000000000000
00000000000000000000000000000000000000000000000000000000000000000000000000000000000000000000000000000000000000000000000000000000
00000000000000000000000000000000000000000000000000000000000000000000000000000000000000000000000000000000000000000000000000000000
00000000000000000000000000000000000000000000000000000000000000000000000000000000000000000000000000000000000000000000000000000000
00000000000000000000000000000000000000000000000000000000000000000000000000000000000000000000000000000000000000000000000000000000
00000000000000000000000000000000000000000000000000000000000000000000000000000000000000000000000000000000000000000000000000000000
00000000000000000000000000000000000000000000000000000000000000000000000000000000000000000000000000000000000000000000000000000000
00000000000000000000000000000000000000000000000000000000000000000000000000000000000000000000000000000000000000000000000000000000
00000000000000000000000000000000000000000000000000000000000000000000000000000000000000000000000000000000000000000000000000000000
00000000000000000000000000000000000000000000000000000000000000000000000000000000000000000000000000000000000000000000000000000000
00000000000000000000000000000000000000000000000000000000000000000000000000000000000000000000000000000000000000000000000000000000
00000000000000000000000000000000000000000000000000000000000000000000000000000000000000000000000000000000000000000000000000000000
00000000000000000000000000000000000000000000000000000000000000000000000000000000000000000000000000000000000000000000000000000000
00000000000000000000000000000000000000000000000000000000000000000000000000000000000000000000000000000000000000000000000000000000
00000000000000000000000000000000000000000000000000000000000000000000000000000000000000000000000000000000000000000000000000000000
00000000000000000000000000000000000000000000000000000000000000000000000000000000000000000000000000000000000000000000000000000000
00000000000000000000000000000000000000000000000000000000000000000000000000000000000000000000000000000000000000000000000000000000
00000000000000000000000000000000000000000000000000000000000000000000000000000000000000000000000000000000000000000000000000000000
00000000000000000000000000000000000000000000000000000000000000000000000000000000000000000000000000000000000000000000000000000000
00000000000000000000000000000000000000000000000000000000000000000000000000000000000000000000000000000000000000000000000000000000
00000000000000000000000000000000000000000000000000000000000000000000000000000000000000000000000000000000000000000000000000000000
00000000000000000000000000000000000000000000000000000000000000000000000000000000000000000000000000000000000000000000000000000000
00000000000000000000000000000000000000000000000000000000000000000000000000000000000000000000000000000000000000000000000000000000
00000000000000000000000000000000000000000000000000000000000000000000000000000000000000000000000000000000000000000000000000000000
00000000000000000000000000000000000000000000000000000000000000000000000000000000000000000000000000000000000000000000000000000000
00000000000000000000000000000000000000000000000000000000000000000000000000000000000000000000000000000000000000000000000000000000
00000000000000000000000000000000000000000000000000000000000000000000000000000000000000000000000000000000000000000000000000000000
00000000000000000000000000000000000000000000000000000000000000000000000000000000000000000000000000000000000000000000000000000000
00000000000000000000000000000000000000000000000000000000000000000000000000000000000000000000000000000000000000000000000000000000
00000000000000000000000000000000000000000000000000000000000000000000000000000000000000000000000000000000000000000000000000000000
00000000000000000000000000000000000000000000000000000000000000000000000000000000000000000000000000000000000000000000000000000000
00000000000000000000000000000000000000000000000000000000000000000000000000000000000000000000000000000000000000000000000000000000
00000000000000000000000000000000000000000000000000000000000000000000000000000000000000000000000000000000000000000000000000000000
00000000000000000000000000000000000000000000000000000000000000000000000000000000000000000000000000000000000000000000000000000000
00000000000000000000000000000000000000000000000000000000000000000000000000000000000000000000000000000000000000000000000000000000
00000000000000000000000000000000000000000000000000000000000000000000000000000000000000000000000000000000000000000000000000000000
00000000000000000000000000000000000000000000000000000000000000000000000000000000000000000000000000000000000000000000000000000000
00000000000000000000000000000000000000000000000000000000000000000000000000000000000000000000000000000000000000000000000000000000
00000000000000000000000000000000000000000000000000000000000000000000000000000000000000000000000000000000000000000000000000000000
00000000000000000000000000000000000000000000000000000000000000000000000000000000000000000000000000000000000000000000000000000000
00000000000000000000000000000000000000000000000000000000000000000000000000000000000000000000000000000000000000000000000000000000
00000000000000000000000000000000000000000000000000000000000000000000000000000000000000000000000000000000000000000000000000000000
00000000000000000000000000000000000000000000000000000000000000000000000000000000000000000000000000000000000000000000000000000000
00000000000000000000000000000000000000000000000000000000000000000000000000000000000000000000000000000000000000000000000000000000
00000000000000000000000000000000000000000000000000000000000000000000000000000000000000000000000000000000000000000000000000000000
00000000000000000000000000000000000000000000000000000000000000000000000000000000000000000000000000000000000000000000000000000000
00000000000000000000000000000000000000000000000000000000000000000000000000000000000000000000000000000000000000000000000000000000
00000000000000000000000000000000000000000000000000000000000000000000000000000000000000000000000000000000000000000000000000000000
00000000000000000000000000000000000000000000000000000000000000000000000000000000000000000000000000000000000000000000000000000000
00000000000000000000000000000000000000000000000000000000000000000000000000000000000000000000000000000000000000000000000000000000
00000000000000000000000000000000000000000000000000000000000000000000000000000000000000000000000000000000000000000000000000000000
00000000000000000000000000000000000000000000000000000000000000000000000000000000000000000000000000000000000000000000000000000000
00000000000000000000000000000000000000000000000000000000000000000000000000000000000000000000000000000000000000000000000000000000
00000000000000000000000000000000000000000000000000000000000000000000000000000000000000000000000000000000000000000000000000000000
00000000000000000000000000000000000000000000000000000000000000000000000000000000000000000000000000000000000000000000000000000000
00000000000000000000000000000000000000000000000000000000000000000000000000000000000000000000000000000000000000000000000000000000
00000000000000000000000000000000000000000000000000000000000000000000000000000000000000000000000000000000000000000000000000000000
00000000000000000000000000000000000000000000000000000000000000000000000000000000000000000000000000000000000000000000000000000000
00000000000000000000000000000000000000000000000000000000000000000000000000000000000000000000000000000000000000000000000000000000
00000000000000000000000000000000000000000000000000000000000000000000000000000000000000000000000000000000000000000000000000000000
00000000000000000000000000000000000000000000000000000000000000000000000000000000000000000000000000000000000000000000000000000000
00000000000000000000000000000000000000000000000000000000000000000000000000000000000000000000000000000000000000000000000000000000
00000000000000000000000000000000000000000000000000000000000000000000000000000000000000000000000000000000000000000000000000000000
00000000000000000000000000000000000000000000000000000000000000000000000000000000000000000000000000000000000000000000000000000000
00000000000000000000000000000000000000000000000000000000000000000000000000000000000000000000000000000000000000000000000000000000
00000000000000000000000000000000000000000000000000000000000000000000000000000000000000000000000000000000000000000000000000000000
00000000000000000000000000000000000000000000000000000000000000000000000000000000000000000000000000000000000000000000000000000000
00000000000000000000000000000000000000000000000000000000000000000000000000000000000000000000000000000000000000000000000000000000
00000000000000000000000000000000000000000000000000000000000000000000000000000000000000000000000000000000000000000000000000000000
00000000000000000000000000000000000000000000000000000000000000000000000000000000000000000000000000000000000000000000000000000000
00000000000000000000000000000000000000000000000000000000000000000000000000000000000000000000000000000000000000000000000000000000
00000000000000000000000000000000000000000000000000000000000000000000000000000000000000000000000000000000000000000000000000000000
00000000000000000000000000000000000000000000000000000000000000000000000000000000000000000000000000000000000000000000000000000000
00000000000000000000000000000000000000000000000000000000000000000000000000000000000000000000000000000000000000000000000000000000
00000000000000000000000000000000000000000000000000000000000000000000000000000000000000000000000000000000000000000000000000000000
00000000000000000000000000000000000000000000000000000000000000000000000000000000000000000000000000000000000000000000000000000000
00000000000000000000000000000000000000000000000000000000000000000000000000000000000000000000000000000000000000000000000000000000
00000000000000000000000000000000000000000000000000000000000000000000000000000000000000000000000000000000000000000000000000000000
00000000000000000000000000000000000000000000000000000000000000000000000000000000000000000000000000000000000000000000000000000000
00000000000000000000000000000000000000000000000000000000000000000000000000000000000000000000000000000000000000000000000000000000
00000000000000000000000000000000000000000000000000000000000000000000000000000000000000000000000000000000000000000000000000000000
00000000000000000000000000000000000000000000000000000000000000000000000000000000000000000000000000000000000000000000000000000000
00000000000000000000000000000000000000000000000000000000000000000000000000000000000000000000000000000000000000000000000000000000
00000000000000000000000000000000000000000000000000000000000000000000000000000000000000000000000000000000000000000000000000000000
00000000000000000000000000000000000000000000000000000000000000000000000000000000000000000000000000000000000000000000000000000000
00000000000000000000000000000000000000000000000000000000000000000000000000000000000000000000000000000000000000000000000000000000
00000000000000000000000000000000000000000000000000000000000000000000000000000000000000000000000000000000000000000000000000000000
00000000000000000000000000000000000000000000000000000000000000000000000000000000000000000000000000000000000000000000000000000000
00000000000000000000000000000000000000000000000000000000000000000000000000000000000000000000000000000000000000000000000000000000
00000000000000000000000000000000000000000000000000000000000000000000000000000000000000000000000000000000000000000000000000000000
00000000000000000000000000000000000000000000000000000000000000000000000000000000000000000000000000000000000000000000000000000000
00000000000000000000000000000000000000000000000000000000000000000000000000000000000000000000000000000000000000000000000000000000
00000000000000000000000000000000000000000000000000000000000000000000000000000000000000000000000000000000000000000000000000000000
00000000000000000000000000000000000000000000000000000000000000000000000000000000000000000000000000000000000000000000000000000000
00000000000000000000000000000000000000000000000000000000000000000000000000000000000000000000000000000000000000000000000000000000
00000000000000000000000000000000000000000000000000000000000000000000000000000000000000000000000000000000000000000000000000000000
00000000000000000000000000000000000000000000000000000000000000000000000000000000000000000000000000000000000000000000000000000000
00000000000000000000000000000000000000000000000000000000000000000000000000000000000000000000000000000000000000000000000000000000
00000000000000000000000000000000000000000000000000000000000000000000000000000000000000000000000000000000000000000000000000000000
00000000000000000000000000000000000000000000000000000000000000000000000000000000000000000000000000000000000000000000000000000000
00000000000000000000000000000000000000000000000000000000000000000000000000000000000000000000000000000000000000000000000000000000
00000000000000000000000000000000000000000000000000000000000000000000000000000000000000000000000000000000000000000000000000000000
00000000000000000000000000000000000000000000000000000000000000000000000000000000000000000000000000000000000000000000000000000000
00000000000000000000000000000000000000000000000000000000000000000000000000000000000000000000000000000000000000000000000000000000
00000000000000000000000000000000000000000000000000000000000000000000000000000000000000000000000000000000000000000000000000000000
00000000000000000000000000000000000000000000000000000000000000000000000000000000000000000000000000000000000000000000000000000000
00000000000000000000000000000000000000000000000000000000000000000000000000000000000000000000000000000000000000000000000000000000
00000000000000000000000000000000000000000000000000000000000000000000000000000000000000000000000000000000000000000000000000000000
00000000000000000000000000000000000000000000000000000000000000000000000000000000000000000000000000000000000000000000000000000000
00000000000000000000000000000000000000000000000000000000000000000000000000000000000000000000000000000000000000000000000000000000
00000000000000000000000000000000000000000000000000000000000000000000000000000000000000000000000000000000000000000000000000000000
00000000000000000000000000000000000000000000000000000000000000000000000000000000000000000000000000000000000000000000000000000000
00000000000000000000000000000000000000000000000000000000000000000000000000000000000000000000000000000000000000000000000000000000
00000000000000000000000000000000000000000000000000000000000000000000000000000000000000000000000000000000000000000000000000000000
00000000000000000000000000000000000000000000000000000000000000000000000000000000000000000000000000000000000000000000000000000000
00000000000000000000000000000000000000000000000000000000000000000000000000000000000000000000000000000000000000000000000000000000
00000000000000000000000000000000000000000000000000000000000000000000000000000000000000000000000000000000000000000000000000000000
00000000000000000000000000000000000000000000000000000000000000000000000000000000000000000000000000000000000000000000000000000000
00000000000000000000000000000000000000000000000000000000000000000000000000000000000000000000000000000000000000000000000000000000
00000000000000000000000000000000000000000000000000000000000000000000000000000000000000000000000000000000000000000000000000000000
00000000000000000000000000000000000000000000000000000000000000000000000000000000000000000000000000000000000000000000000000000000
00000000000000000000000000000000000000000000000000000000000000000000000000000000000000000000000000000000000000000000000000000000
00000000000000000000000000000000000000000000000000000000000000000000000000000000000000000000000000000000000000000000000000000000
00000000000000000000000000000000000000000000000000000000000000000000000000000000000000000000000000000000000000000000000000000000
00000000000000000000000000000000000000000000000000000000000000000000000000000000000000000000000000000000000000000000000000000000
00000000000000000000000000000000000000000000000000000000000000000000000000000000000000000000000000000000000000000000000000000000
00000000000000000000000000000000000000000000000000000000000000000000000000000000000000000000000000000000000000000000000000000000
00000000000000000000000000000000000000000000000000000000000000000000000000000000000000000000000000000000000000000000000000000000
00000000000000000000000000000000000000000000000000000000000000000000000000000000000000000000000000000000000000000000000000000000
00000000000000000000000000000000000000000000000000000000000000000000000000000000000000000000000000000000000000000000000000000000
00000000000000000000000000000000000000000000000000000000000000000000000000000000000000000000000000000000000000000000000000000000
00000000000000000000000000000000000000000000000000000000000000000000000000000000000000000000000000000000000000000000000000000000
00000000000000000000000000000000000000000000000000000000000000000000000000000000000000000000000000000000000000000000000000000000
00000000000000000000000000000000000000000000000000000000000000000000000000000000000000000000000000000000000000000000000000000000
00000000000000000000000000000000000000000000000000000000000000000000000000000000000000000000000000000000000000000000000000000000
00000000000000000000000000000000000000000000000000000000000000000000000000000000000000000000000000000000000000000000000000000000
00000000000000000000000000000000000000000000000000000000000000000000000000000000000000000000000000000000000000000000000000000000
00000000000000000000000000000000000000000000000000000000000000000000000000000000000000000000000000000000000000000000000000000000
00000000000000000000000000000000000000000000000000000000000000000000000000000000000000000000000000000000000000000000000000000000
00000000000000000000000000000000000000000000000000000000000000000000000000000000000000000000000000000000000000000000000000000000
00000000000000000000000000000000000000000000000000000000000000000000000000000000000000000000000000000000000000000000000000000000
00000000000000000000000000000000000000000000000000000000000000000000000000000000000000000000000000000000000000000000000000000000
00000000000000000000000000000000000000000000000000000000000000000000000000000000000000000000000000000000000000000000000000000000
00000000000000000000000000000000000000000000000000000000000000000000000000000000000000000000000000000000000000000000000000000000
00000000000000000000000000000000000000000000000000000000000000000000000000000000000000000000000000000000000000000000000000000000
00000000000000000000000000000000000000000000000000000000000000000000000000000000000000000000000000000000000000000000000000000000
00000000000000000000000000000000000000000000000000000000000000000000000000000000000000000000000000000000000000000000000000000000
00000000000000000000000000000000000000000000000000000000000000000000000000000000000000000000000000000000000000000000000000000000
00000000000000000000000000000000000000000000000000000000000000000000000000000000000000000000000000000000000000000000000000000000
00000000000000000000000000000000000000000000000000000000000000000000000000000000000000000000000000000000000000000000000000000000
00000000000000000000000000000000000000000000000000000000000000000000000000000000000000000000000000000000000000000000000000000000
00000000000000000000000000000000000000000000000000000000000000000000000000000000000000000000000000000000000000000000000000000000
00000000000000000000000000000000000000000000000000000000000000000000000000000000000000000000000000000000000000000000000000000000
00000000000000000000000000000000000000000000000000000000000000000000000000000000000000000000000000000000000000000000000000000000
00000000000000000000000000000000000000000000000000000000000000000000000000000000000000000000000000000000000000000000000000000000
00000000000000000000000000000000000000000000000000000000000000000000000000000000000000000000000000000000000000000000000000000000
00000000000000000000000000000000000000000000000000000000000000000000000000000000000000000000000000000000000000000000000000000000
00000000000000000000000000000000000000000000000000000000000000000000000000000000000000000000000000000000000000000000000000000000
00000000000000000000000000000000000000000000000000000000000000000000000000000000000000000000000000000000000000000000000000000000
00000000000000000000000000000000000000000000000000000000000000000000000000000000000000000000000000000000000000000000000000000000
00000000000000000000000000000000000000000000000000000000000000000000000000000000000000000000000000000000000000000000000000000000
00000000000000000000000000000000000000000000000000000000000000000000000000000000000000000000000000000000000000000000000000000000
00000000000000000000000000000000000000000000000000000000000000000000000000000000000000000000000000000000000000000000000000000000
00000000000000000000000000000000000000000000000000000000000000000000000000000000000000000000000000000000000000000000000000000000
00000000000000000000000000000000000000000000000000000000000000000000000000000000000000000000000000000000000000000000000000000000
00000000000000000000000000000000000000000000000000000000000000000000000000000000000000000000000000000000000000000000000000000000
00000000000000000000000000000000000000000000000000000000000000000000000000000000000000000000000000000000000000000000000000000000
00000000000000000000000000000000000000000000000000000000000000000000000000000000000000000000000000000000000000000000000000000000
00000000000000000000000000000000000000000000000000000000000000000000000000000000000000000000000000000000000000000000000000000000
00000000000000000000000000000000000000000000000000000000000000000000000000000000000000000000000000000000000000000000000000000000
00000000000000000000000000000000000000000000000000000000000000000000000000000000000000000000000000000000000000000000000000000000
00000000000000000000000000000000000000000000000000000000000000000000000000000000000000000000000000000000000000000000000000000000
00000000000000000000000000000000000000000000000000000000000000000000000000000000000000000000000000000000000000000000000000000000
00000000000000000000000000000000000000000000000000000000000000000000000000000000000000000000000000000000000000000000000000000000
