10011011011000110101000000011000111110000000000100000100001001100000000000000000100001110000000000000000010110000000000101000001
10000000001000000110000000000001010110010100111000010011101000000000000000000000000000100000100000100100100000000001000001010010
00110000001000000101100010100011000000001000011011000000110001100001000000000100011000000001100000000100001000000000111010110000
00110100001110000010001010010100010000000001010000001000101000000000010001010000010000101100001100000001000000010000001010101011
01000010101110000000000100100000110100000000100110110110010000000000001010100110110000000001011000110000111111100100100000000000
00000010100100000110000001000000000010011000100100110001000010010110100100110001010001001110000001100001000100000100000000111000
00000000000000000000000000000000000000000010110100010000000000100011000000000000100000100000000000000000000001000001010000001000
10001001011000100000001010000010000010100100100000100101011010000010001000000001010001000001000010000000001001000010001000011000
01000001001000010001100100000100000000011010101101000011000100100000010000001000001001001101000000100001101000000100111000100011
01000000100000000010010101110001001100001100010011100000010010101000101110000000000100000001110000010010000000001001000000010001
00100001000001010010010000010100000000100000000001000000000000100100000100000010000000000101001000100001010111100010010000000000
01010000001000011000100101001000100010001001101000101000010001101100000000001100000100000000010000000110000011110100010100000000
00011011001101010010101000001000101000000101110101000000010000000000010100001000000100101100000100000000010110001010000001000001
00000000000000000000000000000000010110011001001000100010000010001100011100011000001100000000011000101010100100000001010100011000
00011000000101100000000000000000100010110011010100101000010110010000000011000000011011100011100110010010000001001010010000000100
11000000010000000001010000000100100000000000010011000000000000010011001100110000010111010000000000000001111100111000110000010100
00000001001100010000100001000010000000000001010000010100010000100100001100000101100000000000001001110100101101000001101110000000
01000010000000000100001000001000010000010001111001000110100000101000101000000101010000000000011000000000101110000100000101010000
00001001001010000101010000100010100001000000000010001000101001010100010001011100100000011001001011001111100101000100000000000001
00110000110010110100001001100000010110000000000000000010001000000100011100000000000001000000100000001000101000010000000000000000
00000000000000000000000000000000110011101100001010000000010000000000010000101000000100100100001011000000100000000000000100010000
01010000000000000001000000011011001010001010000000000001010100011101001000001010000001000000100000000111000011000010011000000000
00010001100000000101110110100010000000001000010000011100001000100001110000100101000001110000000110100111011011000100000101000000
10011010000000000100000100000010000000000000001000000111110100000100000010000000000000001000101010010000100100000100110010000000
00000000000100110011100100010011010000000000011100011000000100000110100100101100000000000000100000000000001010010000000100000000
00010000100001100000000000000000001000001000001000000100010000110010110000011000010001010100000100000010100100000000001010100100
01010000000000100001000100011000000000101010000100000000000000011001000000010000011011000001000001000000000100011110100010001100
00000000000000000000000000000000010000001001000000000100100000000000101001000110000000000001000010001011110010010000010100000011
10000000101101010101000000000001000010001000001001000100100010000100000001000000001100000000001010011010011110000010101001111000
00000000000000000001000000000010100000000100000010001000000000100000100011000100110000010110001010010100001001000000011000001011
00001010111001001001001010000000000000001000000000101011000000000100000010001011100011000000001000000101000100100000000010110001
01001101011000000101010010000000100000001011000000100000001011101000000000111010000001000000000001100000001011000010100110000000
01010000100111001000000000000011000110011001000010001011001110000000100001000001001011000000110110101001000000000100111100100000
00000000100100100000000000000011011000100010000100010011000000110010001111111100011001010110000000100000000000000000000100101010
00000000000000000000000000000000000100010000001000000010000000000100000111000111010000000000000000000001000111100010000100110001
10000010001000000001000001100010001101000000010000000000100010000000010000000011001000000011100000010010000100100000100001101000
10101000100100100010011000100000100000000010010101010000000101101000010011101101001000010010001100000010000100010011010000000011
01000000000101001000000110000000010001010001000001010110000010000000000011000100010001010000010010000000100010110000000100001000
01000000010001010110101010001100001000010010000001010100100001100000100110000000000100000101000000001010000000000010111000010001
00110000010000010000100000000010001100000000100000011110100000001001100100001010001000001000010001001100000001000010000001100000
00100001001100100001100000000001000100001011110100000111100011100100010110010100101000000001000100100001000010000010000000000000
00000000000000000000000000000000000011000000011000010100111000010000000000001000100000000011000000000000000011100000010000000001
00001010010001000000000010010000000010100000010011010100000000010100000100000000100100010000100000100000010100000000100101110001
00100000001001000000100000000000100000011000000000000000101101000000000001100010000100011000000000000000010000010000000011000000
11000010100100000100010000000001000000100100001000000011001001010000100010101110000000000101001100001000110101000011001000100001
01100101000001100101000000010010000100000000010000001000000100010001010010000100010000000111010000110101010000000111000001101100
00110011011100000010000110000000001001010000110011001010000000101010000110011011000010000000110001010000000000010000101000100000
01010010010000011010000010100000000011001100001000000001111000100001000001000010000100000000010000001000000000000100100100010011
00000000000000000000000000000000010100010001000000001000000000100000000101001000100000110001000000010000000000001000001110110000
00010000000010100001000010001011100011000010000010000110100011000001000000010010000000001000000011100000001000100000001000010001
11011110100000001010000000100000000000100001100000100000000000100000010011000000010001011110010010000000001001000100100000001100
10001110001110000000101010001000000000010110001000001000110010000011000010000000110001000000000001000011000110001000000000000000
01010000101010010000100000000000000001010000000000000110000001010100000001101100101000100000000100000001110011000001100011001000
10100100010001100000000001000111000111000000000010001010100100000000000000000000000110101010001001111000000001000001100110001000
00100110110000100001000111101001010000001000000100100000010001100100000000000000100010101100001100000100100111000001100010010000
00000000000000000000000000000000101011100100000101000000100100000001010100000000000000000100000000001011001011001101001001000000
00010100000000001000000000000011001000010010110001000001000000000000000000001000000000001001011001001001110000000000010010101010
00000010000010010010011000000001000000010000000000000000000000000000100000000010000101100000000011000000010001001000001010010111
01100000100100000011010100100000011000100100000000000100000000000101100000001001100000010000000000110100100000000000000010001011
11100001000101010010001100001001000000100000000100000111000000010011100100110010000000001101000100000000110000101000010010010100
11001000011101100000100010000001001001000101000001000101000000110000000100000010100101101010000010010111100100011100000101001000
10000000100010000010000000110000000000101000110000101110101000000000000000011010010000000000100000000100000010001110000000000110
00000000000000000000000000000000000010000000001000101000010000000000000000000111100010110000000010010010010100010001010101010011
00001010000000001010000100000001000100010000011000001000100100100011000001000000001011010100000000010010001000000000000001000010
00000110001011010000001000000010010001010000010010000000000101000000000011010110000000000000000000110000100001001100100000001011
00000100001100000100001000000000101111000110010000100000101000010001100010000110000100000101000001000000000001011110100001000001
01000100001011000100101000010000000000010000100001111011001100000010000110101000011000000010001101000001010000000010000100100000
00000000010011010000110101010000000010000011000000000000110001010000000110001011101110001000000000001000100000000100110101001000
00000001001010100011011000001000000000100011000010110010000100001000001100000100100000011011010100110000100100100010010100001000
00000000000000000000000000000000011100011000010101010011000000000100010000000010000000000001000001101101100000000010010100000101
00000000100000110111000100000010000000011001111100101000001111110000000000010000010000001000000000100000001100000001001000110010
00000000000100000010000000000000010000101011100000000000010100010011011000001100001110100100010001010000001100100000011010000100
00010100101001000000001010010010010000010010100001000001000010000011000000000011100000000000011011101000011011000100000100001000
00000000001101100100100010101100010100101000100000010000000100010000000010000000010110110000001000101000000100000000100000000001
01001001000101111000000000011101000100000000100101001011000100000100010010010001000000000010000100001101000010110010000001001000
00000000000010010010000000000000011000000100000110001000101000010000000000000101000010000000100010011100001110000010000110100000
00000000000000000000000000000000000000001000001111001100100010100100010111010110100001000001011000100000010101000001100101011000
01010011010000000001001111000000001100000001000000000110000100000100000011010100100000100001000010001000100000100000000110000011
00011110011000011011011001100000101100110010101101010010000100000001001101110101110010101000000000001001000000110000010001110100
10001001011000001000111000001001010010001000000011000101101000100000000000001100100011000000000001010110100000000000010000000000
01001001000101000000101010100010000010000010010000100000100001010110000010111000001000000000011000000001100110000100000000001000
00110011010000011110110100000000001010100101000000011101100000000100100000100000010110000010000100000000100000100000000000011000
00101000000001000000000000010011000010100000011000010000100000000001100100101001011001000000000010100100010101000000001010100000
00000000000000000000000000000000000000100000000010000000100100001010010010000100100100001000100011000001010000000110001000010001
00011100000000001010000000000000001001000100110000010001001000000000010010011100110000000100000000000100000000000110101000001000
00100100100010010000010100000010000100000000111110000001100000111000000000010100000010000001011000100100100111000110000101100101
00000000000011100111100000000000010100000001100000100000100010001110000000000100000100000000000000100000000000000010101000000010
01000000000001001001010110110000000000000001000000000000000100010010100010001001000000010010000010100001000010100100001000101110
11100101001000100010000011000001100000000100001000000000100011001000000100000100001110100000000010110010000101101001111001001100
00100001000001101000000110000001000100000000000000110101110000010110000000011100100010001100010001000000011001101100010100000001
00000000000000000000000000000000100000011000100000100000100100001001000000000000100000100100010010000001000001100100000000000011
00000010000001101010100101010010000000001100000010100100000110101000000000000001000011100010000000100000000000010000000100001100
01000000000010100000010100001000000001000001010000101000000100001100010000000010110000110100000000000111001000000100011000111001
00100000010001010100100000101100001011000001011100010001101101001000000101000000010000000000000000110000010001000100000000100001
00000011000001010001100001000000000000100001000001010000011010101000100010000100110000001111101101001000010001101010101100001000
01010000000010100011011000011000000001000000000011010000010001100000000000000111001001000000101000011010001000001001000000011001
00000110001010000010100000100000010100100001011100101110000010010011001100000010000110100010000000111100001010000110000001100111
00000000000000000000000000000000000110000010101010000010010001001000000000011000000000100001110000000000100010100110000110000101
00000001101000000000000010000100000000000000011110011001110000000011001100001100110000000010100000010000100010001110000000100001
00000100001100000010000100100001001000001000101010000010010010110000010000010010000000100000001000010110000000010000100000000011
00001010000100110000000010000100010001110000000000010000110011101000001010000001000100000000000000000000010110011001001000100000
11110000110100010010100000010000000011000000000100000100100100111100001100000100000110000010001100000000000011000000000100100000
00001000000011000011010100101001001000000100000000001000010001100101100001000101000000011010000100000000110000000100010001001100
11000010010001000100110011000000000000000000000000001000000000101110100001010000000100000011001110000100001101010010000100010001
00000000000000000000000000000000001100010000000100101000000000001000000101000000000000011100010000001001000000100010101011011011
11000001000011001100010100100000000100001000000000000101001011100000010001000000011000000000010100011000100001000000110000000001
00010000000111000000000010011010101101000101100000010010101000000011000001001011000000010000100100100100010000000010000000101001
10010000001000001010000001010000101100100000100000001000001001000000000000100000000101001000100000001010000001000000001100000000
11000101001001110000110111100010110100000001001001011010000000010001100101111101000001110001110000001101001000000010010000000011
00000010111000000000001100000000001000000001100000001000011000011001000000001011010100001110100000010000011000101100010001000101
10101000000110010000000101000100100000100000000000001000000100000010010001010001100101100010000000001100000100000010110110000000
00000000000000000000000000000000000000000011000011010101010110000000000101001011010001010000100100110000001000100000101000010010
00110100001000010000110000101110110100001000000001000000001000000001101100010101100000000100000100011000001000000000000100000000
00001000110000000001000000000011011000000100100100000000000000000010000011000000110011100010101000000000100000100100001000001000
00000000100000110100000010111000000000001001000001000000010100010100000010000001000110010000000100000000000100010010100100001000
10100000010001010100001110100011100010000100100000110100111010010000110000011100010100000000010011010101011001001100001000101100
01000000000011000000011100000100000000010010000010001101000110000000001000000001000110101000000000111000010010110011100011011010
00001001001000100000101001100101110000000000101000010001100001000010001000000011010011000000010001010000000000000001101011100100
00000000000000000000000000000000000000001010000011010000000000011000000000100100000000001000001000100011100000000000000000000000
00001100000111011000001000000101110100000010000001100000010000000011010010000000000000001100000000000100100010110000100001010000
00110010000000001010010000000001000000000111110000010000110100000100000110011000000100000001010001100100100000100100001000000000
01001000010001100110101000000100001101000000000100010010100001000000010100000000010000000001000000001000000100000001001010001110
10001001001001000000100000100110001000000000100000110000001000000000000000110010000100000000000001000000100000000010100100000000
10010011010000010100000001110010001101101001000010001001010000100001000000100000001000000000000000000000000000100001110000010000
00100100000101001100001100010001001000100000000000100000101000011010100001000001100001000010100000000000000001010010011100000001
00000000000000000000000000000000000101000000000110001000000001000000010010000101000000000000011100111000001000000111101001100000
10001000001000001100000001000000101100110010000001100101010000100100000000000001111010000000110010000010010000001100000000010000
01000001000100000000000010000000000000001100001000000001000000100011100110011010000010100000001000000000000000000000001101101000
00001010011000000000100000000000000100011001011000100101000111000000000000000011010000001100000000100000100100000100000000100100
00000001001010000000111000101000011111000111110000000011000000000000000000000010101100000000001010100000001000000110100100000000
01100001000001010000010000010010000000010101100010000100100101100000000010110000010000000010000001100100000110000100000100011000
00100010010000000111000100000000000001001010111100000000101000001101010000101000010110000100101000000000100000111100000001100101
00000000000000000000000000000000100100000001100010010110100000001001100001000000010000010001010010100100001000100000000100100110
00100000100000010000001000101111010000000000111010000000110000000000100100000000000000000100010000100000001001100000001100000000
00000010100000000001010010001010000000000001000011001100001001011100000000000000001001000000000000100001100100110010000000000011
00000000011000100000000010000010011100000010100010101000100000000111100100000000000000111000001011000110000000101001111000101001
00010001010000001000010100000100111011001001100001010010000000010000010100000100000101001000100100010000100000000100100100100001
00000000001000000010100011001010100010100000000000000001000001010011010010100000001000010100010000000110001000100001010000110100
00010100000000000000110000010001100000100000100000100000010000000000110000000000001000010110011000010000000011001000000010001001
00000000000000000000000000000000000010100000000000010000010000001001000000001000001000000000110001001001110001000010010101000000
01100010100001010000010100100001010010000100101001001100010010000000001001000000001000101100110000010000100001000000010001100010
10000000000100010000010100010000000010000010100000010000000011010000000000001010010000100000000000000000000100000001000000000101
00100000000110000010000100001000101000000111000100001101000000110101000000000011000100000000010010010000000000001101111001000000
01000010000000000010000001010110000000000000001000000000000010000010010101000100000000000110000000001100101101000001000010010000
00000100000000010000010001000000000000010001000010100000101010000000000000000000000010000001000100010000000011010010001010010000
00010100100000011010011001100000010000100010001101000010000000100100000011000000100101110010100000010000010001100000100000001001
00000000000000000000000000000000100000000000000100010001000011001000000010110000000101000010100000000101000001000110001000000001
00100001000001001000000000001001000000100110110000000000000100001000000001001000000000000100000110011000110001011010000000110001
00000000000001100000001111000010100000010000101010000000010000001000000000000010000010000010000000001000100000000011000010010000
00101100111001000000001100000000000110000000010100010010101000010010011001100001000010111000001000100000001100010000001010001000
10000000100100100000001001000000011100000111001101010110001010000000000100000110010111000100010000000001000001000000011001100000
00100000101100010001100100001000000001001000111100001001010000000010010010000100100100000000000001000010000010000000010000000110
01000000110000000000100000010000001000100000000000100000011001000001000010000110011101000000000110111100001000100101110110000001
00000000000000000000000000000000100100100000000000000000100000100101100010101000101000100000010000000000001000001000000100010100
00000001010001001000000010000001100000100000001111001000000000001100111000101110000000000000000000000100000000100010001010000010
00000000000000001010000001000000100010001100100000010110000000011010000100110000000000010001001000110000010000000000001110001000
00000000000100001000000000000100101000000000000100010000010010100000010001010000000000000010010000000000100010110100000001000000
00000001100010010001000001000100100100001000000000100010100110101010101001000000000000110001100110011001000010010000000110001011
00000000000001000000010011001100011000001100010100000000110000111001100001101000010000000010011010000001000000101000100000100000
00100000000010111001111010001000000001001000010000101011001101000000100111110000011000000100000010101110000000111100010100110100
00000000000000000000000000000000000000010101000010000001000000100001000001000110011000000000000010001011001001001100001011000001
00011000100001010001001001101001010000000000000000010000000000100011101000001010000000000000001000101000010000001000100010100100
00010100010000001000010100011001000010010000100101000000100110000001000000000100010011111000110010000101000000101010000010001000
10000010000000000000100000001100000000001011000000000011000000001001001000010010000010000100001000000010011100000000010110001000
10001000110010110010100000011010000001001000000001101000110000100010010000001100000000100000010100100000110000101000010010100000
00000001000001011100011001000000011000011010000000101101100110000100000110001101001011110001000010000001110110101000010100101000
10000000100000000000101000000000000001000010010000010000000101010010100101000000000000010000000000000001000000000010010001100110
00000000000000000000000000000000011001000000010001111001000100000000100101000001011000001000001000000000000000000110111100100101
10111011010010000000000010110000100011000100000010000001000001010110000000010000111000100000000000001100101101010111100000000000
10001010100001011001010000100010110000000100000010000001011001000100000000001000100001011010000100010010001010100000000110100001
00100010000011100000000001010000011010110010000000011011000000000000010010010000100010100001000010100000100110001000100000000000
00010000010110011000000010000010001010001100110001000000011000001001000000000001000001110010010000110010011100110000001000000000
01000010000100000000100101000000010100110010001000100001010001000000101100010000000000010000110110010001000010100000000000001011
11010000101011000100000000100100100000011000000000011010000000000000000000001001000000001000000100111101000100000010000001000011
00000000000000000000000000000000000001000100111000010100110000001000001000000010101101100100100001000010110001000001000010111000
00010100000000010100000001110010000000001010000000011001011010111000001110011000101010001100001100101001100100100000100110010000
00001100000100110001000000000000010011000001000100000001100000000100100010000010010000000100000000100100001000001000000111000011
01001001100010100010000010001000100100010011010000100000000000010100000000000010000000000000001001001101001010011000000000100111
01011111000001100000100000010001000010100100000000100010000000100000000001010000100001101000000010000000000010000000100101000001
00101011100100000000100110000000000010000010010000000000010100000010000000001000100010011011001000001010000111010000001000001100
00100010011101000000100100000000000000000100110010101001000100000100010001000000000010000100000000010000001000000101110000011100
00000000000000000000000000000000100010001000000011000100000010101100000000001000000010010101001001100000001011000000100001100000
10000101000110001101010000100100010100100000100001010000010010000001000101000000010000100000100000000010001010111000010000000000
10010100110010010011000000000000000100010011000010011000001001001100111010001001010100001000000010101000000000000110010000010000
00000010001000000000011010010100100000000000000110010001000001001000000010011010000010001001000000001000100001000001000001000100
01011001000000010101010100100100010000010000101000000001000101000001000001000010000000100110110100000011000100100110101000100000
00000011110000100000001000100100000111010010001001101000000000100001000100100100001001000000000000000101000010000101011000000000
01000000010001000101000001000000010101000000011000001010010000000010000011000111001001001000001000000000100010010000000000100000
00000000000000000000000000000000100100000000001010110000001100000001100000100000000110001000110000100000000000100001000000100001
10010000010001001001000100000000010101000000111000010010100001000001001000010000100000001000000011101000100010000111000010000010
00001001000000000001101100000000011000000110001110000001001100110100000001111110101000110000100001101001000110011011110000010001
01000000000100011001101000000001000010111000100000100000000010100000100000010000000000001000000000000001000000010000100010000000
00011001000000100001001000001011000100110111100010000100100000001001010000000100011100010000100100000000000000000000100010001100
10010100010000010001001000001000111100011000011010000001100001010010000100000110000001111011000000100001000100100100000010010010
00101010001000110000001101000010010010010010000000100001000100000000000000010010101000100010010100001000100001000000000100000001
00000000000000000000000000000000000000000001001100000100000000100000000100010001010100110010110000000010100010010000000011010010
00000001010011011100001110000000010001001011000011000000001000001001000000010100110000000100000010110011000000000100000000110100
10000000011000000000000011100010000100110101011000000000000000000000100011010011010100000000010000001000000010001000000001101110
00000000000001000110000001100000000011000000010011000000001001010011010000110000101110000000110100000001010100100100011100101110
00000001000000000000101010000000100000001011010010100100000000010111011001101101000100110100100000100000100000100001000100001000
00101000000010000000000100000001001000000011000000000100001010000101000000000011100100110000101000000000100010001001000011000100
11000000100001000011010001000000000110000000000000000100001000000000000010000001000100010011010010000010010000001100000000000000
00000000000000000000000000000000100000001000010010000000000000000111101001000000001110010010100100000000001111110100000000111001
00101001010100000000110100100000000001001000100000000000000010000000100000000001101000100000000000011001010011000100000101000001
01001000000000110101010000010110000001001000011000011100010001100000001100101000000100101010110010001000000000100111001001001000
01000000100011010000101000010110000001000011100111010000000001000110011010000000100000010010000001000001000000001000010000010110
00010000000000001000010100100110100000010001010100000010001001000000010101001010000000100000110010100001010001110010000000001001
10001000100000111000011000101010000000111000010100000010011001010000000101000010010001000000100000001100000100000100100010000000
01010010010110000000000010000000000011000001010110001000010110001001100000001000000010000000000000000000110000101100000000000000
00000000000000000000000000000000000001011101000001000000010000000001100000000000000010000000000100000010010001000000001000001111
00000011000000110101001010000011100000010000001101001000111100111000100001001001000100000101001000101001000100000000001001100010
00001000000100010100100100000000010100000000000000000000000100100010010010001101001010100100100000100010000000001000010001000001
00000100100100010111101001100001000000000000000100000100000000000001000000100000100010001100001000000001000000001000000101000001
10100000000100101000000101001100010001001000100001000000001000101000110000100011010010010010000010000000010000000001010110001000
00100010100000010000110000000101000000000000101001000001000010000000100100101110000001001000010110000000000000101011000100001100
11000000001011010001000010001000001001010000000000101100000000011000000110100001000000110000000100100000000001000011010001000000
00000000000000000000000000000000000011011000000000001100000000111100000011000000100000001101000000011100000000101100100000000000
00111100001000100101000100010100100001000001000000001000000000011000000000101000000000010101000000011000100111000000100000010000
00000001010000001100000101100010010000010010101000010100000000100000010000000000101000000011111011000000100100010001001101001100
00011000000001100001000001011010000001110000000000000000000000000001000110000001000001001000000000000000010100001001001000100111
00011001010011000000001000100000100000001000100000001000000000001000100001100000010001000000000000001000001100000000101000000000
00100000011000100000000000010110000000010000001000100101001000001001100011000001000010001100000000000000100000001000100000100001
01001000101000000000000100011000010000000110000110000000010000000000110001000001000100000000000001000000000010010100001101001000
00000000000000000000000000000000011000000000000000001000011000100110000011010101011100010111000001100001000000000000000010000010
00000000000000000000000000000000000000000000000000000000000000000000000000000000000000000000000000000000000000000000000000000000
00000000000000000000000000000000000000000000000000000000000000000000000000000000000000000000000000000000000000000000000000000000
00000000000000000000000000000000000000000000000000000000000000000000000000000000000000000000000000000000000000000000000000000000
00000000000000000000000000000000000000000000000000000000000000000000000000000000000000000000000000000000000000000000000000000000
00000000000000000000000000000000000000000000000000000000000000000000000000000000000000000000000000000000000000000000000000000000
00000000000000000000000000000000000000000000000000000000000000000000000000000000000000000000000000000000000000000000000000000000
00000000000000000000000000000000000000000000000000000000000000000000000000000000000000000000000000000000000000000000000000000000
00000000000000000000000000000000000000000000000000000000000000000000000000000000000000000000000000000000000000000000000000000000
00000000000000000000000000000000000000000000000000000000000000000000000000000000000000000000000000000000000000000000000000000000
00000000000000000000000000000000000000000000000000000000000000000000000000000000000000000000000000000000000000000000000000000000
00000000000000000000000000000000000000000000000000000000000000000000000000000000000000000000000000000000000000000000000000000000
00000000000000000000000000000000000000000000000000000000000000000000000000000000000000000000000000000000000000000000000000000000
00000000000000000000000000000000000000000000000000000000000000000000000000000000000000000000000000000000000000000000000000000000
00000000000000000000000000000000000000000000000000000000000000000000000000000000000000000000000000000000000000000000000000000000
00000000000000000000000000000000000000000000000000000000000000000000000000000000000000000000000000000000000000000000000000000000
00000000000000000000000000000000000000000000000000000000000000000000000000000000000000000000000000000000000000000000000000000000
00000000000000000000000000000000000000000000000000000000000000000000000000000000000000000000000000000000000000000000000000000000
00000000000000000000000000000000000000000000000000000000000000000000000000000000000000000000000000000000000000000000000000000000
00000000000000000000000000000000000000000000000000000000000000000000000000000000000000000000000000000000000000000000000000000000
00000000000000000000000000000000000000000000000000000000000000000000000000000000000000000000000000000000000000000000000000000000
00000000000000000000000000000000000000000000000000000000000000000000000000000000000000000000000000000000000000000000000000000000
00000000000000000000000000000000000000000000000000000000000000000000000000000000000000000000000000000000000000000000000000000000
00000000000000000000000000000000000000000000000000000000000000000000000000000000000000000000000000000000000000000000000000000000
00000000000000000000000000000000000000000000000000000000000000000000000000000000000000000000000000000000000000000000000000000000
00000000000000000000000000000000000000000000000000000000000000000000000000000000000000000000000000000000000000000000000000000000
00000000000000000000000000000000000000000000000000000000000000000000000000000000000000000000000000000000000000000000000000000000
00000000000000000000000000000000000000000000000000000000000000000000000000000000000000000000000000000000000000000000000000000000
00000000000000000000000000000000000000000000000000000000000000000000000000000000000000000000000000000000000000000000000000000000
00000000000000000000000000000000000000000000000000000000000000000000000000000000000000000000000000000000000000000000000000000000
00000000000000000000000000000000000000000000000000000000000000000000000000000000000000000000000000000000000000000000000000000000
00000000000000000000000000000000000000000000000000000000000000000000000000000000000000000000000000000000000000000000000000000000
00000000000000000000000000000000000000000000000000000000000000000000000000000000000000000000000000000000000000000000000000000000
00000000000000000000000000000000000000000000000000000000000000000000000000000000000000000000000000000000000000000000000000000000
00000000000000000000000000000000000000000000000000000000000000000000000000000000000000000000000000000000000000000000000000000000
00000000000000000000000000000000000000000000000000000000000000000000000000000000000000000000000000000000000000000000000000000000
00000000000000000000000000000000000000000000000000000000000000000000000000000000000000000000000000000000000000000000000000000000
00000000000000000000000000000000000000000000000000000000000000000000000000000000000000000000000000000000000000000000000000000000
00000000000000000000000000000000000000000000000000000000000000000000000000000000000000000000000000000000000000000000000000000000
00000000000000000000000000000000000000000000000000000000000000000000000000000000000000000000000000000000000000000000000000000000
00000000000000000000000000000000000000000000000000000000000000000000000000000000000000000000000000000000000000000000000000000000
00000000000000000000000000000000000000000000000000000000000000000000000000000000000000000000000000000000000000000000000000000000
00000000000000000000000000000000000000000000000000000000000000000000000000000000000000000000000000000000000000000000000000000000
00000000000000000000000000000000000000000000000000000000000000000000000000000000000000000000000000000000000000000000000000000000
00000000000000000000000000000000000000000000000000000000000000000000000000000000000000000000000000000000000000000000000000000000
00000000000000000000000000000000000000000000000000000000000000000000000000000000000000000000000000000000000000000000000000000000
00000000000000000000000000000000000000000000000000000000000000000000000000000000000000000000000000000000000000000000000000000000
00000000000000000000000000000000000000000000000000000000000000000000000000000000000000000000000000000000000000000000000000000000
00000000000000000000000000000000000000000000000000000000000000000000000000000000000000000000000000000000000000000000000000000000
00000000000000000000000000000000000000000000000000000000000000000000000000000000000000000000000000000000000000000000000000000000
00000000000000000000000000000000000000000000000000000000000000000000000000000000000000000000000000000000000000000000000000000000
00000000000000000000000000000000000000000000000000000000000000000000000000000000000000000000000000000000000000000000000000000000
00000000000000000000000000000000000000000000000000000000000000000000000000000000000000000000000000000000000000000000000000000000
00000000000000000000000000000000000000000000000000000000000000000000000000000000000000000000000000000000000000000000000000000000
00000000000000000000000000000000000000000000000000000000000000000000000000000000000000000000000000000000000000000000000000000000
00000000000000000000000000000000000000000000000000000000000000000000000000000000000000000000000000000000000000000000000000000000
00000000000000000000000000000000000000000000000000000000000000000000000000000000000000000000000000000000000000000000000000000000
00000000000000000000000000000000000000000000000000000000000000000000000000000000000000000000000000000000000000000000000000000000
00000000000000000000000000000000000000000000000000000000000000000000000000000000000000000000000000000000000000000000000000000000
00000000000000000000000000000000000000000000000000000000000000000000000000000000000000000000000000000000000000000000000000000000
00000000000000000000000000000000000000000000000000000000000000000000000000000000000000000000000000000000000000000000000000000000
00000000000000000000000000000000000000000000000000000000000000000000000000000000000000000000000000000000000000000000000000000000
00000000000000000000000000000000000000000000000000000000000000000000000000000000000000000000000000000000000000000000000000000000
00000000000000000000000000000000000000000000000000000000000000000000000000000000000000000000000000000000000000000000000000000000
00000000000000000000000000000000000000000000000000000000000000000000000000000000000000000000000000000000000000000000000000000000
00000000000000000000000000000000000000000000000000000000000000000000000000000000000000000000000000000000000000000000000000000000
00000000000000000000000000000000000000000000000000000000000000000000000000000000000000000000000000000000000000000000000000000000
00000000000000000000000000000000000000000000000000000000000000000000000000000000000000000000000000000000000000000000000000000000
00000000000000000000000000000000000000000000000000000000000000000000000000000000000000000000000000000000000000000000000000000000
00000000000000000000000000000000000000000000000000000000000000000000000000000000000000000000000000000000000000000000000000000000
00000000000000000000000000000000000000000000000000000000000000000000000000000000000000000000000000000000000000000000000000000000
00000000000000000000000000000000000000000000000000000000000000000000000000000000000000000000000000000000000000000000000000000000
00000000000000000000000000000000000000000000000000000000000000000000000000000000000000000000000000000000000000000000000000000000
00000000000000000000000000000000000000000000000000000000000000000000000000000000000000000000000000000000000000000000000000000000
00000000000000000000000000000000000000000000000000000000000000000000000000000000000000000000000000000000000000000000000000000000
00000000000000000000000000000000000000000000000000000000000000000000000000000000000000000000000000000000000000000000000000000000
00000000000000000000000000000000000000000000000000000000000000000000000000000000000000000000000000000000000000000000000000000000
00000000000000000000000000000000000000000000000000000000000000000000000000000000000000000000000000000000000000000000000000000000
00000000000000000000000000000000000000000000000000000000000000000000000000000000000000000000000000000000000000000000000000000000
00000000000000000000000000000000000000000000000000000000000000000000000000000000000000000000000000000000000000000000000000000000
00000000000000000000000000000000000000000000000000000000000000000000000000000000000000000000000000000000000000000000000000000000
00000000000000000000000000000000000000000000000000000000000000000000000000000000000000000000000000000000000000000000000000000000
00000000000000000000000000000000000000000000000000000000000000000000000000000000000000000000000000000000000000000000000000000000
00000000000000000000000000000000000000000000000000000000000000000000000000000000000000000000000000000000000000000000000000000000
00000000000000000000000000000000000000000000000000000000000000000000000000000000000000000000000000000000000000000000000000000000
00000000000000000000000000000000000000000000000000000000000000000000000000000000000000000000000000000000000000000000000000000000
00000000000000000000000000000000000000000000000000000000000000000000000000000000000000000000000000000000000000000000000000000000
00000000000000000000000000000000000000000000000000000000000000000000000000000000000000000000000000000000000000000000000000000000
00000000000000000000000000000000000000000000000000000000000000000000000000000000000000000000000000000000000000000000000000000000
00000000000000000000000000000000000000000000000000000000000000000000000000000000000000000000000000000000000000000000000000000000
00000000000000000000000000000000000000000000000000000000000000000000000000000000000000000000000000000000000000000000000000000000
00000000000000000000000000000000000000000000000000000000000000000000000000000000000000000000000000000000000000000000000000000000
00000000000000000000000000000000000000000000000000000000000000000000000000000000000000000000000000000000000000000000000000000000
00000000000000000000000000000000000000000000000000000000000000000000000000000000000000000000000000000000000000000000000000000000
00000000000000000000000000000000000000000000000000000000000000000000000000000000000000000000000000000000000000000000000000000000
00000000000000000000000000000000000000000000000000000000000000000000000000000000000000000000000000000000000000000000000000000000
00000000000000000000000000000000000000000000000000000000000000000000000000000000000000000000000000000000000000000000000000000000
00000000000000000000000000000000000000000000000000000000000000000000000000000000000000000000000000000000000000000000000000000000
00000000000000000000000000000000000000000000000000000000000000000000000000000000000000000000000000000000000000000000000000000000
00000000000000000000000000000000000000000000000000000000000000000000000000000000000000000000000000000000000000000000000000000000
00000000000000000000000000000000000000000000000000000000000000000000000000000000000000000000000000000000000000000000000000000000
00000000000000000000000000000000000000000000000000000000000000000000000000000000000000000000000000000000000000000000000000000000
00000000000000000000000000000000000000000000000000000000000000000000000000000000000000000000000000000000000000000000000000000000
00000000000000000000000000000000000000000000000000000000000000000000000000000000000000000000000000000000000000000000000000000000
00000000000000000000000000000000000000000000000000000000000000000000000000000000000000000000000000000000000000000000000000000000
00000000000000000000000000000000000000000000000000000000000000000000000000000000000000000000000000000000000000000000000000000000
00000000000000000000000000000000000000000000000000000000000000000000000000000000000000000000000000000000000000000000000000000000
00000000000000000000000000000000000000000000000000000000000000000000000000000000000000000000000000000000000000000000000000000000
00000000000000000000000000000000000000000000000000000000000000000000000000000000000000000000000000000000000000000000000000000000
00000000000000000000000000000000000000000000000000000000000000000000000000000000000000000000000000000000000000000000000000000000
00000000000000000000000000000000000000000000000000000000000000000000000000000000000000000000000000000000000000000000000000000000
00000000000000000000000000000000000000000000000000000000000000000000000000000000000000000000000000000000000000000000000000000000
00000000000000000000000000000000000000000000000000000000000000000000000000000000000000000000000000000000000000000000000000000000
00000000000000000000000000000000000000000000000000000000000000000000000000000000000000000000000000000000000000000000000000000000
00000000000000000000000000000000000000000000000000000000000000000000000000000000000000000000000000000000000000000000000000000000
00000000000000000000000000000000000000000000000000000000000000000000000000000000000000000000000000000000000000000000000000000000
00000000000000000000000000000000000000000000000000000000000000000000000000000000000000000000000000000000000000000000000000000000
00000000000000000000000000000000000000000000000000000000000000000000000000000000000000000000000000000000000000000000000000000000
00000000000000000000000000000000000000000000000000000000000000000000000000000000000000000000000000000000000000000000000000000000
00000000000000000000000000000000000000000000000000000000000000000000000000000000000000000000000000000000000000000000000000000000
00000000000000000000000000000000000000000000000000000000000000000000000000000000000000000000000000000000000000000000000000000000
00000000000000000000000000000000000000000000000000000000000000000000000000000000000000000000000000000000000000000000000000000000
00000000000000000000000000000000000000000000000000000000000000000000000000000000000000000000000000000000000000000000000000000000
00000000000000000000000000000000000000000000000000000000000000000000000000000000000000000000000000000000000000000000000000000000
00000000000000000000000000000000000000000000000000000000000000000000000000000000000000000000000000000000000000000000000000000000
00000000000000000000000000000000000000000000000000000000000000000000000000000000000000000000000000000000000000000000000000000000
00000000000000000000000000000000000000000000000000000000000000000000000000000000000000000000000000000000000000000000000000000000
00000000000000000000000000000000000000000000000000000000000000000000000000000000000000000000000000000000000000000000000000000000
00000000000000000000000000000000000000000000000000000000000000000000000000000000000000000000000000000000000000000000000000000000
00000000000000000000000000000000000000000000000000000000000000000000000000000000000000000000000000000000000000000000000000000000
00000000000000000000000000000000000000000000000000000000000000000000000000000000000000000000000000000000000000000000000000000000
00000000000000000000000000000000000000000000000000000000000000000000000000000000000000000000000000000000000000000000000000000000
00000000000000000000000000000000000000000000000000000000000000000000000000000000000000000000000000000000000000000000000000000000
00000000000000000000000000000000000000000000000000000000000000000000000000000000000000000000000000000000000000000000000000000000
00000000000000000000000000000000000000000000000000000000000000000000000000000000000000000000000000000000000000000000000000000000
00000000000000000000000000000000000000000000000000000000000000000000000000000000000000000000000000000000000000000000000000000000
00000000000000000000000000000000000000000000000000000000000000000000000000000000000000000000000000000000000000000000000000000000
00000000000000000000000000000000000000000000000000000000000000000000000000000000000000000000000000000000000000000000000000000000
00000000000000000000000000000000000000000000000000000000000000000000000000000000000000000000000000000000000000000000000000000000
00000000000000000000000000000000000000000000000000000000000000000000000000000000000000000000000000000000000000000000000000000000
00000000000000000000000000000000000000000000000000000000000000000000000000000000000000000000000000000000000000000000000000000000
00000000000000000000000000000000000000000000000000000000000000000000000000000000000000000000000000000000000000000000000000000000
00000000000000000000000000000000000000000000000000000000000000000000000000000000000000000000000000000000000000000000000000000000
00000000000000000000000000000000000000000000000000000000000000000000000000000000000000000000000000000000000000000000000000000000
00000000000000000000000000000000000000000000000000000000000000000000000000000000000000000000000000000000000000000000000000000000
00000000000000000000000000000000000000000000000000000000000000000000000000000000000000000000000000000000000000000000000000000000
00000000000000000000000000000000000000000000000000000000000000000000000000000000000000000000000000000000000000000000000000000000
00000000000000000000000000000000000000000000000000000000000000000000000000000000000000000000000000000000000000000000000000000000
00000000000000000000000000000000000000000000000000000000000000000000000000000000000000000000000000000000000000000000000000000000
00000000000000000000000000000000000000000000000000000000000000000000000000000000000000000000000000000000000000000000000000000000
00000000000000000000000000000000000000000000000000000000000000000000000000000000000000000000000000000000000000000000000000000000
00000000000000000000000000000000000000000000000000000000000000000000000000000000000000000000000000000000000000000000000000000000
00000000000000000000000000000000000000000000000000000000000000000000000000000000000000000000000000000000000000000000000000000000
00000000000000000000000000000000000000000000000000000000000000000000000000000000000000000000000000000000000000000000000000000000
00000000000000000000000000000000000000000000000000000000000000000000000000000000000000000000000000000000000000000000000000000000
00000000000000000000000000000000000000000000000000000000000000000000000000000000000000000000000000000000000000000000000000000000
00000000000000000000000000000000000000000000000000000000000000000000000000000000000000000000000000000000000000000000000000000000
00000000000000000000000000000000000000000000000000000000000000000000000000000000000000000000000000000000000000000000000000000000
00000000000000000000000000000000000000000000000000000000000000000000000000000000000000000000000000000000000000000000000000000000
00000000000000000000000000000000000000000000000000000000000000000000000000000000000000000000000000000000000000000000000000000000
00000000000000000000000000000000000000000000000000000000000000000000000000000000000000000000000000000000000000000000000000000000
00000000000000000000000000000000000000000000000000000000000000000000000000000000000000000000000000000000000000000000000000000000
00000000000000000000000000000000000000000000000000000000000000000000000000000000000000000000000000000000000000000000000000000000
00000000000000000000000000000000000000000000000000000000000000000000000000000000000000000000000000000000000000000000000000000000
00000000000000000000000000000000000000000000000000000000000000000000000000000000000000000000000000000000000000000000000000000000
00000000000000000000000000000000000000000000000000000000000000000000000000000000000000000000000000000000000000000000000000000000
00000000000000000000000000000000000000000000000000000000000000000000000000000000000000000000000000000000000000000000000000000000
00000000000000000000000000000000000000000000000000000000000000000000000000000000000000000000000000000000000000000000000000000000
00000000000000000000000000000000000000000000000000000000000000000000000000000000000000000000000000000000000000000000000000000000
00000000000000000000000000000000000000000000000000000000000000000000000000000000000000000000000000000000000000000000000000000000
00000000000000000000000000000000000000000000000000000000000000000000000000000000000000000000000000000000000000000000000000000000
00000000000000000000000000000000000000000000000000000000000000000000000000000000000000000000000000000000000000000000000000000000
00000000000000000000000000000000000000000000000000000000000000000000000000000000000000000000000000000000000000000000000000000000
00000000000000000000000000000000000000000000000000000000000000000000000000000000000000000000000000000000000000000000000000000000
00000000000000000000000000000000000000000000000000000000000000000000000000000000000000000000000000000000000000000000000000000000
00000000000000000000000000000000000000000000000000000000000000000000000000000000000000000000000000000000000000000000000000000000
00000000000000000000000000000000000000000000000000000000000000000000000000000000000000000000000000000000000000000000000000000000
00000000000000000000000000000000000000000000000000000000000000000000000000000000000000000000000000000000000000000000000000000000
00000000000000000000000000000000000000000000000000000000000000000000000000000000000000000000000000000000000000000000000000000000
00000000000000000000000000000000000000000000000000000000000000000000000000000000000000000000000000000000000000000000000000000000
00000000000000000000000000000000000000000000000000000000000000000000000000000000000000000000000000000000000000000000000000000000
00000000000000000000000000000000000000000000000000000000000000000000000000000000000000000000000000000000000000000000000000000000
00000000000000000000000000000000000000000000000000000000000000000000000000000000000000000000000000000000000000000000000000000000
00000000000000000000000000000000000000000000000000000000000000000000000000000000000000000000000000000000000000000000000000000000
00000000000000000000000000000000000000000000000000000000000000000000000000000000000000000000000000000000000000000000000000000000
00000000000000000000000000000000000000000000000000000000000000000000000000000000000000000000000000000000000000000000000000000000
00000000000000000000000000000000000000000000000000000000000000000000000000000000000000000000000000000000000000000000000000000000
00000000000000000000000000000000000000000000000000000000000000000000000000000000000000000000000000000000000000000000000000000000
00000000000000000000000000000000000000000000000000000000000000000000000000000000000000000000000000000000000000000000000000000000
00000000000000000000000000000000000000000000000000000000000000000000000000000000000000000000000000000000000000000000000000000000
00000000000000000000000000000000000000000000000000000000000000000000000000000000000000000000000000000000000000000000000000000000
00000000000000000000000000000000000000000000000000000000000000000000000000000000000000000000000000000000000000000000000000000000
00000000000000000000000000000000000000000000000000000000000000000000000000000000000000000000000000000000000000000000000000000000
00000000000000000000000000000000000000000000000000000000000000000000000000000000000000000000000000000000000000000000000000000000
00000000000000000000000000000000000000000000000000000000000000000000000000000000000000000000000000000000000000000000000000000000
00000000000000000000000000000000000000000000000000000000000000000000000000000000000000000000000000000000000000000000000000000000
00000000000000000000000000000000000000000000000000000000000000000000000000000000000000000000000000000000000000000000000000000000
00000000000000000000000000000000000000000000000000000000000000000000000000000000000000000000000000000000000000000000000000000000
00000000000000000000000000000000000000000000000000000000000000000000000000000000000000000000000000000000000000000000000000000000
00000000000000000000000000000000000000000000000000000000000000000000000000000000000000000000000000000000000000000000000000000000
00000000000000000000000000000000000000000000000000000000000000000000000000000000000000000000000000000000000000000000000000000000
00000000000000000000000000000000000000000000000000000000000000000000000000000000000000000000000000000000000000000000000000000000
00000000000000000000000000000000000000000000000000000000000000000000000000000000000000000000000000000000000000000000000000000000
00000000000000000000000000000000000000000000000000000000000000000000000000000000000000000000000000000000000000000000000000000000
00000000000000000000000000000000000000000000000000000000000000000000000000000000000000000000000000000000000000000000000000000000
00000000000000000000000000000000000000000000000000000000000000000000000000000000000000000000000000000000000000000000000000000000
00000000000000000000000000000000000000000000000000000000000000000000000000000000000000000000000000000000000000000000000000000000
00000000000000000000000000000000000000000000000000000000000000000000000000000000000000000000000000000000000000000000000000000000
00000000000000000000000000000000000000000000000000000000000000000000000000000000000000000000000000000000000000000000000000000000
00000000000000000000000000000000000000000000000000000000000000000000000000000000000000000000000000000000000000000000000000000000
00000000000000000000000000000000000000000000000000000000000000000000000000000000000000000000000000000000000000000000000000000000
00000000000000000000000000000000000000000000000000000000000000000000000000000000000000000000000000000000000000000000000000000000
00000000000000000000000000000000000000000000000000000000000000000000000000000000000000000000000000000000000000000000000000000000
00000000000000000000000000000000000000000000000000000000000000000000000000000000000000000000000000000000000000000000000000000000
00000000000000000000000000000000000000000000000000000000000000000000000000000000000000000000000000000000000000000000000000000000
00000000000000000000000000000000000000000000000000000000000000000000000000000000000000000000000000000000000000000000000000000000
00000000000000000000000000000000000000000000000000000000000000000000000000000000000000000000000000000000000000000000000000000000
00000000000000000000000000000000000000000000000000000000000000000000000000000000000000000000000000000000000000000000000000000000
00000000000000000000000000000000000000000000000000000000000000000000000000000000000000000000000000000000000000000000000000000000
00000000000000000000000000000000000000000000000000000000000000000000000000000000000000000000000000000000000000000000000000000000
00000000000000000000000000000000000000000000000000000000000000000000000000000000000000000000000000000000000000000000000000000000
00000000000000000000000000000000000000000000000000000000000000000000000000000000000000000000000000000000000000000000000000000000
00000000000000000000000000000000000000000000000000000000000000000000000000000000000000000000000000000000000000000000000000000000
00000000000000000000000000000000000000000000000000000000000000000000000000000000000000000000000000000000000000000000000000000000
00000000000000000000000000000000000000000000000000000000000000000000000000000000000000000000000000000000000000000000000000000000
00000000000000000000000000000000000000000000000000000000000000000000000000000000000000000000000000000000000000000000000000000000
00000000000000000000000000000000000000000000000000000000000000000000000000000000000000000000000000000000000000000000000000000000
00000000000000000000000000000000000000000000000000000000000000000000000000000000000000000000000000000000000000000000000000000000
00000000000000000000000000000000000000000000000000000000000000000000000000000000000000000000000000000000000000000000000000000000
00000000000000000000000000000000000000000000000000000000000000000000000000000000000000000000000000000000000000000000000000000000
00000000000000000000000000000000000000000000000000000000000000000000000000000000000000000000000000000000000000000000000000000000
00000000000000000000000000000000000000000000000000000000000000000000000000000000000000000000000000000000000000000000000000000000
00000000000000000000000000000000000000000000000000000000000000000000000000000000000000000000000000000000000000000000000000000000
00000000000000000000000000000000000000000000000000000000000000000000000000000000000000000000000000000000000000000000000000000000
00000000000000000000000000000000000000000000000000000000000000000000000000000000000000000000000000000000000000000000000000000000
00000000000000000000000000000000000000000000000000000000000000000000000000000000000000000000000000000000000000000000000000000000
00000000000000000000000000000000000000000000000000000000000000000000000000000000000000000000000000000000000000000000000000000000
00000000000000000000000000000000000000000000000000000000000000000000000000000000000000000000000000000000000000000000000000000000
00000000000000000000000000000000000000000000000000000000000000000000000000000000000000000000000000000000000000000000000000000000
00000000000000000000000000000000000000000000000000000000000000000000000000000000000000000000000000000000000000000000000000000000
00000000000000000000000000000000000000000000000000000000000000000000000000000000000000000000000000000000000000000000000000000000
00000000000000000000000000000000000000000000000000000000000000000000000000000000000000000000000000000000000000000000000000000000
00000000000000000000000000000000000000000000000000000000000000000000000000000000000000000000000000000000000000000000000000000000
00000000000000000000000000000000000000000000000000000000000000000000000000000000000000000000000000000000000000000000000000000000
00000000000000000000000000000000000000000000000000000000000000000000000000000000000000000000000000000000000000000000000000000000
00000000000000000000000000000000000000000000000000000000000000000000000000000000000000000000000000000000000000000000000000000000
00000000000000000000000000000000000000000000000000000000000000000000000000000000000000000000000000000000000000000000000000000000
00000000000000000000000000000000000000000000000000000000000000000000000000000000000000000000000000000000000000000000000000000000
00000000000000000000000000000000000000000000000000000000000000000000000000000000000000000000000000000000000000000000000000000000
00000000000000000000000000000000000000000000000000000000000000000000000000000000000000000000000000000000000000000000000000000000
00000000000000000000000000000000000000000000000000000000000000000000000000000000000000000000000000000000000000000000000000000000
00000000000000000000000000000000000000000000000000000000000000000000000000000000000000000000000000000000000000000000000000000000
00000000000000000000000000000000000000000000000000000000000000000000000000000000000000000000000000000000000000000000000000000000
00000000000000000000000000000000000000000000000000000000000000000000000000000000000000000000000000000000000000000000000000000000
00000000000000000000000000000000000000000000000000000000000000000000000000000000000000000000000000000000000000000000000000000000
00000000000000000000000000000000000000000000000000000000000000000000000000000000000000000000000000000000000000000000000000000000
00000000000000000000000000000000000000000000000000000000000000000000000000000000000000000000000000000000000000000000000000000000
00000000000000000000000000000000000000000000000000000000000000000000000000000000000000000000000000000000000000000000000000000000
00000000000000000000000000000000000000000000000000000000000000000000000000000000000000000000000000000000000000000000000000000000
00000000000000000000000000000000000000000000000000000000000000000000000000000000000000000000000000000000000000000000000000000000
00000000000000000000000000000000000000000000000000000000000000000000000000000000000000000000000000000000000000000000000000000000
00000000000000000000000000000000000000000000000000000000000000000000000000000000000000000000000000000000000000000000000000000000
00000000000000000000000000000000000000000000000000000000000000000000000000000000000000000000000000000000000000000000000000000000
00000000000000000000000000000000000000000000000000000000000000000000000000000000000000000000000000000000000000000000000000000000
00000000000000000000000000000000000000000000000000000000000000000000000000000000000000000000000000000000000000000000000000000000
00000000000000000000000000000000000000000000000000000000000000000000000000000000000000000000000000000000000000000000000000000000
00000000000000000000000000000000000000000000000000000000000000000000000000000000000000000000000000000000000000000000000000000000
00000000000000000000000000000000000000000000000000000000000000000000000000000000000000000000000000000000000000000000000000000000
00000000000000000000000000000000000000000000000000000000000000000000000000000000000000000000000000000000000000000000000000000000
00000000000000000000000000000000000000000000000000000000000000000000000000000000000000000000000000000000000000000000000000000000
00000000000000000000000000000000000000000000000000000000000000000000000000000000000000000000000000000000000000000000000000000000
00000000000000000000000000000000000000000000000000000000000000000000000000000000000000000000000000000000000000000000000000000000
00000000000000000000000000000000000000000000000000000000000000000000000000000000000000000000000000000000000000000000000000000000
00000000000000000000000000000000000000000000000000000000000000000000000000000000000000000000000000000000000000000000000000000000
00000000000000000000000000000000000000000000000000000000000000000000000000000000000000000000000000000000000000000000000000000000
00000000000000000000000000000000000000000000000000000000000000000000000000000000000000000000000000000000000000000000000000000000
00000000000000000000000000000000000000000000000000000000000000000000000000000000000000000000000000000000000000000000000000000000
00000000000000000000000000000000000000000000000000000000000000000000000000000000000000000000000000000000000000000000000000000000
00000000000000000000000000000000000000000000000000000000000000000000000000000000000000000000000000000000000000000000000000000000
00000000000000000000000000000000000000000000000000000000000000000000000000000000000000000000000000000000000000000000000000000000
00000000000000000000000000000000000000000000000000000000000000000000000000000000000000000000000000000000000000000000000000000000
00000000000000000000000000000000000000000000000000000000000000000000000000000000000000000000000000000000000000000000000000000000
00000000000000000000000000000000000000000000000000000000000000000000000000000000000000000000000000000000000000000000000000000000
00000000000000000000000000000000000000000000000000000000000000000000000000000000000000000000000000000000000000000000000000000000
00000000000000000000000000000000000000000000000000000000000000000000000000000000000000000000000000000000000000000000000000000000
00000000000000000000000000000000000000000000000000000000000000000000000000000000000000000000000000000000000000000000000000000000
00000000000000000000000000000000000000000000000000000000000000000000000000000000000000000000000000000000000000000000000000000000
00000000000000000000000000000000000000000000000000000000000000000000000000000000000000000000000000000000000000000000000000000000
00000000000000000000000000000000000000000000000000000000000000000000000000000000000000000000000000000000000000000000000000000000
