10000000000000000100001001101100000000010001000010100000010000100000000010001000111000000100000000010010000000010000001000000000
01000000010101000010001000011010000000000001100100101000000000101001010001000110000010001010101000011010000000000110000010010110
00000011010000100001000110100100110010100000000000100011101100100000111000000001000001011000000000100010000101011100000010010000
00000010001101010001000001011100000010000000000000000110010000000100000011110100111100101000000100101100000011010001000001100001
00000011001100100000111010000100000000000000101001100001010000000010001000101110101100010001000100100010000011000000000000100100
10000000010000000000100011000001000011101000000100110000110001000001000100000000001010110000101010000011100010000000000011001010
00000000000000000000000000000000000100000100000100000001001001000001000011110000101000010000010100100001000100101001000000010001
00000001000010100000110000001001101011001100100000001010000111000000010000000010101001100101001000100000000000100111110010110000
00000100110000011101111010001010110001000100000011100001000100000000011101100000000010100010000100101000100100110000000000000101
00010000110000000000110111010000000100000000100001000000001100100000000000000011000010000010000010001000000000000010001100010001
00100000000100000010100000000010111000010010000010110000000001001000110100001100000000000010001100000010110101001001000100001000
00110000010001000010001110010010011100010100000011000010001000010000010000000000000100101000001000110001011001001000001000111001
01000000100010001110001000011100000000011000011000100001100110001000000000000010001000000000011000100000000100000110000000100000
00000000000000000000000000000000010000010110100110000100000001000000101000100000000010000100000001101000100010101000000001010000
00111101000000100100010100000010010100010000100000010100100000000001000000001000000001000000100111101000000010100000000000000000
10000000000101001100100101000111011010000110010010010000000010000011001010010100100000010001111110001001000000001100000000001100
00000000000000000001010010000001101010000000001101000100000000000101111000000000000000010000010000000000001100000000011000011000
00000000000000000001110000001001000000000000001000101001011000010000011000110100000011100010100010000000010000011001001100000000
00000000000011000000010111011001011000000100101000010110000100000000100000001011010101000000010100000000010100000000010010000101
10000011110000000000000010111100010000100100011000110011000000110100100010001000010000101010101110000010000000100010000100000001
00000000000000000000000000000000010010010001000001000000100100000000110001000010000110000001101000000000101100000010110100000001
01000001000010000010000011110000000010100000010000101000001000010100000110010000000001011000000000001000000011001001000100100000
01000000100001000000010000110010000100011001000110010100100000001000000000100000011000100000000000001000000000000000000001000001
10000100100100010001100000000100000000000000000001100000000001110100001010111000111011000000000111000110000010010001000110001001
00000000000010000001000100000100010000000000000000111001000101010000000000000110000111100000100000000001010100000000010101001000
01010010101000000000000100000011011101010000000001000010000000100100000010000000000000110011000011010000100000010010001000001111
01000000101000000100101100000000100001000100000110000000000000010010100000000000100000000001000010000100000011000000100100001000
00000000000000000000000000000000000001000100001000100100110000100000010100000010000100001000000010100001001000010000001010110001
00000100111010000000010011000000100000100000100000001000100000000110000100000100010001010000000100000000000000000001010000001000
10100011001001001000100001001110010000000001010000100001000001100001100010101000000000000000101000011000110010001000110011000010
01010011100000001000000000000100100110001011000100010010010000101100100000000110001000000001010101101001100000000000010000010100
00010100101000000101000001100000000000000110000101000010001000101000100010001000100101000000000000000001010010000001100100001000
00101010000000010001000100100000000000100000000000000010000001101001000101000000000011001000000000100100111011011000100100000000
00000000100100101000000101000100110110000000100000100000100000000001010000010000001100000010000001011100010011010000000000011000
00000000000000000000000000000000000100000000001110001000010010001000000100010010100000000000100001111000011000010110000001000000
00010001001010000100000000000010001001100000010000100100000000110001100000000000100001011000000010010010011100000000000011101001
11001000010000000001011000000000000110001010100100000001001100100000000111010100000010000001010110000000100000010001110101100000
10000000100100000001010100000011110001010001000010000101100000000101000000010110000110010000110000011000000000010110110100000000
00100010010010001000100011000000000110001001100011100010010010000110000010000001001000000000001100010100000000100000000001000010
00100000001100000000010100010001000000010001000000110000000010000011001110001000000101000100010000000000001100000110010100101010
01100001000000100001000010010010010010000011000000100101000010010000010100101011000000010010100000000101001001101000001000000000
00000000000000000000000000000000000010011000000000010100000000100000110110100010000000001010001000010100000010000110011101101100
10000001100011100100000100100110011000100111110010000110010000000100110001010001110000000000010000000110110010111010100000011101
00001010101000000110101000000001000100000000000010010000010000001000001100010000010001000001010000000101000000000001000000011101
11000010000010000100001000011010001100001000000000000010110100000000001001010010001000000000010000000000111000001000100001001001
10000000101000100000100101000000000110010000001001100000101010100001101010000100111010010000000110010000000000000000000100000000
00100100000000010001001000101000000000100100000000111000000000001010000000010010000110101000000000010100101100000100000000010000
00011011000101000100000000000011000110000001000000000100010000000001000001000000001000000000000100000001000100010010101100001000
00000000000000000000000000000000101000100000000011110010011000010000000110111000001001000001000101000000010101100100010000101001
00101001000000000111000101100001001100100010000000000101010000001010010111000010000000000010010110000000001000100100000011101100
00110000000000110101000000000000000001001000100000000000101000000000101010010010010011011100001100001000000000110000101110000011
01000000000010001101000010100100001000000111000000000000111000001000100110100000000000000100000100000000110000100001000001000100
00000000000101010010010010100000010001000100000000000100000000001001000001000010010011000001110000011110000010110100100011010001
01000000000101101000001100010010000000000000011000010010100010110010001001000010000001000001001110100011000001000000100001000110
00010011001011000100001100111100100010011100000100000110000100100000000000100001101001001000011100010011000000101101000000001100
00000000000000000000000000000000001100000010000010010100000100000000001000100001101000110101001101000100000000011010000010101010
01010010000011100100010100000100011100001000000001001010000001000000011100001000010011011011110000000001000110010000000001000000
00000000000100010010010101100010110001010110001111100000001110111011000000000000010001101000000100000000010100101000101001010010
01100101000000000100000000000010110000100010000100000000000001010000000101000100100000000011001010000011000000000000001100100011
10100011010000001000001010110010101110000001100101100000001100001000001000000100011010000100000100000000010010000000001101001110
00000010000000010000001010010100000000000100000100000000000000010010000000001100000110100000000000001000000001000000001010010000
10001000000010000101101000100100000111000100000011001000001000000010010000000000000000010110000000000101000000001000100010010000
00000000000000000000000000000000000001110000100100110110101000110101100111000010100101000000110000100001000001000100000001100000
00000001001000100000001010000100000001000000110000010000101000000101010110000100000100001000000000010000101100000000000001010000
00011001000100110100000100001010001001100000001100000010000000010100001010000111110000001100000000000100000100000100000110100100
00011000000001001000000010000101000000010010010000000000000110000000000000100000000000000010000000000000000001000000000000000001
00000100000010000001000001000011000000000001101010001000110100000000010000100101001001100100000100010000100000000001010110000001
10000100000100110010101000000000100000000000010000001000000000000000010001000010000000100011000000000100100000101000000100010001
00100100000000010100000000010000000000000101000100100100000100000011000100001000010010000000001010110000001000000000001110000000
00000000000000000000000000000000010110010010000100000001001001010000000001001000001000101000010010000001100010100000110010010100
10001100100000000100000110100000101010100100100000101100000010001001010001100000000100010001100011000000100100000001000001100000
00000000000110010000100000001110000010000000001000110001101000101000001100100000000001110100000001100000000000001100000011000000
01010110001010000100000111001000001000000011000100001000110000001101000010000001010000100000000000000001101101001100101001000000
00000100000000010010000000000000010000111001001000000010001000000011010000000000010101100000000000101001001000001000000001001011
00001001001000000000100011001101010000000001000000010000000000101010000000010010000100100001110000010110000101011001010011010001
00000110001100000000000001000100010000010001001100000000010110000000010010000101010000010000000000010000100100100000101000000001
00000000000000000000000000000000000000110001000101000110100000000101000010100000101000010000000000000000000000000011100111000000
10100000001001110110000010001000100011000000001000000000000010011110100010000000011000000100100100000101010000000011001000001000
01001010111000001100000110011100000000000000001100001010000100001001101000011000000001111011000001000000010010000110001000001000
10000000000000110011010011000001010000101100010000100110101011000000001000100000100001000000001010010000011110000101001101101011
00000000000011000000000111010001100110100011011001000000000000101000011110110110010100010000000010000001010100000101001010000001
01001000111000000010000000000100010000000110000000011111000001000100110100001010100011000000000110001010101011000000000000010010
00001101000011100010000001000000000000100010010000001100000110000010100010000001010110011000100010000000100000000000010100000101
00000000000000000000000000000000000000000001000000010000010101100000000010000000000001000100000110001000010001011010101110101100
11001010000000000000010000100100100000101101000100000100010010000000000000010101100000000000010000000001101011000111000000001001
01100001000000001001001100110101011010000000000100001010010001000000000000010010000000000000010110011110111010000000010010101111
11000000001000100010010110101001010000001001000000001100010000001000000001100100010001000000000000000100000000010000000000111101
00010000000000000111000011010000000011101011000000010001110100000000101000010000100100000010010000100010100001000001000010100000
01011011000101100001010000000001000010011001001000001100100000000110100100000000100010001000100100100100001011001000001000000011
01010011000000110000000001011000100011110011010001000100000000000001001000000101010010010001000100001000001000101010000001001000
00000000000000000000000000000000010001000110000000000000010000010111110100001001000010000001111000000010000110001101001010100000
01010111100000000000000010000001110000010001001010000010011100010101001100000000100010010110000000000000000000100000001000000110
01001000000000000100000000000000010010001000000100100010000100101000010101100001010011111000000100000000000000100010010101000010
10000101001001100010100100101001100000000000001100000010000100000000010101110001010001000100011010001101000000000011000100100000
00000100000001100101000000001001000000001001010111010010001000110000000000001000000011010000010000000010000101001010000000010001
10000000101010000001000001000100001000000000011100100010001000011110001000000000001000000100010010001010000010000000101010000000
00011000011000001000000000110000000001001000000010000100100000110001000100010001000000010011010001010000001100000111010110100000
00000000000000000000000000000000001010000010010011010000000001001000000101110010000000100000000010001000000001010000001000001100
00100000000100000001000000100000100000000000010100000000100000000100001101100100000001100000100011000000000111011101100100011011
01100010000010010010010000001000000000101000000010000010000010000000000000000100010100100000001110010000000001001000110000000000
00100111001000000011100100000000000101110001101100001110000001000100010101001011001010000010010010101010100001000010000001010011
00000000010100000010000011000001100001110000001000010100000010100000001010000010000000011001011100000101100000001110000001001001
00000000000100000100000011000100110101010000010000001100010001100001011001100010001000010001000010000010010001000100001101000000
01101100000010110001001100110000000011100110000000000001000110001001000000011001000100000000100000000111000000001111100000000110
00000000000000000000000000000000110010010001000000110010001100000000100000000001100100101001000101000000000011000000010011000010
11100000001100001100010001000000001001100000010010000100100010000101111010110100110101100001001000000000100100010000100000010000
01000011110000011010000000011101000010000000000000000000001100100100100001110001010100001101110001100100000000000000000010100101
10001000000000001010011001100101100000000100001110000000010101100110000000000000001010000000000001011010001001000010000100000010
00001100100001000110011000100000100000001001000000101010000010000101000010100001110000011001001000100100110100111011000100000010
00000010001000000011100100100000100100000100000000101001100100000000101000000001000010001100100000000100010000000001000000001000
10001000000000000001001000000110100010000000001001010000010100010001011101010100100011000000100010100000000010001001001010000000
00000000000000000000000000000000000000000001010011000001010000011001000110010001011100010000100000000100100100100001000000000000
00001000000000100101001001000100000000010100001010100010000010000000010010000000001010000000011000010100100010000011001010000100
01001010000000010100010000000001101000011000000000000010001100000001101100000100000001001000001000000110010001000100010000010010
00000011000000010000010010100000000100000001010000010000110100110101001001000000101100010000110001100101000000101010000001000000
00101000001101100101101000000110000001001000011010011100000001000100000001000000000000000000010000001000010001000000001001000000
00001001101001100110000000000000000000000000100000101000000100000100001100111000100000001101000000000001011001000001000011100000
00000000001000000000010101001000101000000000000100000000111010001001000000100100000010000000000000000001000100001001100011001001
00000000000000000000000000000000000000100110011101000010001010010000000001101100000010011000010000000001000000000000000001110000
00100100000101110100011000011100000100010001001000000000100000100000100000110011000010000010110000100000100000000100100000000000
01000101101100010000000100001101001010000001001100000101000011100000000000000010011100000010000000001010010000110000010010010010
00000000000100000100001001000000010001001000100000000100000100000010101010000100100000010001010011011000100000000100000001000000
01000000101101101000000100000000000000000000011100000000001100100000011100010001001101000000000111111110101010100000000100101001
00000000110000100100100001000001000000100000100000000000000110010000100101000000001010001000000101100000101000100000010000000000
00010011001000000101010010000000011100000100000010010000001000100000001001000000001000001000000001100000001000101001000000110100
00000000000000000000000000000000110110000000010100010000000000001000000100110000000011000000001011000001010111000010000000000000
00001000100100111000010011000000010000111001000100110001000010001001110011010000011001000010110001010000010010000001000111111100
00000000000011010101000010000011001010000100000010001101001100000110000010000000100100000000010100010010000010001000100101001100
10000100010100000000000000000110000110000101010000100000000000000000001000100000100001001000001100100000101101011000000000000000
10101100101001001101000010001000100000000000001001100000101001100101000000001111111010000001001000010010001000000010000000000101
01011101010000001001000000000000000000100000000010000001011010110101100000000000000001000000100000000000110000100100100000100110
01001000001100000010100000000010000010000001000001000000000011110110000000000000000010110000101110100000000111000011010000100001
00000000000000000000000000000000000010011100000100101110010000000010000100000100000000000100110010101100001000100000000000101001
00000000000001000000001000000101000000001000000010001001000001000000000000000010010101100101000011100000100010010001001001010100
10001111000000001000000001010000000010000000100001111010000010110000000000100100101000100100000010100100110101001000000000001000
00010010000100100010100101000000001100101000000000010011000100000000100010001011000000011000101001000111000011000001000000010001
11001000010001111100000000101001010000001010000010100100110101101010000000000000001000010000000001000010101100010001000000100001
10000000111000000010100100000001000001000100000000000000010010000000101111100100000100111001101000001000100100000100100011000000
00011001000000000011100000000100010100001101101000000111000000000010000000001000010010000110000000000000100010000101010110000111
00000000000000000000000000000000000000110010000001000000000000000000010100010011001010100010001000001000010010000101001100100000
01000010010010010001110000000010010000001010001000000100110011001000000010100000000000000000000000100000001001000010101110000010
00000011110000001011000000000000000000100000010011010000010000010001100010110000010101100001000000001100010010101001000000001010
10110000000100001110010010000000000000001000011010000111010010000000000000011010010000110010001100000000001100011000100001100000
00100011110000011010010100000000010100000001000000000010000000000000001110001000110001010000000011001001000000000000000011000000
00100010000000011000010001000000100100000000010001011000001000000110001100000100010101100000001000110001000100000001000001100100
01011000001000100101010000100000010000000000000100000000000100000011010100100000001100000000110010000000000000101001001000000000
00000000000000000000000000000000100000001000000000000010000000110010010000011100000100100000000100000000000110100000101011001101
01010000011011011000000000000100000010010011010001100100000000000000000000000100100100010010000101000000011100010010100000000100
01000000100010001111000000000000010000000100000000100011000000000000010000000010010001000000000001011000000000101000101010001100
10001000000010011001000101010011100101011011000011110010010000000010100011001100000000000101011100000000001001000000100110110001
00100100000100010100000000010000100110000011000010000000000000000001000001000000101001010101000011100010010110100000110100000101
00001011011100100100011011010001000101100000001001000100000110110011011000010000010000001000111001100000100110000000000000110101
00001100001101100010100000001000001000010000000000000000001000000000010111000000000100100001000000001000010010100000000011000000
00000000000000000000000000000000000000100110101001010001100100001100010110110000000100100000000001100001001110010100000100010011
11000000000000010000001000100000001001000000000000000100000010000000011101110000111000001000100000010100011000100110101000000000
00100000110001010000100010100000001011001011100100111110010000010100101000001110010000010000000000011000000100000010010000000100
00001000000000000000100000000011001110010000000100000000000001010000010011011010000000100110000000001100100000001000000100100110
00000000000101011000110000010010010010100000000000010000001000000000000001000000001100000100000010000000000010000101101001000110
01011000011001000000000001000000011100001000000011000010000001001011100001001000000000000100101001011100011000000100110010100000
10000000000101000000000010010100000110001000010100010010011000011010000001000100001000000011000001100000000101000011100001100000
00000000000000000000000000000000011100000001010000000001101000011001010001010011001110100000000000111101001000100000010000000000
10010010000001100000100000010000000000010000001100000000100000011100000000000011100100000110000100100000011000011000001110000100
00001011010010101000000100000000001010010001000001010100000011000000000000000000000000000110101010010010101010000000100000011110
10110000010010100000001001001010000010010000101101000100010000100110000000000001000000001000001000100000110001010100100000000100
00001000000100000000010000010000001001000001000001001101001000000011100010100100000001011011001010000100001000001010010000000000
01111000000010000000100100000011000001000000000000000010011111010010010000000010000001000000010001010000100000000100000110000000
10001001001000000011101100100000001011000111001001010101000000100001100000001000001001110000001101001100001000001000000011010001
00000000000000000000000000000000010000011100100001000010000000001000110001100010010000100001010000000010100001000000000100100000
00010100000000100001000010101111000000000000000000000100000100001010110100110010000000000000000001101100000001101000000000000010
00000000110000101011001101110010000000110000000110000000000001000000000001000010000100010001100000000101000010000101101110000111
00010000010110101001000000010101010011000100000100100000101000000001100010110010000000000001000101000000011001000000000100000010
00000110100000000010000000011000010100000000001000110010010000000000000000000010000100000100100100110000100000001000110100100000
00000000011010010000000001111010000000100000010000000000001000000100101000100010000001000100010010011000010000000000000000110000
00000000000100010000011000001110001100000000001000000011100000101110000000010010000001000001010000000111010000100110101010000001
00000000000000000000000000000000011011000000001000000011100011010000000000000010010011011010000100110100000010110111000000010010
00000110000010000101010000000101010000000011000000000000000000000001100010000000000001000010000001000010001101000000001100000001
00000000101000101110100100000001001000100010000101100000010001010101000000100100000101011000000010000011010001110110000110000011
01011001110010000000000001001000100000100000001101000000010100101000000100000000011000101001000000000100010011000010100011010010
10000010010000001001100000000001000000001000000001000011010001000010000101000011010001101000000100100000000001000011010001010000
00001000001110000001000000000000000010000000100100000000001100100010000000000101000000100010000000000011000000001000001001000000
00100001100100000100000011000001000010010001000010000111001000100001100110000000011000000010000000010000100000000100101000000010
00000000000000000000000000000000000010001110100000000001010001001000100000100000001010000010000001010000010010101000001000000010
00000001000000000100001100000000000000001001000010001000000001001100010000110000000010010100101000000001000000110110000000010011
10100110001000100100000001010000000100011101100001001000000010000011101000100000000111101001001110000001000100001001100001010001
00000011001001100000001010000100000010000000000000000100001100010001101010100010000001010001000000000011001010000001000000000001
01110000010000100010110000100110110000100100101100010000000001000001000010000110010010010100000000000001011000000100010001001010
10100010001000000110000000000000000101000000010000100000000001010000001100000001001000000000110000001010000010000000101000010100
00000000000000110000000100000010100100101000010010100001100100000100000001100000100000010001000000100100110100001001100010100101
00000000000000000000000000000000100110000001000000100000010000000010110100010000000100001000100101000010001011000101011001000000
00010001000100100000010000000100011101100000000000111110000010001000000000100110001010001000100010000100001000101001000000000001
01000000100100100101101001010000000101000000001000000100001001100000000010000101001101000010101101000000000001000010010101101100
10000011000110010000011100000100000111100100101010001000010100010101010100001000010000000000000000011000100000001010100000100100
00000001000000010000001100110000000000000100100001001010000000000000000010101000000110000100000001010000100100001101000001000010
01000100001101000000111000110010000000000000001000010001000000000010100100000000011010000100101000001000100101001010000001001010
00010000100000001001000011000110000000001000010010000001000001001000000010010000001000000000000010000000000110010000011110011010
00000000000000000000000000000000000100001010001000000000000000000100000000010111000010000100000000101000000001010000010001100110
00000001010010100010000010000111000010000000000001100101000100010000010010000100100010000100000100000000000011001000110000001001
01001100000000111000101000000000000010010010100000000100100011010010010000000000000100100100000000011000000100000000100000000000
00000000010000000010001000100000000011000011001000001001100010110100001100000000101000011000000000100100001000100011110001001000
00111000010000000100001000010110110001010100100011100110000010000100101000011110000100000100100000011110000000101010100000100000
10100101000011001100010001000000000101000111010111100000000001011001000110110010000101000000001011000101101100000000000101101000
00010110101010011100000010000111000100100000000001001000010100100010000011000101001000010010010000001100000100000110011001110100
00000000000000000000000000000000000100000100110000010100101011000000011100000000100000100000110000000000000010000100100000000110
00100000000000000000001100000000000010000000000010000001001000010000000100000100000110001010000000011100010100000001110000000100
01001000000000100000000100001000000000000000000011010111000111000100000001010010001001000000000010001001100101000000001011100001
00010100010010100000000000000010100001000000010000000000000000010000000100100000011010001000001010100000000000110000001000011001
11110010000001101100000000010000001001110001011110100011010010010010111000011111001100001010001100000000100110000000100100000111
10001001000101010001000000000001000000010000011000000101010000000000100000000100000010001000110000000000010000000100000000010000
10100011101110000000000010010000100010000000001101010001101000010000110010000010000100000000000011000000000110001000100000010010
00000000000000000000000000000000000100100100110101001000000000000000000110001000101110000000000010001110000001000111001110000010
10000100000000001110000100100101010101010101010011000100010000100110100100000000000000010001001000110000011100000010001010001011
01000010010000001001100010110101000001000000001110000010000001001110000000011000100001000001100001001000000000010000010000100000
11000100000000100100000001001000000010100000000010000000010010000001010010000001000100000001000000000000100000000111010100010110
10001000001000000001010000100100001000001000001000000000010000010111110100110000000000110101000000010000011000000010011000000000
01001100010100100110000000000010000000010000100110001001010010011100100000000110010010000010000100100000100010001000100000101000
01000000100011000000001110000001100000000011000000000010010000001010000100010000010100000100010101001011001000000001000100001000
00000000000000000000000000000000000000100100011100100000000001000000001000010101011000000100000000001010000101000011100000011001
00001000000110001000100000000000000101000000100000011100111000000000100000010011100101100000000011001001000000000000100011100101
00000010000000100000001100010010010100000010111010000000000010010001100100110101010000010011011100001010001010000000001110000100
00010000011010000010010001011010000001100101000100010010000001000110010001000100010010000100000011010011010000111011010100000001
00100010001010110000010000000000010100000010001000000000000100000000000100010000000101010010000001100001000010000000000010100010
00000000000000000000100101100000010000000001001000000010110110111010000100000010100001101101001000000001010000000000000010000100
00000000000100100001001100000011001100010000100110000100001000110001110001000010000100000000001000000000001001101000000010001000
00000000000000000000000000000000100010000000010010001011001001010010000000001000010000010110010101000010000100101000000000100100
00000000000000000000000000000000000000000000000000000000000000000000000000000000000000000000000000000000000000000000000000000000
00000000000000000000000000000000000000000000000000000000000000000000000000000000000000000000000000000000000000000000000000000000
00000000000000000000000000000000000000000000000000000000000000000000000000000000000000000000000000000000000000000000000000000000
00000000000000000000000000000000000000000000000000000000000000000000000000000000000000000000000000000000000000000000000000000000
00000000000000000000000000000000000000000000000000000000000000000000000000000000000000000000000000000000000000000000000000000000
00000000000000000000000000000000000000000000000000000000000000000000000000000000000000000000000000000000000000000000000000000000
00000000000000000000000000000000000000000000000000000000000000000000000000000000000000000000000000000000000000000000000000000000
00000000000000000000000000000000000000000000000000000000000000000000000000000000000000000000000000000000000000000000000000000000
00000000000000000000000000000000000000000000000000000000000000000000000000000000000000000000000000000000000000000000000000000000
00000000000000000000000000000000000000000000000000000000000000000000000000000000000000000000000000000000000000000000000000000000
00000000000000000000000000000000000000000000000000000000000000000000000000000000000000000000000000000000000000000000000000000000
00000000000000000000000000000000000000000000000000000000000000000000000000000000000000000000000000000000000000000000000000000000
00000000000000000000000000000000000000000000000000000000000000000000000000000000000000000000000000000000000000000000000000000000
00000000000000000000000000000000000000000000000000000000000000000000000000000000000000000000000000000000000000000000000000000000
00000000000000000000000000000000000000000000000000000000000000000000000000000000000000000000000000000000000000000000000000000000
00000000000000000000000000000000000000000000000000000000000000000000000000000000000000000000000000000000000000000000000000000000
00000000000000000000000000000000000000000000000000000000000000000000000000000000000000000000000000000000000000000000000000000000
00000000000000000000000000000000000000000000000000000000000000000000000000000000000000000000000000000000000000000000000000000000
00000000000000000000000000000000000000000000000000000000000000000000000000000000000000000000000000000000000000000000000000000000
00000000000000000000000000000000000000000000000000000000000000000000000000000000000000000000000000000000000000000000000000000000
00000000000000000000000000000000000000000000000000000000000000000000000000000000000000000000000000000000000000000000000000000000
00000000000000000000000000000000000000000000000000000000000000000000000000000000000000000000000000000000000000000000000000000000
00000000000000000000000000000000000000000000000000000000000000000000000000000000000000000000000000000000000000000000000000000000
00000000000000000000000000000000000000000000000000000000000000000000000000000000000000000000000000000000000000000000000000000000
00000000000000000000000000000000000000000000000000000000000000000000000000000000000000000000000000000000000000000000000000000000
00000000000000000000000000000000000000000000000000000000000000000000000000000000000000000000000000000000000000000000000000000000
00000000000000000000000000000000000000000000000000000000000000000000000000000000000000000000000000000000000000000000000000000000
00000000000000000000000000000000000000000000000000000000000000000000000000000000000000000000000000000000000000000000000000000000
00000000000000000000000000000000000000000000000000000000000000000000000000000000000000000000000000000000000000000000000000000000
00000000000000000000000000000000000000000000000000000000000000000000000000000000000000000000000000000000000000000000000000000000
00000000000000000000000000000000000000000000000000000000000000000000000000000000000000000000000000000000000000000000000000000000
00000000000000000000000000000000000000000000000000000000000000000000000000000000000000000000000000000000000000000000000000000000
00000000000000000000000000000000000000000000000000000000000000000000000000000000000000000000000000000000000000000000000000000000
00000000000000000000000000000000000000000000000000000000000000000000000000000000000000000000000000000000000000000000000000000000
00000000000000000000000000000000000000000000000000000000000000000000000000000000000000000000000000000000000000000000000000000000
00000000000000000000000000000000000000000000000000000000000000000000000000000000000000000000000000000000000000000000000000000000
00000000000000000000000000000000000000000000000000000000000000000000000000000000000000000000000000000000000000000000000000000000
00000000000000000000000000000000000000000000000000000000000000000000000000000000000000000000000000000000000000000000000000000000
00000000000000000000000000000000000000000000000000000000000000000000000000000000000000000000000000000000000000000000000000000000
00000000000000000000000000000000000000000000000000000000000000000000000000000000000000000000000000000000000000000000000000000000
00000000000000000000000000000000000000000000000000000000000000000000000000000000000000000000000000000000000000000000000000000000
00000000000000000000000000000000000000000000000000000000000000000000000000000000000000000000000000000000000000000000000000000000
00000000000000000000000000000000000000000000000000000000000000000000000000000000000000000000000000000000000000000000000000000000
00000000000000000000000000000000000000000000000000000000000000000000000000000000000000000000000000000000000000000000000000000000
00000000000000000000000000000000000000000000000000000000000000000000000000000000000000000000000000000000000000000000000000000000
00000000000000000000000000000000000000000000000000000000000000000000000000000000000000000000000000000000000000000000000000000000
00000000000000000000000000000000000000000000000000000000000000000000000000000000000000000000000000000000000000000000000000000000
00000000000000000000000000000000000000000000000000000000000000000000000000000000000000000000000000000000000000000000000000000000
00000000000000000000000000000000000000000000000000000000000000000000000000000000000000000000000000000000000000000000000000000000
00000000000000000000000000000000000000000000000000000000000000000000000000000000000000000000000000000000000000000000000000000000
00000000000000000000000000000000000000000000000000000000000000000000000000000000000000000000000000000000000000000000000000000000
00000000000000000000000000000000000000000000000000000000000000000000000000000000000000000000000000000000000000000000000000000000
00000000000000000000000000000000000000000000000000000000000000000000000000000000000000000000000000000000000000000000000000000000
00000000000000000000000000000000000000000000000000000000000000000000000000000000000000000000000000000000000000000000000000000000
00000000000000000000000000000000000000000000000000000000000000000000000000000000000000000000000000000000000000000000000000000000
00000000000000000000000000000000000000000000000000000000000000000000000000000000000000000000000000000000000000000000000000000000
00000000000000000000000000000000000000000000000000000000000000000000000000000000000000000000000000000000000000000000000000000000
00000000000000000000000000000000000000000000000000000000000000000000000000000000000000000000000000000000000000000000000000000000
00000000000000000000000000000000000000000000000000000000000000000000000000000000000000000000000000000000000000000000000000000000
00000000000000000000000000000000000000000000000000000000000000000000000000000000000000000000000000000000000000000000000000000000
00000000000000000000000000000000000000000000000000000000000000000000000000000000000000000000000000000000000000000000000000000000
00000000000000000000000000000000000000000000000000000000000000000000000000000000000000000000000000000000000000000000000000000000
00000000000000000000000000000000000000000000000000000000000000000000000000000000000000000000000000000000000000000000000000000000
00000000000000000000000000000000000000000000000000000000000000000000000000000000000000000000000000000000000000000000000000000000
00000000000000000000000000000000000000000000000000000000000000000000000000000000000000000000000000000000000000000000000000000000
00000000000000000000000000000000000000000000000000000000000000000000000000000000000000000000000000000000000000000000000000000000
00000000000000000000000000000000000000000000000000000000000000000000000000000000000000000000000000000000000000000000000000000000
00000000000000000000000000000000000000000000000000000000000000000000000000000000000000000000000000000000000000000000000000000000
00000000000000000000000000000000000000000000000000000000000000000000000000000000000000000000000000000000000000000000000000000000
00000000000000000000000000000000000000000000000000000000000000000000000000000000000000000000000000000000000000000000000000000000
00000000000000000000000000000000000000000000000000000000000000000000000000000000000000000000000000000000000000000000000000000000
00000000000000000000000000000000000000000000000000000000000000000000000000000000000000000000000000000000000000000000000000000000
00000000000000000000000000000000000000000000000000000000000000000000000000000000000000000000000000000000000000000000000000000000
00000000000000000000000000000000000000000000000000000000000000000000000000000000000000000000000000000000000000000000000000000000
00000000000000000000000000000000000000000000000000000000000000000000000000000000000000000000000000000000000000000000000000000000
00000000000000000000000000000000000000000000000000000000000000000000000000000000000000000000000000000000000000000000000000000000
00000000000000000000000000000000000000000000000000000000000000000000000000000000000000000000000000000000000000000000000000000000
00000000000000000000000000000000000000000000000000000000000000000000000000000000000000000000000000000000000000000000000000000000
00000000000000000000000000000000000000000000000000000000000000000000000000000000000000000000000000000000000000000000000000000000
00000000000000000000000000000000000000000000000000000000000000000000000000000000000000000000000000000000000000000000000000000000
00000000000000000000000000000000000000000000000000000000000000000000000000000000000000000000000000000000000000000000000000000000
00000000000000000000000000000000000000000000000000000000000000000000000000000000000000000000000000000000000000000000000000000000
00000000000000000000000000000000000000000000000000000000000000000000000000000000000000000000000000000000000000000000000000000000
00000000000000000000000000000000000000000000000000000000000000000000000000000000000000000000000000000000000000000000000000000000
00000000000000000000000000000000000000000000000000000000000000000000000000000000000000000000000000000000000000000000000000000000
00000000000000000000000000000000000000000000000000000000000000000000000000000000000000000000000000000000000000000000000000000000
00000000000000000000000000000000000000000000000000000000000000000000000000000000000000000000000000000000000000000000000000000000
00000000000000000000000000000000000000000000000000000000000000000000000000000000000000000000000000000000000000000000000000000000
00000000000000000000000000000000000000000000000000000000000000000000000000000000000000000000000000000000000000000000000000000000
00000000000000000000000000000000000000000000000000000000000000000000000000000000000000000000000000000000000000000000000000000000
00000000000000000000000000000000000000000000000000000000000000000000000000000000000000000000000000000000000000000000000000000000
00000000000000000000000000000000000000000000000000000000000000000000000000000000000000000000000000000000000000000000000000000000
00000000000000000000000000000000000000000000000000000000000000000000000000000000000000000000000000000000000000000000000000000000
00000000000000000000000000000000000000000000000000000000000000000000000000000000000000000000000000000000000000000000000000000000
00000000000000000000000000000000000000000000000000000000000000000000000000000000000000000000000000000000000000000000000000000000
00000000000000000000000000000000000000000000000000000000000000000000000000000000000000000000000000000000000000000000000000000000
00000000000000000000000000000000000000000000000000000000000000000000000000000000000000000000000000000000000000000000000000000000
00000000000000000000000000000000000000000000000000000000000000000000000000000000000000000000000000000000000000000000000000000000
00000000000000000000000000000000000000000000000000000000000000000000000000000000000000000000000000000000000000000000000000000000
00000000000000000000000000000000000000000000000000000000000000000000000000000000000000000000000000000000000000000000000000000000
00000000000000000000000000000000000000000000000000000000000000000000000000000000000000000000000000000000000000000000000000000000
00000000000000000000000000000000000000000000000000000000000000000000000000000000000000000000000000000000000000000000000000000000
00000000000000000000000000000000000000000000000000000000000000000000000000000000000000000000000000000000000000000000000000000000
00000000000000000000000000000000000000000000000000000000000000000000000000000000000000000000000000000000000000000000000000000000
00000000000000000000000000000000000000000000000000000000000000000000000000000000000000000000000000000000000000000000000000000000
00000000000000000000000000000000000000000000000000000000000000000000000000000000000000000000000000000000000000000000000000000000
00000000000000000000000000000000000000000000000000000000000000000000000000000000000000000000000000000000000000000000000000000000
00000000000000000000000000000000000000000000000000000000000000000000000000000000000000000000000000000000000000000000000000000000
00000000000000000000000000000000000000000000000000000000000000000000000000000000000000000000000000000000000000000000000000000000
00000000000000000000000000000000000000000000000000000000000000000000000000000000000000000000000000000000000000000000000000000000
00000000000000000000000000000000000000000000000000000000000000000000000000000000000000000000000000000000000000000000000000000000
00000000000000000000000000000000000000000000000000000000000000000000000000000000000000000000000000000000000000000000000000000000
00000000000000000000000000000000000000000000000000000000000000000000000000000000000000000000000000000000000000000000000000000000
00000000000000000000000000000000000000000000000000000000000000000000000000000000000000000000000000000000000000000000000000000000
00000000000000000000000000000000000000000000000000000000000000000000000000000000000000000000000000000000000000000000000000000000
00000000000000000000000000000000000000000000000000000000000000000000000000000000000000000000000000000000000000000000000000000000
00000000000000000000000000000000000000000000000000000000000000000000000000000000000000000000000000000000000000000000000000000000
00000000000000000000000000000000000000000000000000000000000000000000000000000000000000000000000000000000000000000000000000000000
00000000000000000000000000000000000000000000000000000000000000000000000000000000000000000000000000000000000000000000000000000000
00000000000000000000000000000000000000000000000000000000000000000000000000000000000000000000000000000000000000000000000000000000
00000000000000000000000000000000000000000000000000000000000000000000000000000000000000000000000000000000000000000000000000000000
00000000000000000000000000000000000000000000000000000000000000000000000000000000000000000000000000000000000000000000000000000000
00000000000000000000000000000000000000000000000000000000000000000000000000000000000000000000000000000000000000000000000000000000
00000000000000000000000000000000000000000000000000000000000000000000000000000000000000000000000000000000000000000000000000000000
00000000000000000000000000000000000000000000000000000000000000000000000000000000000000000000000000000000000000000000000000000000
00000000000000000000000000000000000000000000000000000000000000000000000000000000000000000000000000000000000000000000000000000000
00000000000000000000000000000000000000000000000000000000000000000000000000000000000000000000000000000000000000000000000000000000
00000000000000000000000000000000000000000000000000000000000000000000000000000000000000000000000000000000000000000000000000000000
00000000000000000000000000000000000000000000000000000000000000000000000000000000000000000000000000000000000000000000000000000000
00000000000000000000000000000000000000000000000000000000000000000000000000000000000000000000000000000000000000000000000000000000
00000000000000000000000000000000000000000000000000000000000000000000000000000000000000000000000000000000000000000000000000000000
00000000000000000000000000000000000000000000000000000000000000000000000000000000000000000000000000000000000000000000000000000000
00000000000000000000000000000000000000000000000000000000000000000000000000000000000000000000000000000000000000000000000000000000
00000000000000000000000000000000000000000000000000000000000000000000000000000000000000000000000000000000000000000000000000000000
00000000000000000000000000000000000000000000000000000000000000000000000000000000000000000000000000000000000000000000000000000000
00000000000000000000000000000000000000000000000000000000000000000000000000000000000000000000000000000000000000000000000000000000
00000000000000000000000000000000000000000000000000000000000000000000000000000000000000000000000000000000000000000000000000000000
00000000000000000000000000000000000000000000000000000000000000000000000000000000000000000000000000000000000000000000000000000000
00000000000000000000000000000000000000000000000000000000000000000000000000000000000000000000000000000000000000000000000000000000
00000000000000000000000000000000000000000000000000000000000000000000000000000000000000000000000000000000000000000000000000000000
00000000000000000000000000000000000000000000000000000000000000000000000000000000000000000000000000000000000000000000000000000000
00000000000000000000000000000000000000000000000000000000000000000000000000000000000000000000000000000000000000000000000000000000
00000000000000000000000000000000000000000000000000000000000000000000000000000000000000000000000000000000000000000000000000000000
00000000000000000000000000000000000000000000000000000000000000000000000000000000000000000000000000000000000000000000000000000000
00000000000000000000000000000000000000000000000000000000000000000000000000000000000000000000000000000000000000000000000000000000
00000000000000000000000000000000000000000000000000000000000000000000000000000000000000000000000000000000000000000000000000000000
00000000000000000000000000000000000000000000000000000000000000000000000000000000000000000000000000000000000000000000000000000000
00000000000000000000000000000000000000000000000000000000000000000000000000000000000000000000000000000000000000000000000000000000
00000000000000000000000000000000000000000000000000000000000000000000000000000000000000000000000000000000000000000000000000000000
00000000000000000000000000000000000000000000000000000000000000000000000000000000000000000000000000000000000000000000000000000000
00000000000000000000000000000000000000000000000000000000000000000000000000000000000000000000000000000000000000000000000000000000
00000000000000000000000000000000000000000000000000000000000000000000000000000000000000000000000000000000000000000000000000000000
00000000000000000000000000000000000000000000000000000000000000000000000000000000000000000000000000000000000000000000000000000000
00000000000000000000000000000000000000000000000000000000000000000000000000000000000000000000000000000000000000000000000000000000
00000000000000000000000000000000000000000000000000000000000000000000000000000000000000000000000000000000000000000000000000000000
00000000000000000000000000000000000000000000000000000000000000000000000000000000000000000000000000000000000000000000000000000000
00000000000000000000000000000000000000000000000000000000000000000000000000000000000000000000000000000000000000000000000000000000
00000000000000000000000000000000000000000000000000000000000000000000000000000000000000000000000000000000000000000000000000000000
00000000000000000000000000000000000000000000000000000000000000000000000000000000000000000000000000000000000000000000000000000000
00000000000000000000000000000000000000000000000000000000000000000000000000000000000000000000000000000000000000000000000000000000
00000000000000000000000000000000000000000000000000000000000000000000000000000000000000000000000000000000000000000000000000000000
00000000000000000000000000000000000000000000000000000000000000000000000000000000000000000000000000000000000000000000000000000000
00000000000000000000000000000000000000000000000000000000000000000000000000000000000000000000000000000000000000000000000000000000
00000000000000000000000000000000000000000000000000000000000000000000000000000000000000000000000000000000000000000000000000000000
00000000000000000000000000000000000000000000000000000000000000000000000000000000000000000000000000000000000000000000000000000000
00000000000000000000000000000000000000000000000000000000000000000000000000000000000000000000000000000000000000000000000000000000
00000000000000000000000000000000000000000000000000000000000000000000000000000000000000000000000000000000000000000000000000000000
00000000000000000000000000000000000000000000000000000000000000000000000000000000000000000000000000000000000000000000000000000000
00000000000000000000000000000000000000000000000000000000000000000000000000000000000000000000000000000000000000000000000000000000
00000000000000000000000000000000000000000000000000000000000000000000000000000000000000000000000000000000000000000000000000000000
00000000000000000000000000000000000000000000000000000000000000000000000000000000000000000000000000000000000000000000000000000000
00000000000000000000000000000000000000000000000000000000000000000000000000000000000000000000000000000000000000000000000000000000
00000000000000000000000000000000000000000000000000000000000000000000000000000000000000000000000000000000000000000000000000000000
00000000000000000000000000000000000000000000000000000000000000000000000000000000000000000000000000000000000000000000000000000000
00000000000000000000000000000000000000000000000000000000000000000000000000000000000000000000000000000000000000000000000000000000
00000000000000000000000000000000000000000000000000000000000000000000000000000000000000000000000000000000000000000000000000000000
00000000000000000000000000000000000000000000000000000000000000000000000000000000000000000000000000000000000000000000000000000000
00000000000000000000000000000000000000000000000000000000000000000000000000000000000000000000000000000000000000000000000000000000
00000000000000000000000000000000000000000000000000000000000000000000000000000000000000000000000000000000000000000000000000000000
00000000000000000000000000000000000000000000000000000000000000000000000000000000000000000000000000000000000000000000000000000000
00000000000000000000000000000000000000000000000000000000000000000000000000000000000000000000000000000000000000000000000000000000
00000000000000000000000000000000000000000000000000000000000000000000000000000000000000000000000000000000000000000000000000000000
00000000000000000000000000000000000000000000000000000000000000000000000000000000000000000000000000000000000000000000000000000000
00000000000000000000000000000000000000000000000000000000000000000000000000000000000000000000000000000000000000000000000000000000
00000000000000000000000000000000000000000000000000000000000000000000000000000000000000000000000000000000000000000000000000000000
00000000000000000000000000000000000000000000000000000000000000000000000000000000000000000000000000000000000000000000000000000000
00000000000000000000000000000000000000000000000000000000000000000000000000000000000000000000000000000000000000000000000000000000
00000000000000000000000000000000000000000000000000000000000000000000000000000000000000000000000000000000000000000000000000000000
00000000000000000000000000000000000000000000000000000000000000000000000000000000000000000000000000000000000000000000000000000000
00000000000000000000000000000000000000000000000000000000000000000000000000000000000000000000000000000000000000000000000000000000
00000000000000000000000000000000000000000000000000000000000000000000000000000000000000000000000000000000000000000000000000000000
00000000000000000000000000000000000000000000000000000000000000000000000000000000000000000000000000000000000000000000000000000000
00000000000000000000000000000000000000000000000000000000000000000000000000000000000000000000000000000000000000000000000000000000
00000000000000000000000000000000000000000000000000000000000000000000000000000000000000000000000000000000000000000000000000000000
00000000000000000000000000000000000000000000000000000000000000000000000000000000000000000000000000000000000000000000000000000000
00000000000000000000000000000000000000000000000000000000000000000000000000000000000000000000000000000000000000000000000000000000
00000000000000000000000000000000000000000000000000000000000000000000000000000000000000000000000000000000000000000000000000000000
00000000000000000000000000000000000000000000000000000000000000000000000000000000000000000000000000000000000000000000000000000000
00000000000000000000000000000000000000000000000000000000000000000000000000000000000000000000000000000000000000000000000000000000
00000000000000000000000000000000000000000000000000000000000000000000000000000000000000000000000000000000000000000000000000000000
00000000000000000000000000000000000000000000000000000000000000000000000000000000000000000000000000000000000000000000000000000000
00000000000000000000000000000000000000000000000000000000000000000000000000000000000000000000000000000000000000000000000000000000
00000000000000000000000000000000000000000000000000000000000000000000000000000000000000000000000000000000000000000000000000000000
00000000000000000000000000000000000000000000000000000000000000000000000000000000000000000000000000000000000000000000000000000000
00000000000000000000000000000000000000000000000000000000000000000000000000000000000000000000000000000000000000000000000000000000
00000000000000000000000000000000000000000000000000000000000000000000000000000000000000000000000000000000000000000000000000000000
00000000000000000000000000000000000000000000000000000000000000000000000000000000000000000000000000000000000000000000000000000000
00000000000000000000000000000000000000000000000000000000000000000000000000000000000000000000000000000000000000000000000000000000
00000000000000000000000000000000000000000000000000000000000000000000000000000000000000000000000000000000000000000000000000000000
00000000000000000000000000000000000000000000000000000000000000000000000000000000000000000000000000000000000000000000000000000000
00000000000000000000000000000000000000000000000000000000000000000000000000000000000000000000000000000000000000000000000000000000
00000000000000000000000000000000000000000000000000000000000000000000000000000000000000000000000000000000000000000000000000000000
00000000000000000000000000000000000000000000000000000000000000000000000000000000000000000000000000000000000000000000000000000000
00000000000000000000000000000000000000000000000000000000000000000000000000000000000000000000000000000000000000000000000000000000
00000000000000000000000000000000000000000000000000000000000000000000000000000000000000000000000000000000000000000000000000000000
00000000000000000000000000000000000000000000000000000000000000000000000000000000000000000000000000000000000000000000000000000000
00000000000000000000000000000000000000000000000000000000000000000000000000000000000000000000000000000000000000000000000000000000
00000000000000000000000000000000000000000000000000000000000000000000000000000000000000000000000000000000000000000000000000000000
00000000000000000000000000000000000000000000000000000000000000000000000000000000000000000000000000000000000000000000000000000000
00000000000000000000000000000000000000000000000000000000000000000000000000000000000000000000000000000000000000000000000000000000
00000000000000000000000000000000000000000000000000000000000000000000000000000000000000000000000000000000000000000000000000000000
00000000000000000000000000000000000000000000000000000000000000000000000000000000000000000000000000000000000000000000000000000000
00000000000000000000000000000000000000000000000000000000000000000000000000000000000000000000000000000000000000000000000000000000
00000000000000000000000000000000000000000000000000000000000000000000000000000000000000000000000000000000000000000000000000000000
00000000000000000000000000000000000000000000000000000000000000000000000000000000000000000000000000000000000000000000000000000000
00000000000000000000000000000000000000000000000000000000000000000000000000000000000000000000000000000000000000000000000000000000
00000000000000000000000000000000000000000000000000000000000000000000000000000000000000000000000000000000000000000000000000000000
00000000000000000000000000000000000000000000000000000000000000000000000000000000000000000000000000000000000000000000000000000000
00000000000000000000000000000000000000000000000000000000000000000000000000000000000000000000000000000000000000000000000000000000
00000000000000000000000000000000000000000000000000000000000000000000000000000000000000000000000000000000000000000000000000000000
00000000000000000000000000000000000000000000000000000000000000000000000000000000000000000000000000000000000000000000000000000000
00000000000000000000000000000000000000000000000000000000000000000000000000000000000000000000000000000000000000000000000000000000
00000000000000000000000000000000000000000000000000000000000000000000000000000000000000000000000000000000000000000000000000000000
00000000000000000000000000000000000000000000000000000000000000000000000000000000000000000000000000000000000000000000000000000000
00000000000000000000000000000000000000000000000000000000000000000000000000000000000000000000000000000000000000000000000000000000
00000000000000000000000000000000000000000000000000000000000000000000000000000000000000000000000000000000000000000000000000000000
00000000000000000000000000000000000000000000000000000000000000000000000000000000000000000000000000000000000000000000000000000000
00000000000000000000000000000000000000000000000000000000000000000000000000000000000000000000000000000000000000000000000000000000
00000000000000000000000000000000000000000000000000000000000000000000000000000000000000000000000000000000000000000000000000000000
00000000000000000000000000000000000000000000000000000000000000000000000000000000000000000000000000000000000000000000000000000000
00000000000000000000000000000000000000000000000000000000000000000000000000000000000000000000000000000000000000000000000000000000
00000000000000000000000000000000000000000000000000000000000000000000000000000000000000000000000000000000000000000000000000000000
00000000000000000000000000000000000000000000000000000000000000000000000000000000000000000000000000000000000000000000000000000000
00000000000000000000000000000000000000000000000000000000000000000000000000000000000000000000000000000000000000000000000000000000
00000000000000000000000000000000000000000000000000000000000000000000000000000000000000000000000000000000000000000000000000000000
00000000000000000000000000000000000000000000000000000000000000000000000000000000000000000000000000000000000000000000000000000000
00000000000000000000000000000000000000000000000000000000000000000000000000000000000000000000000000000000000000000000000000000000
00000000000000000000000000000000000000000000000000000000000000000000000000000000000000000000000000000000000000000000000000000000
00000000000000000000000000000000000000000000000000000000000000000000000000000000000000000000000000000000000000000000000000000000
00000000000000000000000000000000000000000000000000000000000000000000000000000000000000000000000000000000000000000000000000000000
00000000000000000000000000000000000000000000000000000000000000000000000000000000000000000000000000000000000000000000000000000000
00000000000000000000000000000000000000000000000000000000000000000000000000000000000000000000000000000000000000000000000000000000
00000000000000000000000000000000000000000000000000000000000000000000000000000000000000000000000000000000000000000000000000000000
00000000000000000000000000000000000000000000000000000000000000000000000000000000000000000000000000000000000000000000000000000000
00000000000000000000000000000000000000000000000000000000000000000000000000000000000000000000000000000000000000000000000000000000
00000000000000000000000000000000000000000000000000000000000000000000000000000000000000000000000000000000000000000000000000000000
00000000000000000000000000000000000000000000000000000000000000000000000000000000000000000000000000000000000000000000000000000000
00000000000000000000000000000000000000000000000000000000000000000000000000000000000000000000000000000000000000000000000000000000
00000000000000000000000000000000000000000000000000000000000000000000000000000000000000000000000000000000000000000000000000000000
00000000000000000000000000000000000000000000000000000000000000000000000000000000000000000000000000000000000000000000000000000000
00000000000000000000000000000000000000000000000000000000000000000000000000000000000000000000000000000000000000000000000000000000
00000000000000000000000000000000000000000000000000000000000000000000000000000000000000000000000000000000000000000000000000000000
00000000000000000000000000000000000000000000000000000000000000000000000000000000000000000000000000000000000000000000000000000000
00000000000000000000000000000000000000000000000000000000000000000000000000000000000000000000000000000000000000000000000000000000
00000000000000000000000000000000000000000000000000000000000000000000000000000000000000000000000000000000000000000000000000000000
00000000000000000000000000000000000000000000000000000000000000000000000000000000000000000000000000000000000000000000000000000000
00000000000000000000000000000000000000000000000000000000000000000000000000000000000000000000000000000000000000000000000000000000
00000000000000000000000000000000000000000000000000000000000000000000000000000000000000000000000000000000000000000000000000000000
00000000000000000000000000000000000000000000000000000000000000000000000000000000000000000000000000000000000000000000000000000000
00000000000000000000000000000000000000000000000000000000000000000000000000000000000000000000000000000000000000000000000000000000
00000000000000000000000000000000000000000000000000000000000000000000000000000000000000000000000000000000000000000000000000000000
00000000000000000000000000000000000000000000000000000000000000000000000000000000000000000000000000000000000000000000000000000000
00000000000000000000000000000000000000000000000000000000000000000000000000000000000000000000000000000000000000000000000000000000
00000000000000000000000000000000000000000000000000000000000000000000000000000000000000000000000000000000000000000000000000000000
00000000000000000000000000000000000000000000000000000000000000000000000000000000000000000000000000000000000000000000000000000000
00000000000000000000000000000000000000000000000000000000000000000000000000000000000000000000000000000000000000000000000000000000
00000000000000000000000000000000000000000000000000000000000000000000000000000000000000000000000000000000000000000000000000000000
00000000000000000000000000000000000000000000000000000000000000000000000000000000000000000000000000000000000000000000000000000000
00000000000000000000000000000000000000000000000000000000000000000000000000000000000000000000000000000000000000000000000000000000
00000000000000000000000000000000000000000000000000000000000000000000000000000000000000000000000000000000000000000000000000000000
00000000000000000000000000000000000000000000000000000000000000000000000000000000000000000000000000000000000000000000000000000000
00000000000000000000000000000000000000000000000000000000000000000000000000000000000000000000000000000000000000000000000000000000
00000000000000000000000000000000000000000000000000000000000000000000000000000000000000000000000000000000000000000000000000000000
00000000000000000000000000000000000000000000000000000000000000000000000000000000000000000000000000000000000000000000000000000000
00000000000000000000000000000000000000000000000000000000000000000000000000000000000000000000000000000000000000000000000000000000
00000000000000000000000000000000000000000000000000000000000000000000000000000000000000000000000000000000000000000000000000000000
00000000000000000000000000000000000000000000000000000000000000000000000000000000000000000000000000000000000000000000000000000000
00000000000000000000000000000000000000000000000000000000000000000000000000000000000000000000000000000000000000000000000000000000
