00000101011100000010001010000011101001101010001000001001100100000000000011000110010001011001001010000100000000110000010000000100
01110000001110000001101100000111100000000000000000100011000000010100001101000100001100000000011101000010001000011000000000001000
11001000000010000001010100000010000000100010000111100001001110001001100000000010011001000100010101000101000010000110000000110001
00100010100100010000000010011000000100110000000011010100000110000101010001010101100100100011000001000000000100101100000010100100
01100000010000001000000000010100000001001001010000100011000001010000000000000000000010100000101111010010000100000100111000100000
00000101000011101100001000010001010001000000101010000001010110000011000001001100000000000010000001000001000001000100010010000010
00000000000000000000000000000000010100010011000010000000100000100010000000000100000001101001010000001100011000000111000000001011
00101000000000011000000000000010010011000100000100000100010100000000001100100000000001010000000000001101100010000000000000000111
01010100001101100001101000000010000000011000001000000000001000011001001001000000000010010001000100001101100100100000001000000100
01110100000010000010110000001000010000001101000011000001000010000100000000010010010101100000000000110000010100000011000000000100
01111010000100000100101001000001001100000000010001001011100000010010101001000010010001000111000011000001100000000100000100000101
00000001000010010100000000000010101100010001001100000010001001010000000000110110011100001001000101101000000000010000000011000010
00000000010000000010000001000010000001011000000110101000011101010110001100001011001000000000000001011001100111010100001000110000
00000000000000000000000000000000001000010000001101001101000001010010100000000000010001100010100000000011010000010010000110110000
10000100010000000000000110100010110001100100000100010100001000000000000011000000100000010010000000000000100100001000000100011010
10000000100100100010000000100100110100001110000000000000000000101111010000000001000000010000100000010000000100111000100010001010
00000010011100000001000000001000001101000000100000000100001010101001100000100000000101100000100000000100001010001010010000010010
10000000100111000100000100100010100010000110010000000101000000000100000010010000110010000010010100000000010001000001000010000000
00000110000010000000001001000100000011001100011000011011000000010001110010101000000010001000000100001000001110101110110001010100
00001000110000100101001000100100100000001000001010010010010001010010110100101000010010010001100000000010000110000001011001000000
00000000000000000000000000000000010000110000100000100000000001000010010100000000010100000100000000000001001010010000100001100110
00000000000011011001000110000000000100010101000010100010100000010010000100100001000000000000000000001010000000000000100010010010
01010000000000010110001100110010100010000110000100100000000011000100001000100110010001100000000000100110000001010000010100010001
00000100100000001001000001101111000000001001101100010000000010111100001000000000000010111111000000000001101101110000001000111101
10100001000000010100001110010010000000100000000000001001001000000100010000000000000010000100000101000001000010001001111000000000
10000000000101000000001000000011000000100001011101010010010000101001000000000000100100000000000000100001010000101100000001000000
10000000100111010000010001000011001001100100000101100000001000100011000000100000000000000001011010000010001100100010110000001001
00000000000000000000000000000000000010110000010000000001000101100000000111010001000000000110000000101101101000000000100000000010
00110100100000010001000100110000010001011000101000000011001000100011010111000001010000001100000110010000111100100000000011010000
00000010111111010000000000010001101000100000000000000010100000000011000001100011001000000100001001010101000000001000010000000000
01100110001010011000000001100101001000000111010010010110001100010000001100000010000000011010001101001000001000000111000000000000
10001010000000000110000000000000011000000010110100000100100001010001000000000100110011010010010000111100000000000010000001101000
00100100000010001001100000001000100000000000011000000000000000011000000111001100001000000011000101111100000000010001010000010000
00100000001000001100111000000100000010000111110000001000000100100000001110000000001000100010000010000001100000000111001110010001
00000000000000000000000000000000010101000000001000011010000010000001100100000001000001000000100000000101100101001001010010101110
00100000100100000001000000001000001010011001110110001000000101101000010000000100010000110100000000010010000010000011000001000001
00100000001100000100000000000000001011000000010011010100000000010000010001000000000000010100000000000001000111001010100010000001
00100001000100001010000010010000000001000000000001011011010101010111000001000100100000000101100110100010000100100100010000000000
00000001000010010011001000110100000000000000101011000010111000010101000000000110000000000000000110000101100000001001000001001000
00011000000001000000011000000000100000000000100000100010000100101000100000100000000110000000000001100001010000110001001001000000
00000000101010101010001000000011100001001000001000010010000000100101100000001000110001001000101000000100000100110000000110000000
00000000000000000000000000000000100010001000101011000000010010000001000001010010101000000100010001010000000100001000001010000100
00100000000100001010000100000000000010000101110101000100010101000001001010001011000010010000000001000010000000000010011000100000
00001011000001010100001100100100000000000100001000000001001110010010000001000000000010010000000001010101011101101000000000001000
00001000000000000000010000100001100000000001000000110001010000001000011001110100000001000000000000001001000000000010000110100001
00001000110001000000010000110000000000101000000101000000001000110000000100010100000011010000000110000000100100000100100101101001
01010000011000000101010100000100001000001000000000111000000000001000100010001001000000000010100000001100000000000011100101000000
00000000011000000001000000001000000000110010000001000001011000011000000001000110111000100000101001010010000001000000101000000010
00000000000000000000000000000000101010000000100000000000000010001001000100101110010010001111101101101010100000110000011100001000
00100010010010000001001100000001010100010000000110000000000010010000101100001110111000000000001100000101000000100000100100100101
00110000001010000001000010011000000010001000100011000000100000110000000000101000001000100001000100010000110000100000100010000000
10000000001110000000010001011000001111000010000101010000000000101101101011000000110100111000000001010100001000110000010000010000
00111000000000000001010000001001100000100000110000001000001100000100100011000000001010010001010001100000001000000110010000101001
00110000010000000000110000000001100011010000000010000010100000000000101110000000000100110000100101100000000110000000101000001100
00001000000000000000100000101001000100000001110000100010000000100000001000000000000000000100000000000010111010001000000100011110
00000000000000000000000000000000000000101000001000000000001000110000100000010000000001000001000000100100000000100000010010000100
00011000000000100001010100000010011100011010000010110000001000001010010000001011010100010000000000001010101000000011000100100001
00100011001101001100000110000100011010000111100000000001000101101100001000010000000000001000001011000100000110000000000100000000
00000100000000101000010001000000101000000000010001101011000110100000001001000000100000001100010000100010110101000000010100010001
00000000110010000010000100010001100001000100001010001000000001110110011000011100000000101000000000100001000100001001000010000010
00001000011010001010010000000100000000110000010001000010100100000101011100011100000111100000000000000100000000010101001000011001
01000010010011000010000000001100010100001000011100100001000000010001000000000010100000010000100010100000000001001010000000000000
00000000000000000000000000000000001010001000000001010000100010111000100100010100010000010001101000100000010010100000001110010000
11010000110000000100001000100000101011010000000000010000000101001100010101011000100010000001001001100100000000010010101000000101
01011100000000010100000001001010000000000101000000010000000000101000101000100000001100000000100000000100000010101100100010000100
10000010000000101000111010100100000000100010000100000000010000000110010000001000010000100100011100000000101000011000000000110000
00000100100000000010010000000001000010000100011011110101000000000011000100000100100000000000001000110010000000000101100000000101
00011000000001000110010000010010010000000000010101010100000000000101000000000000000110000001011101000000000000010011011001010000
00001000100100100001000000000000001000000000011000000010000000000000110000100000010011010000100100101010001000110010010000001100
00000000000000000000000000000000000000001000010001001100011000001011000100010000100000010000000010100000000000001100000001000000
00001000000000010000010000000110000000000010100011000010010100110010001100001000000100010000000001000010001000001000000000001010
00000010100111001000001111010000000000001001000001101000010000010000101010101000000001000100100000100000000100011011001000100110
00001000000101000000010101001001100100001000001011010001100010001010100100000010000110001000000010000011110110100000001001011000
00000000000000000000001000001011000000101000100100010000000000000000001000000010000000110000100000100001100010100011000000010001
01010110000101000000101100010011000000100110110000000000010100110100000000000101100010001101010010100000000000000100010000000100
00000000001110100001100010101000000100000000000100000100010011001000000000110000110001000000101011010001000100010100000000010010
00000000000000000000000000000000010001000000010001110000011101000100011010100100010000110101110000110001001011001001000000000000
10011000001010000011010100000001000000000111000000111000010101011001011001100000000000111000101001000000001000000000101000100010
01000000000001000010000010000101010001110101100010000110110100100000000001000001011001010101001010110100001010010100101000000011
00010100000000000000101000000011001100001010101010001110001000000001100100010100000001100010000100000000110000000000000001010000
00000001000000000101100001001000100001100000000000000001000000000010000000000100100000101010110110110000001000001100001110010100
00000101000000100100000000001010011100000000010101111000000100010100000000110011000101010000000000000000101100000000010011000010
00010010000000001001000001000000100101000100000001100100001000000001110000000001010010000000101010001001000000010000000100110001
00000000000000000000000000000000110001000100110000100001001100000001000110000010000100000000000010011100000001000001010000110001
00101010001100000100100100000100000100000010001000000000001101001000010001000001010001111000010000100111001000000001000000100100
00010010000001011000010000000000000000110100010000001001000000011010000111010010001100000100011000000010100011011000101100100110
00000010000000001011110011010100100101001100000010100001000110000010000000000011010010000100001100000100010000011000110000001101
00010010000001010001100010000000000000000100010000000000010000000110000000010110100000001010000101011011000000001000001001000100
01000001000001001000000110000000000001001000001000001010101110000100000001001000000000001100100001000100000000011000001010010000
00100011000000000111000100100110000000000101001000001000000100000110000000001010000000000010010010000000100000000001001000101100
00000000000000000000000000000000000010100100000001000001010001010001000110011010001000000010100010000010011100000000000101000000
01000000110000000001010000001000100101000010101101000100110010000001000000101000000000110011001100000000101000010001000001000100
00100101000010001001000101110000010000000000000000000000110100000001101100001001100010100000011000010000110000011001001000010100
11011000100100101000101000100110001011000000000110000000000000000011001001010010010001000101101100101000010101100000001100010000
01000010000000000010000101110001000000000000001001000111001000000100000000011000000010011000110010100100010011001000011001010000
10100100001101000000000000001111000000000100100000100000010000000100101011011000010000001000101000010100000000101110010000001000
01001001001000000100000010001000000000000000100010101001000111001100010000001000010000000010001100011001100010000100001000000101
00000000000000000000000000000000000001000100100000001111000100000101000000000100000101110000001100000101101000000101001011100000
00010001000101100100100110010000010101000000010000010000000010100000100010101000000101000000100001000000110110000000000100000100
00010000001000001101100000000010000000000010000010000000000001010000000000000000000100101000101100000000110011101011000001011010
10001010001001000000010000000101011000100000001000100100011001100100010010100001000010000010110010000000010110001001011010000000
10001100000000001011010000101000011010010111000001100110000000000110010000100010000111000000001110101101011000000000000001000001
10010001000110000000011000000010000010000101110000100000100011100000001010000110101100010100110000000000000100000000000000001001
00010000100000100100010000101001100000000001101000001001010000010000010100010000000100001010000001100000000000011010100010000010
00000000000000000000000000000000010100000001111100000001000000010010110000000001011110100000000000000011100010000100000000000000
00000100011001100000011000100000001010000000100100010011000000000010000110000110000010011100100000000000000001001010011010001100
10000011100100000000000010001000010000010011001100001111010010010100000101000100000000000110011110011100011001110000010010100110
11000000001100001000001001001100000101000100000010010100010100001110000011111101000100101000000100100010000000000010000010100100
00001010000000011111010101000000000100000010100100000000101000011000000000000000000100000000011010000000010000011000000010110010
00000000111010000010100010100001001000011101000101100100000101000000000000001111101100101001010000010000100000010100101000000001
00010100001000110000000000001011000000000100100001100101000000001000110000100100000110010001010000000010001000001000000000001000
00000000000000000000000000000000001010100010000000000001010011001000010000000000101010000000000000010100101100010000000100000000
11000010000100000000000001010000000101000001100100100000010001000000010001000110000000011010000001000000000000100000000000000000
00000001000000000011000010001001000000000000100110000000000000000010001000101101010010000010001010000000000000001000101010100000
00000001000000000100100000011000001001001001000100101000000110100110110000100010000000010000000001010100110001100101000000100100
01100101000000000010011000000010001000001000010111000000001000000001010100100110100101001100010010000101000101100000000101000000
00111001010010001010000000000100101111000110000000010000000000011010001000010000000000000001100000101010000100000001000001101101
00000000000001001000010100100000000110000010100010000000000000000001110101110100100101000010101000100101000000000000100010000000
00000000000000000000000000000000000000000000000001110100000011000010000000000000010000000001010000000110000000000011100001001000
00000000001110100000010101100000000110000010001000000000000100000001100000001100110100010000001001000000000000001100000000100000
00000100001101010100100000100000010101000000001100100000000000001100001000000000010010000001000011000000011000010010010010100000
01111101100000000011000000100000110001000100000000101010000000000000001010000000000001100000011000001000000011110000010001001000
01010010000000010100010000001000100010001000000100010010011010000000110001101000010000001001000101000100000001000110000100010000
11000011000000001110000100011000000001000001110000001000010001000011011010000000011001010000100001000000000010100001000001011100
00001110000000100100010011000010000000000000110010001000001000000000000100000000000011100000110010100000010000000000000100010001
00000000000000000000000000000000000000001010110000000100000000000001000101100000100000100100010110100100011000100010000110000010
00100001000001000000000000001011000110100000000000000000000001000001010000001000010001100111110001010001001000101100100010000100
10000001111000000110000011000010100000110001000011100000010000010010101011010100000000001101000010011000010000100000000001100010
10001010010000000000000000110100000000101000100001001000000000100100000011110100100000110000000000000000010000000100000100000110
00000001000000110010011011000001000100010001001000000010011000100000010000000000101100010001000110010001100000001000000011000100
01100100010000000000010001010001010011000000000000000001110110011100000000000001000010100000100001011000000000101000011000100001
00010000000000000010000101100010000000001000001010010000010110001000011000001000110010010000100000100010000000101001010000001000
00000000000000000000000000000000000000100001000000000000000110001010011010000100000100000101011000000000100100000010000000000001
01001001010000010000110100001000000010100001010011100010010000001000000000000001000001011000000010001110010011101000111000001010
00001001010000101011100000101100000010110010000100010010000001001101000001000100001101010010000110110001000000000010010010000000
01100000101010000001000010100101000000000000100001000011011001001000000100010000100000100110000101000100000000000010001000000000
00100000000101000100000100101111011001100110000100011000000100000000100001010000000101001010111110000000010101000001000100000100
00001110111001100000000101110010000100100001010000001000011000001100000000100000000000001000100000100010000000010000111000000100
00110000100100101011010000001000000101100011100000000001110000010001001011001100010001000100000001101100000000001000100000000011
00000000000000000000000000000000001000000010110001010000010000001100100101010000001101100001000011000000000000000001001001001100
11001111000000000000100000001101010000000000000000010100000101000101011000110000000000010100000000000000000100001000000110010100
00101000011000001000001001110001010000000001000001000000100010000000010000001000101001000000110001000000111000000010001001101000
00101010111010000110100001000001010010010011101000000001001001001110000111100010001001001011000100000100010010000000001000001100
00000001100000010001000000100000001000000110000010100001000000000000000110001010100100001000100001000000000100011000001000001010
10010000000100000110010010100010000000000000001000001111000010000001010001110000010111010100000000000000100000010000000000000100
00000100011000001001001000000100000010001000000000011011000001101010000010010001100110000010000100011011001000010100000001010000
00000000000000000000000000000000000000000000001000000000001011111000000010000001011000100001010101001000011110100000100000000001
00000000000000001110000011000000001100100000001110101110000000001001000100100000001000000111001110000000000010000001100110000110
11000001100000001100100010000001000000010001100000000000101000010010000000110000000000000000010000000110000000000000001000001000
00100010000010000000000011001000000001000000001000000000000100000000101101010100000110000001001010000000000000011011000010001000
11001011110000010000000110000010000001000001000010100001000000000001100010000000010000100000001010000000000100100000100000100100
00110000011100000011000000100000010010000000010000000000000100010010010000100100000100111110000000000010101000001001010101100100
01001100010000000110000000100000000110000000010001000001100010000101010000001000001110100011000000100000000000000010110000000001
00000000000000000000000000000000000000000000000100000101000110001000000000000001000001010001011100000010100101000110110011001010
00100001000000100000000000000110000010001110110001000000000001100100000001010111110000110000011011000000010011011001000101010011
10000001001110010000110010110001001000000010000000000001000000010000010010011110100111111000100100000010000000000010000010010101
00010100010000001000110011000001010101111100000010000000000001100010000000000000001100001000101000100110010000101000110000000001
00100000000010010000000000000000010001000000000100000010100101001101010000101000010000000101100000001101110101000100000011110011
10000000000000100011100000000010000100110000100000010101010101000100100110101101101010000100100110000001010000000100100000000001
00000000010000000000001000011000110100001100000000110101001000000000110000100001010100000110010001000001000010100101010001000001
00000000000000000000000000000000100000101011000100101000010101010110000000000010001100000000000011001000100000000010100000101000
00010000010001001000000010010000000000100001001100001101010100000000010000001000001000011100000001101011001010000111000000101000
11000001000100001110110100000001011111000000010000000010010001000011001011101000001010010101010001010000111000111000001011010000
00010000001000001110000100000010000000010001011100000100101000100100000001000000000100011000000000100111010110110011001000000011
00010100010100001000000100000010100001000100000010000100100000110000001000010100001000000000101010101100000000000011000000010000
00000000110000000000100000000000000010001001101000000000000000000010010000100100001000000100100100000011000000010001100010010000
01101110000000001111000010000100000000000000110010001111101101000110000010010001000101000000000000000000100001010000010000100111
00000000000000000000000000000000011010111100001010001110000000000010000000010000000001101000110001011100000010000000001000000000
00100000100100100100101100100000011001100100100100001100100011000110100000100000101000011000000100100001000000100111000010000000
01000011000101000010000011010000000001011000001110001101000101000110010001110000011100000001010010000100010011000000010011100000
01001000100001000010000010100000100010100000000100101000001010000101100000110100010000000000100000000110001000000000001000001011
00110100011100000100000000010000000011001010000101100000011000000001000000001101000001000000000000000000010111100100000001000001
00010000000100001110100100000001001000000000000001001000000100000000000001000000010011101000000010000100010010000010000000000000
10010000100010000000000010000001000000000000100000100010000011000001100110010010100110100100001100001110000001010101000101000000
00000000000000000000000000000000100011000001100010000000000000100000010111000000100101110100010000000001101000000000000000001001
10001100000000001000010001001000001010000001011001010000001101000000000010000000000100000010011001000100010000000000010000010101
00000000010000010111100010000000000101011000000100100011001011001000101110011000001000000010111000000000001000000000100101001001
01001000110000000010001110000010000100001000001011101100010100000000110010101000010000010001000010000001010001100000100000000000
00010000100110010100000000000000100001000000100011010001000000001000010100100100100001000001001001011000001001101000010000000000
00101000000110100000010000010001000000001000001010010101011100001000000010001010000000010000000001000110000000000001000001100100
10000001100010000000000100010000010000000000000000001101001010110000100100001000000010111001001000100001000011001000100000101110
00000000000000000000000000000000000100000001000100110000111110000110101101010000000000001001000010011000001000001001010000000001
01000111000101110000000000000100001000000001000100000010000001011010000000000000000000110000001001100001101100100000101000101000
00010001000110010000000000100000000000110001001100000001110000000001010000110101011001011000010000011000000001000100001000000010
01001000100110000000101001000010100100010010000011001000011000001000010000001000000001100000000000010100100001011111000000000000
10000010100000001011000111010000100000101000010110100001000010100100000000011000000110000000110010011101000000100100000000000000
00000000001000011001101000000001000100111000001000000001000000000011111001001000010001100001000100100000000000000000001100011000
00000001000101110000000001000000000001000110000000000000000000010100001100000000001000000000100000100001011000000001000100000111
00000000000000000000000000000000100111000000011000000000100000000000011010001001100000000101000000001001011100010000010000100000
00000010100000000010100010000110100000000010011100100000000011000001010011111011110110010100010000100000001101000001010000000000
01000100000000100000000101001000000101000010000010100010000010000010000001010111010000101000000100100110100100010000000010000001
00000010001001000100000010000010000100000000000010000000000100000000101000101001000100100000110000000101001100000010001100111100
00001000000010001000001001001011001000010000011100001000000100010001001000000000000000100000000000100101000100000000000101000000
01000000100000111011000001010000000000001101000000101010000000101000101010110010001000100111000100001000000000001000010100000000
01001000010110001000000000001001000010010101010111100000100010001000000000000000010000000000011000001100000100001110000001110001
00000000000000000000000000000000100100000111000001000001000001000010000000000001001001100001000001011010001000111010000100000100
00001000000010001001000000110000001010000100001001100000010101100110001000010001011100000000001000000000001111101001001000000000
01101101101010000000000101100101101010000001000100000001000010000000000011000000000001010011000001101011000000010100001000001110
10000001000000111000000010100101100001000000100000000000000000000000000001001000000000000000000000110000100101000010001000000000
00101000001011000001000110100010100000001010001000000000110000100000000000000000100011000010000100000001000101000000110100000100
10100100000000010001000000110100000111010100000110110001000100000010000110000100001010000010000000001001100000100100100000001010
00001000000100000001000001000100100000000001101000010110010000100000010010000100100001111000000000000001000000100000110001000000
00000000000000000000000000000000000000001000000100000101010000000000010110100101110000001110000000001000001001000000100000101000
00000101000100110001001000100000100000110000100001110111010010000010001000000001000100001000000101001010100100101000001001100000
01000010010001000001010100100000000110000001000001011011000000000000000010001100110000011000110000000110000100101001000000011011
00000101010000010000000001000000001001000101100010100001001000001000010001000000010000000000001100000110010000100000000101000000
01010100001001000000001011010100010100000000000001010010101000010000000001000000001001000001110011010001010000010000100110000001
00010000010001010001000111010000100000000100011010100100010000010000001011010101100000011000000110001001001001001000001010001010
00110000010001000001010000001101110010011011000010000100110100000100000010101000010001000010001011010000000000010000110000001100
00000000000000000000000000000000000000100010010100000001000001000010010000000000000010110101000100001100000000000100100000001010
01100101001011100010000100100010000011000001001000010001000000010000000000000110111000001010100100100000000000000110000100000000
01100000000000000000000000101011000001011000100010000000000010100001011000101000110000011011000001000100100010100110000100011100
10000100000100000000101100011100001111101001000000001000001000000010001001101000000000010100000100001000010001100101000110000100
01000100010001010000010001010000000010000000110001000000100111000000000000000100000001000000110000000000000100100100000101110011
00110100011010000000001100100010000101001000100101001001000100000000000101000001100000000001010000100110000000000000000010000010
10000010010011000100000100000000001000010000001100010011001100010100000100000110011010001000010000001110010000101100000000000000
00000000000000000000000000000000000000110011001101000001000011010000100000000100000010010000100001001011001100110000000010100000
00001000000000010010001110100000000110010001010000100011010000001010100101000010110100100100100101101000001000100001011001010010
00100001000000001000000100000011000000001000110110001000010000100111000000000010100000000100010000000100100000011000001000000011
00010010000001000000000100110000001001011000000010000001010011000010101101000000000110100010010110001101001000000000100000110000
10100111100010100000110000010100000001000000000000011100010001000000000110000000010000001000010000101011010000000001001000000001
10000110100001000000000001100001000000111000001000000000000010000000100100100000000000000000010010001000010000000000000001000100
00001000010000010010011110001111110000000000001000000000000101010000010000100010000010000011001100010000000100000000000000000000
00000000000000000000000000000000000000000000010010100100000010000000001000000000001010011010000000000010010001001111000000010110
00000000000000000000000000000000000000000000000000000000000000000000000000000000000000000000000000000000000000000000000000000000
00000000000000000000000000000000000000000000000000000000000000000000000000000000000000000000000000000000000000000000000000000000
00000000000000000000000000000000000000000000000000000000000000000000000000000000000000000000000000000000000000000000000000000000
00000000000000000000000000000000000000000000000000000000000000000000000000000000000000000000000000000000000000000000000000000000
00000000000000000000000000000000000000000000000000000000000000000000000000000000000000000000000000000000000000000000000000000000
00000000000000000000000000000000000000000000000000000000000000000000000000000000000000000000000000000000000000000000000000000000
00000000000000000000000000000000000000000000000000000000000000000000000000000000000000000000000000000000000000000000000000000000
00000000000000000000000000000000000000000000000000000000000000000000000000000000000000000000000000000000000000000000000000000000
00000000000000000000000000000000000000000000000000000000000000000000000000000000000000000000000000000000000000000000000000000000
00000000000000000000000000000000000000000000000000000000000000000000000000000000000000000000000000000000000000000000000000000000
00000000000000000000000000000000000000000000000000000000000000000000000000000000000000000000000000000000000000000000000000000000
00000000000000000000000000000000000000000000000000000000000000000000000000000000000000000000000000000000000000000000000000000000
00000000000000000000000000000000000000000000000000000000000000000000000000000000000000000000000000000000000000000000000000000000
00000000000000000000000000000000000000000000000000000000000000000000000000000000000000000000000000000000000000000000000000000000
00000000000000000000000000000000000000000000000000000000000000000000000000000000000000000000000000000000000000000000000000000000
00000000000000000000000000000000000000000000000000000000000000000000000000000000000000000000000000000000000000000000000000000000
00000000000000000000000000000000000000000000000000000000000000000000000000000000000000000000000000000000000000000000000000000000
00000000000000000000000000000000000000000000000000000000000000000000000000000000000000000000000000000000000000000000000000000000
00000000000000000000000000000000000000000000000000000000000000000000000000000000000000000000000000000000000000000000000000000000
00000000000000000000000000000000000000000000000000000000000000000000000000000000000000000000000000000000000000000000000000000000
00000000000000000000000000000000000000000000000000000000000000000000000000000000000000000000000000000000000000000000000000000000
00000000000000000000000000000000000000000000000000000000000000000000000000000000000000000000000000000000000000000000000000000000
00000000000000000000000000000000000000000000000000000000000000000000000000000000000000000000000000000000000000000000000000000000
00000000000000000000000000000000000000000000000000000000000000000000000000000000000000000000000000000000000000000000000000000000
00000000000000000000000000000000000000000000000000000000000000000000000000000000000000000000000000000000000000000000000000000000
00000000000000000000000000000000000000000000000000000000000000000000000000000000000000000000000000000000000000000000000000000000
00000000000000000000000000000000000000000000000000000000000000000000000000000000000000000000000000000000000000000000000000000000
00000000000000000000000000000000000000000000000000000000000000000000000000000000000000000000000000000000000000000000000000000000
00000000000000000000000000000000000000000000000000000000000000000000000000000000000000000000000000000000000000000000000000000000
00000000000000000000000000000000000000000000000000000000000000000000000000000000000000000000000000000000000000000000000000000000
00000000000000000000000000000000000000000000000000000000000000000000000000000000000000000000000000000000000000000000000000000000
00000000000000000000000000000000000000000000000000000000000000000000000000000000000000000000000000000000000000000000000000000000
00000000000000000000000000000000000000000000000000000000000000000000000000000000000000000000000000000000000000000000000000000000
00000000000000000000000000000000000000000000000000000000000000000000000000000000000000000000000000000000000000000000000000000000
00000000000000000000000000000000000000000000000000000000000000000000000000000000000000000000000000000000000000000000000000000000
00000000000000000000000000000000000000000000000000000000000000000000000000000000000000000000000000000000000000000000000000000000
00000000000000000000000000000000000000000000000000000000000000000000000000000000000000000000000000000000000000000000000000000000
00000000000000000000000000000000000000000000000000000000000000000000000000000000000000000000000000000000000000000000000000000000
00000000000000000000000000000000000000000000000000000000000000000000000000000000000000000000000000000000000000000000000000000000
00000000000000000000000000000000000000000000000000000000000000000000000000000000000000000000000000000000000000000000000000000000
00000000000000000000000000000000000000000000000000000000000000000000000000000000000000000000000000000000000000000000000000000000
00000000000000000000000000000000000000000000000000000000000000000000000000000000000000000000000000000000000000000000000000000000
00000000000000000000000000000000000000000000000000000000000000000000000000000000000000000000000000000000000000000000000000000000
00000000000000000000000000000000000000000000000000000000000000000000000000000000000000000000000000000000000000000000000000000000
00000000000000000000000000000000000000000000000000000000000000000000000000000000000000000000000000000000000000000000000000000000
00000000000000000000000000000000000000000000000000000000000000000000000000000000000000000000000000000000000000000000000000000000
00000000000000000000000000000000000000000000000000000000000000000000000000000000000000000000000000000000000000000000000000000000
00000000000000000000000000000000000000000000000000000000000000000000000000000000000000000000000000000000000000000000000000000000
00000000000000000000000000000000000000000000000000000000000000000000000000000000000000000000000000000000000000000000000000000000
00000000000000000000000000000000000000000000000000000000000000000000000000000000000000000000000000000000000000000000000000000000
00000000000000000000000000000000000000000000000000000000000000000000000000000000000000000000000000000000000000000000000000000000
00000000000000000000000000000000000000000000000000000000000000000000000000000000000000000000000000000000000000000000000000000000
00000000000000000000000000000000000000000000000000000000000000000000000000000000000000000000000000000000000000000000000000000000
00000000000000000000000000000000000000000000000000000000000000000000000000000000000000000000000000000000000000000000000000000000
00000000000000000000000000000000000000000000000000000000000000000000000000000000000000000000000000000000000000000000000000000000
00000000000000000000000000000000000000000000000000000000000000000000000000000000000000000000000000000000000000000000000000000000
00000000000000000000000000000000000000000000000000000000000000000000000000000000000000000000000000000000000000000000000000000000
00000000000000000000000000000000000000000000000000000000000000000000000000000000000000000000000000000000000000000000000000000000
00000000000000000000000000000000000000000000000000000000000000000000000000000000000000000000000000000000000000000000000000000000
00000000000000000000000000000000000000000000000000000000000000000000000000000000000000000000000000000000000000000000000000000000
00000000000000000000000000000000000000000000000000000000000000000000000000000000000000000000000000000000000000000000000000000000
00000000000000000000000000000000000000000000000000000000000000000000000000000000000000000000000000000000000000000000000000000000
00000000000000000000000000000000000000000000000000000000000000000000000000000000000000000000000000000000000000000000000000000000
00000000000000000000000000000000000000000000000000000000000000000000000000000000000000000000000000000000000000000000000000000000
00000000000000000000000000000000000000000000000000000000000000000000000000000000000000000000000000000000000000000000000000000000
00000000000000000000000000000000000000000000000000000000000000000000000000000000000000000000000000000000000000000000000000000000
00000000000000000000000000000000000000000000000000000000000000000000000000000000000000000000000000000000000000000000000000000000
00000000000000000000000000000000000000000000000000000000000000000000000000000000000000000000000000000000000000000000000000000000
00000000000000000000000000000000000000000000000000000000000000000000000000000000000000000000000000000000000000000000000000000000
00000000000000000000000000000000000000000000000000000000000000000000000000000000000000000000000000000000000000000000000000000000
00000000000000000000000000000000000000000000000000000000000000000000000000000000000000000000000000000000000000000000000000000000
00000000000000000000000000000000000000000000000000000000000000000000000000000000000000000000000000000000000000000000000000000000
00000000000000000000000000000000000000000000000000000000000000000000000000000000000000000000000000000000000000000000000000000000
00000000000000000000000000000000000000000000000000000000000000000000000000000000000000000000000000000000000000000000000000000000
00000000000000000000000000000000000000000000000000000000000000000000000000000000000000000000000000000000000000000000000000000000
00000000000000000000000000000000000000000000000000000000000000000000000000000000000000000000000000000000000000000000000000000000
00000000000000000000000000000000000000000000000000000000000000000000000000000000000000000000000000000000000000000000000000000000
00000000000000000000000000000000000000000000000000000000000000000000000000000000000000000000000000000000000000000000000000000000
00000000000000000000000000000000000000000000000000000000000000000000000000000000000000000000000000000000000000000000000000000000
00000000000000000000000000000000000000000000000000000000000000000000000000000000000000000000000000000000000000000000000000000000
00000000000000000000000000000000000000000000000000000000000000000000000000000000000000000000000000000000000000000000000000000000
00000000000000000000000000000000000000000000000000000000000000000000000000000000000000000000000000000000000000000000000000000000
00000000000000000000000000000000000000000000000000000000000000000000000000000000000000000000000000000000000000000000000000000000
00000000000000000000000000000000000000000000000000000000000000000000000000000000000000000000000000000000000000000000000000000000
00000000000000000000000000000000000000000000000000000000000000000000000000000000000000000000000000000000000000000000000000000000
00000000000000000000000000000000000000000000000000000000000000000000000000000000000000000000000000000000000000000000000000000000
00000000000000000000000000000000000000000000000000000000000000000000000000000000000000000000000000000000000000000000000000000000
00000000000000000000000000000000000000000000000000000000000000000000000000000000000000000000000000000000000000000000000000000000
00000000000000000000000000000000000000000000000000000000000000000000000000000000000000000000000000000000000000000000000000000000
00000000000000000000000000000000000000000000000000000000000000000000000000000000000000000000000000000000000000000000000000000000
00000000000000000000000000000000000000000000000000000000000000000000000000000000000000000000000000000000000000000000000000000000
00000000000000000000000000000000000000000000000000000000000000000000000000000000000000000000000000000000000000000000000000000000
00000000000000000000000000000000000000000000000000000000000000000000000000000000000000000000000000000000000000000000000000000000
00000000000000000000000000000000000000000000000000000000000000000000000000000000000000000000000000000000000000000000000000000000
00000000000000000000000000000000000000000000000000000000000000000000000000000000000000000000000000000000000000000000000000000000
00000000000000000000000000000000000000000000000000000000000000000000000000000000000000000000000000000000000000000000000000000000
00000000000000000000000000000000000000000000000000000000000000000000000000000000000000000000000000000000000000000000000000000000
00000000000000000000000000000000000000000000000000000000000000000000000000000000000000000000000000000000000000000000000000000000
00000000000000000000000000000000000000000000000000000000000000000000000000000000000000000000000000000000000000000000000000000000
00000000000000000000000000000000000000000000000000000000000000000000000000000000000000000000000000000000000000000000000000000000
00000000000000000000000000000000000000000000000000000000000000000000000000000000000000000000000000000000000000000000000000000000
00000000000000000000000000000000000000000000000000000000000000000000000000000000000000000000000000000000000000000000000000000000
00000000000000000000000000000000000000000000000000000000000000000000000000000000000000000000000000000000000000000000000000000000
00000000000000000000000000000000000000000000000000000000000000000000000000000000000000000000000000000000000000000000000000000000
00000000000000000000000000000000000000000000000000000000000000000000000000000000000000000000000000000000000000000000000000000000
00000000000000000000000000000000000000000000000000000000000000000000000000000000000000000000000000000000000000000000000000000000
00000000000000000000000000000000000000000000000000000000000000000000000000000000000000000000000000000000000000000000000000000000
00000000000000000000000000000000000000000000000000000000000000000000000000000000000000000000000000000000000000000000000000000000
00000000000000000000000000000000000000000000000000000000000000000000000000000000000000000000000000000000000000000000000000000000
00000000000000000000000000000000000000000000000000000000000000000000000000000000000000000000000000000000000000000000000000000000
00000000000000000000000000000000000000000000000000000000000000000000000000000000000000000000000000000000000000000000000000000000
00000000000000000000000000000000000000000000000000000000000000000000000000000000000000000000000000000000000000000000000000000000
00000000000000000000000000000000000000000000000000000000000000000000000000000000000000000000000000000000000000000000000000000000
00000000000000000000000000000000000000000000000000000000000000000000000000000000000000000000000000000000000000000000000000000000
00000000000000000000000000000000000000000000000000000000000000000000000000000000000000000000000000000000000000000000000000000000
00000000000000000000000000000000000000000000000000000000000000000000000000000000000000000000000000000000000000000000000000000000
00000000000000000000000000000000000000000000000000000000000000000000000000000000000000000000000000000000000000000000000000000000
00000000000000000000000000000000000000000000000000000000000000000000000000000000000000000000000000000000000000000000000000000000
00000000000000000000000000000000000000000000000000000000000000000000000000000000000000000000000000000000000000000000000000000000
00000000000000000000000000000000000000000000000000000000000000000000000000000000000000000000000000000000000000000000000000000000
00000000000000000000000000000000000000000000000000000000000000000000000000000000000000000000000000000000000000000000000000000000
00000000000000000000000000000000000000000000000000000000000000000000000000000000000000000000000000000000000000000000000000000000
00000000000000000000000000000000000000000000000000000000000000000000000000000000000000000000000000000000000000000000000000000000
00000000000000000000000000000000000000000000000000000000000000000000000000000000000000000000000000000000000000000000000000000000
00000000000000000000000000000000000000000000000000000000000000000000000000000000000000000000000000000000000000000000000000000000
00000000000000000000000000000000000000000000000000000000000000000000000000000000000000000000000000000000000000000000000000000000
00000000000000000000000000000000000000000000000000000000000000000000000000000000000000000000000000000000000000000000000000000000
00000000000000000000000000000000000000000000000000000000000000000000000000000000000000000000000000000000000000000000000000000000
00000000000000000000000000000000000000000000000000000000000000000000000000000000000000000000000000000000000000000000000000000000
00000000000000000000000000000000000000000000000000000000000000000000000000000000000000000000000000000000000000000000000000000000
00000000000000000000000000000000000000000000000000000000000000000000000000000000000000000000000000000000000000000000000000000000
00000000000000000000000000000000000000000000000000000000000000000000000000000000000000000000000000000000000000000000000000000000
00000000000000000000000000000000000000000000000000000000000000000000000000000000000000000000000000000000000000000000000000000000
00000000000000000000000000000000000000000000000000000000000000000000000000000000000000000000000000000000000000000000000000000000
00000000000000000000000000000000000000000000000000000000000000000000000000000000000000000000000000000000000000000000000000000000
00000000000000000000000000000000000000000000000000000000000000000000000000000000000000000000000000000000000000000000000000000000
00000000000000000000000000000000000000000000000000000000000000000000000000000000000000000000000000000000000000000000000000000000
00000000000000000000000000000000000000000000000000000000000000000000000000000000000000000000000000000000000000000000000000000000
00000000000000000000000000000000000000000000000000000000000000000000000000000000000000000000000000000000000000000000000000000000
00000000000000000000000000000000000000000000000000000000000000000000000000000000000000000000000000000000000000000000000000000000
00000000000000000000000000000000000000000000000000000000000000000000000000000000000000000000000000000000000000000000000000000000
00000000000000000000000000000000000000000000000000000000000000000000000000000000000000000000000000000000000000000000000000000000
00000000000000000000000000000000000000000000000000000000000000000000000000000000000000000000000000000000000000000000000000000000
00000000000000000000000000000000000000000000000000000000000000000000000000000000000000000000000000000000000000000000000000000000
00000000000000000000000000000000000000000000000000000000000000000000000000000000000000000000000000000000000000000000000000000000
00000000000000000000000000000000000000000000000000000000000000000000000000000000000000000000000000000000000000000000000000000000
00000000000000000000000000000000000000000000000000000000000000000000000000000000000000000000000000000000000000000000000000000000
00000000000000000000000000000000000000000000000000000000000000000000000000000000000000000000000000000000000000000000000000000000
00000000000000000000000000000000000000000000000000000000000000000000000000000000000000000000000000000000000000000000000000000000
00000000000000000000000000000000000000000000000000000000000000000000000000000000000000000000000000000000000000000000000000000000
00000000000000000000000000000000000000000000000000000000000000000000000000000000000000000000000000000000000000000000000000000000
00000000000000000000000000000000000000000000000000000000000000000000000000000000000000000000000000000000000000000000000000000000
00000000000000000000000000000000000000000000000000000000000000000000000000000000000000000000000000000000000000000000000000000000
00000000000000000000000000000000000000000000000000000000000000000000000000000000000000000000000000000000000000000000000000000000
00000000000000000000000000000000000000000000000000000000000000000000000000000000000000000000000000000000000000000000000000000000
00000000000000000000000000000000000000000000000000000000000000000000000000000000000000000000000000000000000000000000000000000000
00000000000000000000000000000000000000000000000000000000000000000000000000000000000000000000000000000000000000000000000000000000
00000000000000000000000000000000000000000000000000000000000000000000000000000000000000000000000000000000000000000000000000000000
00000000000000000000000000000000000000000000000000000000000000000000000000000000000000000000000000000000000000000000000000000000
00000000000000000000000000000000000000000000000000000000000000000000000000000000000000000000000000000000000000000000000000000000
00000000000000000000000000000000000000000000000000000000000000000000000000000000000000000000000000000000000000000000000000000000
00000000000000000000000000000000000000000000000000000000000000000000000000000000000000000000000000000000000000000000000000000000
00000000000000000000000000000000000000000000000000000000000000000000000000000000000000000000000000000000000000000000000000000000
00000000000000000000000000000000000000000000000000000000000000000000000000000000000000000000000000000000000000000000000000000000
00000000000000000000000000000000000000000000000000000000000000000000000000000000000000000000000000000000000000000000000000000000
00000000000000000000000000000000000000000000000000000000000000000000000000000000000000000000000000000000000000000000000000000000
00000000000000000000000000000000000000000000000000000000000000000000000000000000000000000000000000000000000000000000000000000000
00000000000000000000000000000000000000000000000000000000000000000000000000000000000000000000000000000000000000000000000000000000
00000000000000000000000000000000000000000000000000000000000000000000000000000000000000000000000000000000000000000000000000000000
00000000000000000000000000000000000000000000000000000000000000000000000000000000000000000000000000000000000000000000000000000000
00000000000000000000000000000000000000000000000000000000000000000000000000000000000000000000000000000000000000000000000000000000
00000000000000000000000000000000000000000000000000000000000000000000000000000000000000000000000000000000000000000000000000000000
00000000000000000000000000000000000000000000000000000000000000000000000000000000000000000000000000000000000000000000000000000000
00000000000000000000000000000000000000000000000000000000000000000000000000000000000000000000000000000000000000000000000000000000
00000000000000000000000000000000000000000000000000000000000000000000000000000000000000000000000000000000000000000000000000000000
00000000000000000000000000000000000000000000000000000000000000000000000000000000000000000000000000000000000000000000000000000000
00000000000000000000000000000000000000000000000000000000000000000000000000000000000000000000000000000000000000000000000000000000
00000000000000000000000000000000000000000000000000000000000000000000000000000000000000000000000000000000000000000000000000000000
00000000000000000000000000000000000000000000000000000000000000000000000000000000000000000000000000000000000000000000000000000000
00000000000000000000000000000000000000000000000000000000000000000000000000000000000000000000000000000000000000000000000000000000
00000000000000000000000000000000000000000000000000000000000000000000000000000000000000000000000000000000000000000000000000000000
00000000000000000000000000000000000000000000000000000000000000000000000000000000000000000000000000000000000000000000000000000000
00000000000000000000000000000000000000000000000000000000000000000000000000000000000000000000000000000000000000000000000000000000
00000000000000000000000000000000000000000000000000000000000000000000000000000000000000000000000000000000000000000000000000000000
00000000000000000000000000000000000000000000000000000000000000000000000000000000000000000000000000000000000000000000000000000000
00000000000000000000000000000000000000000000000000000000000000000000000000000000000000000000000000000000000000000000000000000000
00000000000000000000000000000000000000000000000000000000000000000000000000000000000000000000000000000000000000000000000000000000
00000000000000000000000000000000000000000000000000000000000000000000000000000000000000000000000000000000000000000000000000000000
00000000000000000000000000000000000000000000000000000000000000000000000000000000000000000000000000000000000000000000000000000000
00000000000000000000000000000000000000000000000000000000000000000000000000000000000000000000000000000000000000000000000000000000
00000000000000000000000000000000000000000000000000000000000000000000000000000000000000000000000000000000000000000000000000000000
00000000000000000000000000000000000000000000000000000000000000000000000000000000000000000000000000000000000000000000000000000000
00000000000000000000000000000000000000000000000000000000000000000000000000000000000000000000000000000000000000000000000000000000
00000000000000000000000000000000000000000000000000000000000000000000000000000000000000000000000000000000000000000000000000000000
00000000000000000000000000000000000000000000000000000000000000000000000000000000000000000000000000000000000000000000000000000000
00000000000000000000000000000000000000000000000000000000000000000000000000000000000000000000000000000000000000000000000000000000
00000000000000000000000000000000000000000000000000000000000000000000000000000000000000000000000000000000000000000000000000000000
00000000000000000000000000000000000000000000000000000000000000000000000000000000000000000000000000000000000000000000000000000000
00000000000000000000000000000000000000000000000000000000000000000000000000000000000000000000000000000000000000000000000000000000
00000000000000000000000000000000000000000000000000000000000000000000000000000000000000000000000000000000000000000000000000000000
00000000000000000000000000000000000000000000000000000000000000000000000000000000000000000000000000000000000000000000000000000000
00000000000000000000000000000000000000000000000000000000000000000000000000000000000000000000000000000000000000000000000000000000
00000000000000000000000000000000000000000000000000000000000000000000000000000000000000000000000000000000000000000000000000000000
00000000000000000000000000000000000000000000000000000000000000000000000000000000000000000000000000000000000000000000000000000000
00000000000000000000000000000000000000000000000000000000000000000000000000000000000000000000000000000000000000000000000000000000
00000000000000000000000000000000000000000000000000000000000000000000000000000000000000000000000000000000000000000000000000000000
00000000000000000000000000000000000000000000000000000000000000000000000000000000000000000000000000000000000000000000000000000000
00000000000000000000000000000000000000000000000000000000000000000000000000000000000000000000000000000000000000000000000000000000
00000000000000000000000000000000000000000000000000000000000000000000000000000000000000000000000000000000000000000000000000000000
00000000000000000000000000000000000000000000000000000000000000000000000000000000000000000000000000000000000000000000000000000000
00000000000000000000000000000000000000000000000000000000000000000000000000000000000000000000000000000000000000000000000000000000
00000000000000000000000000000000000000000000000000000000000000000000000000000000000000000000000000000000000000000000000000000000
00000000000000000000000000000000000000000000000000000000000000000000000000000000000000000000000000000000000000000000000000000000
00000000000000000000000000000000000000000000000000000000000000000000000000000000000000000000000000000000000000000000000000000000
00000000000000000000000000000000000000000000000000000000000000000000000000000000000000000000000000000000000000000000000000000000
00000000000000000000000000000000000000000000000000000000000000000000000000000000000000000000000000000000000000000000000000000000
00000000000000000000000000000000000000000000000000000000000000000000000000000000000000000000000000000000000000000000000000000000
00000000000000000000000000000000000000000000000000000000000000000000000000000000000000000000000000000000000000000000000000000000
00000000000000000000000000000000000000000000000000000000000000000000000000000000000000000000000000000000000000000000000000000000
00000000000000000000000000000000000000000000000000000000000000000000000000000000000000000000000000000000000000000000000000000000
00000000000000000000000000000000000000000000000000000000000000000000000000000000000000000000000000000000000000000000000000000000
00000000000000000000000000000000000000000000000000000000000000000000000000000000000000000000000000000000000000000000000000000000
00000000000000000000000000000000000000000000000000000000000000000000000000000000000000000000000000000000000000000000000000000000
00000000000000000000000000000000000000000000000000000000000000000000000000000000000000000000000000000000000000000000000000000000
00000000000000000000000000000000000000000000000000000000000000000000000000000000000000000000000000000000000000000000000000000000
00000000000000000000000000000000000000000000000000000000000000000000000000000000000000000000000000000000000000000000000000000000
00000000000000000000000000000000000000000000000000000000000000000000000000000000000000000000000000000000000000000000000000000000
00000000000000000000000000000000000000000000000000000000000000000000000000000000000000000000000000000000000000000000000000000000
00000000000000000000000000000000000000000000000000000000000000000000000000000000000000000000000000000000000000000000000000000000
00000000000000000000000000000000000000000000000000000000000000000000000000000000000000000000000000000000000000000000000000000000
00000000000000000000000000000000000000000000000000000000000000000000000000000000000000000000000000000000000000000000000000000000
00000000000000000000000000000000000000000000000000000000000000000000000000000000000000000000000000000000000000000000000000000000
00000000000000000000000000000000000000000000000000000000000000000000000000000000000000000000000000000000000000000000000000000000
00000000000000000000000000000000000000000000000000000000000000000000000000000000000000000000000000000000000000000000000000000000
00000000000000000000000000000000000000000000000000000000000000000000000000000000000000000000000000000000000000000000000000000000
00000000000000000000000000000000000000000000000000000000000000000000000000000000000000000000000000000000000000000000000000000000
00000000000000000000000000000000000000000000000000000000000000000000000000000000000000000000000000000000000000000000000000000000
00000000000000000000000000000000000000000000000000000000000000000000000000000000000000000000000000000000000000000000000000000000
00000000000000000000000000000000000000000000000000000000000000000000000000000000000000000000000000000000000000000000000000000000
00000000000000000000000000000000000000000000000000000000000000000000000000000000000000000000000000000000000000000000000000000000
00000000000000000000000000000000000000000000000000000000000000000000000000000000000000000000000000000000000000000000000000000000
00000000000000000000000000000000000000000000000000000000000000000000000000000000000000000000000000000000000000000000000000000000
00000000000000000000000000000000000000000000000000000000000000000000000000000000000000000000000000000000000000000000000000000000
00000000000000000000000000000000000000000000000000000000000000000000000000000000000000000000000000000000000000000000000000000000
00000000000000000000000000000000000000000000000000000000000000000000000000000000000000000000000000000000000000000000000000000000
00000000000000000000000000000000000000000000000000000000000000000000000000000000000000000000000000000000000000000000000000000000
00000000000000000000000000000000000000000000000000000000000000000000000000000000000000000000000000000000000000000000000000000000
00000000000000000000000000000000000000000000000000000000000000000000000000000000000000000000000000000000000000000000000000000000
00000000000000000000000000000000000000000000000000000000000000000000000000000000000000000000000000000000000000000000000000000000
00000000000000000000000000000000000000000000000000000000000000000000000000000000000000000000000000000000000000000000000000000000
00000000000000000000000000000000000000000000000000000000000000000000000000000000000000000000000000000000000000000000000000000000
00000000000000000000000000000000000000000000000000000000000000000000000000000000000000000000000000000000000000000000000000000000
00000000000000000000000000000000000000000000000000000000000000000000000000000000000000000000000000000000000000000000000000000000
00000000000000000000000000000000000000000000000000000000000000000000000000000000000000000000000000000000000000000000000000000000
00000000000000000000000000000000000000000000000000000000000000000000000000000000000000000000000000000000000000000000000000000000
00000000000000000000000000000000000000000000000000000000000000000000000000000000000000000000000000000000000000000000000000000000
00000000000000000000000000000000000000000000000000000000000000000000000000000000000000000000000000000000000000000000000000000000
00000000000000000000000000000000000000000000000000000000000000000000000000000000000000000000000000000000000000000000000000000000
00000000000000000000000000000000000000000000000000000000000000000000000000000000000000000000000000000000000000000000000000000000
00000000000000000000000000000000000000000000000000000000000000000000000000000000000000000000000000000000000000000000000000000000
00000000000000000000000000000000000000000000000000000000000000000000000000000000000000000000000000000000000000000000000000000000
00000000000000000000000000000000000000000000000000000000000000000000000000000000000000000000000000000000000000000000000000000000
00000000000000000000000000000000000000000000000000000000000000000000000000000000000000000000000000000000000000000000000000000000
00000000000000000000000000000000000000000000000000000000000000000000000000000000000000000000000000000000000000000000000000000000
00000000000000000000000000000000000000000000000000000000000000000000000000000000000000000000000000000000000000000000000000000000
00000000000000000000000000000000000000000000000000000000000000000000000000000000000000000000000000000000000000000000000000000000
00000000000000000000000000000000000000000000000000000000000000000000000000000000000000000000000000000000000000000000000000000000
00000000000000000000000000000000000000000000000000000000000000000000000000000000000000000000000000000000000000000000000000000000
00000000000000000000000000000000000000000000000000000000000000000000000000000000000000000000000000000000000000000000000000000000
00000000000000000000000000000000000000000000000000000000000000000000000000000000000000000000000000000000000000000000000000000000
00000000000000000000000000000000000000000000000000000000000000000000000000000000000000000000000000000000000000000000000000000000
00000000000000000000000000000000000000000000000000000000000000000000000000000000000000000000000000000000000000000000000000000000
00000000000000000000000000000000000000000000000000000000000000000000000000000000000000000000000000000000000000000000000000000000
00000000000000000000000000000000000000000000000000000000000000000000000000000000000000000000000000000000000000000000000000000000
00000000000000000000000000000000000000000000000000000000000000000000000000000000000000000000000000000000000000000000000000000000
00000000000000000000000000000000000000000000000000000000000000000000000000000000000000000000000000000000000000000000000000000000
00000000000000000000000000000000000000000000000000000000000000000000000000000000000000000000000000000000000000000000000000000000
00000000000000000000000000000000000000000000000000000000000000000000000000000000000000000000000000000000000000000000000000000000
00000000000000000000000000000000000000000000000000000000000000000000000000000000000000000000000000000000000000000000000000000000
00000000000000000000000000000000000000000000000000000000000000000000000000000000000000000000000000000000000000000000000000000000
00000000000000000000000000000000000000000000000000000000000000000000000000000000000000000000000000000000000000000000000000000000
00000000000000000000000000000000000000000000000000000000000000000000000000000000000000000000000000000000000000000000000000000000
00000000000000000000000000000000000000000000000000000000000000000000000000000000000000000000000000000000000000000000000000000000
00000000000000000000000000000000000000000000000000000000000000000000000000000000000000000000000000000000000000000000000000000000
00000000000000000000000000000000000000000000000000000000000000000000000000000000000000000000000000000000000000000000000000000000
00000000000000000000000000000000000000000000000000000000000000000000000000000000000000000000000000000000000000000000000000000000
00000000000000000000000000000000000000000000000000000000000000000000000000000000000000000000000000000000000000000000000000000000
00000000000000000000000000000000000000000000000000000000000000000000000000000000000000000000000000000000000000000000000000000000
