0101010000000000000001000100100000001010000100100000000000000010
0000000000000010011000000100100100000010010011100110000001001110
0000010000101000000101100100010101000000001000011000000000001010
0000000111110000001000000000000001000000100010000000100000000000
0010110001010000100000000010001011000000000000101000000011000110
0001101011001010000000110000010110110000010011000101100000110100
0001000100000101110000010000000010011100000000100011000010010001
0100110010010010010101010100001000010001000010000000001000000000
1000011000010011010010000100000001010001000100100000101010000000
0100000100100001001101110000100111011001011000000000000100001001
1010010011111000001000010100000100001001000000001000000010101001
0110010011010000000110000011101001000001100110100011100001001100
0100000000001100100010100000001000100000000000000110000000100011
0000001000100000100000000000000100000010001000010100000010000011
0011010011001100000000100100000000010000010101011110000110101000
1000000000000000000001000000000000001101000101100000001010011100
0111100011010000001000100000000000100001110000000100011100101001
0000100001000000000010001010000000000001000000000001000001000000
1000100100111100100100000100000101010001010010001100000100000000
1000000010001001100000100101001110000001011000000100001010101100
0011100100010100100000001010010000000100001011000110100000000100
0100110101000000011100000100000100011100001100100001110100000001
0111110000001000010000100001001010010000010000001100100000100001
0000000000000101000100110010000000011100000000011000110000110000
0100011001010000100101010100101010000010000000010010010110110000
0000100000100000000100011010000100000011000000000010000001000001
0101000000010010000000011010010110000000100000000010101000010110
0100100000100000010101000111001000000000110110101100010000000101
0001010000100000000000000001001110010000001011000000101100000000
0000000000000001000000000101010101001001000100100000010010010011
1001000000010000000001110000001001000100000000010100000100000100
0001000000000100100000000100000000100001100000101001000000110110
1100011000001000010000001000000101000000100000100000000010000011
0010000010000010100000000101100100000110000001101010011000010100
1010010010000010001110000000101100000100101000100001001001010001
1000001111010010010011110000100000010000000101101001001001100000
0110001000000000010000100000001010001110000000000000000010000011
0000101010001000000001100000000100000001010000000000000000010001
0100001000000100000001000000010010100000101000000111100100000100
0000000000110100010010100000101100000100010010001001110010001101
0000000000000110001100100100000000000000100000001001100000100100
1100001000000000100000001011100101110000000010000100011000000000
0001100110000010100000000000011111001010000100001101100100011010
1010000000110000110000010110010000000100110001100000011100011010
0000000100000100000100000001000110001001110011011001000010000010
1000000001000000000001000100000100000001001001111000001110000000
0000000000010101010110000010000001100001000100000000100100001000
0011000000000011000000000100001000000001010000100001000100010000
0010000010100100110110100110000001000000100110111000000000000000
0000000010000000100010000001000001011000000000000100100000001001
0001000010011010000000001000011100100111001100001100000000000001
0110000011000001110000000010000000010000001000100000011000010000
1000000101010000001000001100100100000000000001010100000100000001
1000110110000010100010001101000000000100010100000100000001001000
0000100001110000001010001000000101000001010000000100000110011000
0100110000010010000110000000100100100000000010000000000000100101
1100000010000000000000000010000100001010000100000001010000000100
0100000001001011100010010011000010010000001101010000100000010000
0110001100000010101000001111000001010010010000110000000100001000
0000000001010101000000010000110000001001111010000000010000001011
0100001110000110000010110000000010010001100000101000000010000010
0001100001011001000000000001001010000000111000000001000011100101
0010100110000011000000000000001101000000000101100010001001000001
0000000000001000000000000101001100000100001100000000000100010010
1000100010000100000000000001000101001001011010000100100000010001
0000100110110000000110000000000000100000000100011101000011100101
1000110000011000000000000100000000000101100010110010000010000100
1000100100100000001000000010000000000000000110000011000000111000
0010000000101000000000000000100000000100010100111000010101000100
0100110000110011110010001100000000100001000000000001100000001000
0100110000010000000101000100011100000000000000000100000100000001
1101000000000000010101110110100000000011101000000110000000000000
0001000000000110001100101100010000100100000001001000100000000010
0100010011000000010000000100010101000000000100001100001001010000
0100100011000100000010011101001001010000010000001001000000000011
1000110000000100000000000000101000101001100100010000000101001000
0000000110000000000000110000000100001000000000010000101100000011
0100010001100001000010110001100001000011100010101001011110010110
0010100100000000011011011001000000000000000001101110111001100100
0011000100110100000001101001000000010001001000000000000101101000
0001000100011000101101101001011100000000001001000011001100001001
0010001000100001110001000010000001100010100000100010011000110000
1000001010001010000010010101000001101000110101001000000000000000
1001100000010010010100000000001000000000100001100000110001111000
0100000100000000000000101100001001000001010100000000110010000000
0000100000010000000000100111010101000001011000000000110010010010
0000100000001010000000001011000000001100001000000001110000000011
0001000000000000000101000010000010010010100010000000000001000000
1011010000000010001000000000100000000011000100000001000000000100
1010001000000000110101100000010001110000000001001110011010000100
0010100000000000011000011110000101001101000001000010010001001000
0000100000110000100000000000110100010000001000100000000000000000
0011001100000001000000011001000000000000000001100000000110000000
0000100110000010100000101101000011001000010100000010000011000010
0100000001000000000110010000110000010010001000010000000000000000
0000010000111010000000001100101001011110010000001110000001001000
0000011000010000011100010101010000000000010100001000001000001011
0100000000000000100000000000110000010100000001010011000010010010
1000001000100100001110111010100111000100010000000101001000011011
1000100000100010001000010000010000001010000000000111000000000001
1100000000100010000000000001000100111100001101000010010111000010
0011000000101000001010010001011000100000101000000001010100100000
0001000000011001100001001100100010001010101000100000100000000000
0000000100011100000010001000100100010100001000000000100000010000
0111000011000110001101000010111000100010100010001010001001000010
0100101000000011100000001100001101000000100000000100001010110001
0100001101000000110001010000000000000000011000000000000000010100
0001001101001000000100000010010000001010010000001011000000000100
0000001010000100001100001000001001001000000000001000100110100000
0000000000001000100000001001001001000000001000101000100010010000
0011000000000100100010101001000010000100000000000110100011001010
1001001100100100011100000000000000000000010010001001000000000101
0000100010100000000010100100000100000000010000100000000010000000
0001011101010100000010010010011000100101001000001010001100000001
0100000000100001000000000010000000100001000100010101010001000101
0010010001000001010000000000100000000000000011000000010100010010
0010011000000000101000000100010010000000101000000010000101000000
0101010100111010010010000011000010001010101010000000000000000000
0001010001000100100010000000000010000001000000000100000000001010
0100100000010101000000000010010000001101000001100100101001001100
1101100101000010000000000001110010000000000010000110001110001110
1100100000010000100100000010000010010000111000001110001001000000
1000000100001000000000001011000010000000000001101000000000100000
0000100000001000101000001110000000000000000000001001000010100010
0001100000000000001000000100101000000000010001110000100010001001
0011001001000000000000001001000001001000101001010000000010000000
0000000101000000000110100010100000000000000011100011001111110000
0010000000000010000101010001100110000000110000000010100000000001
0000000010001000001000000001001000100000000101000000111100010110
0000010011000100011000100010001111000100001001000110000000000000
0111010000111001100001010000000000001000110000000100010000000011
0110100010000100001000010000100100000000010000001010010010000000
1000001001011001000010000000010100011001000000111000110100010000
0110001010011000000000101000011101000010000100000100101000001000
0000100000000100001101100010000000010000010000000000100001011010
1111000000001000000001100001000000011001010100101111010101000100
0100010000000000000000000001000100000010000000100001000000000000
1100111000000100100000000000100001100001000110101000000000100100
0101011000000101101011000010011000001000000011000001000000011010
0010000100101000010001110000000000100000000000010001100010011000
0101000010000100010001000000000100000000011011000101010001000001
0010011000110010110000010000000000000000000101000100000010001000
1001001100001111001000100000000100001000011101110000000000000000
0001101010011000100000110100001110000010100000000000001000000010
1001100000101000000001101001010001000110001000010100010100001100
0100001000011101101000000000110001011010100010001100000001000110
0010010000000010001010010101000000111000100000100010010100000000
0000000011000000001010000001010011000000000000000110000010000001
1101001000010111000001000000100001100000000100000000110000101001
0100101001100000000010001000000000001000010000000001010000001110
0110010010000110000100000000000010100100010010000001001000000110
1000001011000110100111010000010000000000011111000000011001001001
1100110110101000100000000101011110010001001010000010010000100100
1000100010000000000100100010011010001100000001100000000000000100
0000000000100001010100001000010000000000000010000110110010010010
0001000000000000000100100101000000000010100000100010010000000000
1100100100000010000010000011001100001101110100010001001100110100
1000010010000010100001100000000000001000001010001000000010100000
1101010101010001010000001110000010101010001001100001000000000001
0000100000100100000000110000000010000011000001010110000000000000
0001001110000001110110000110001000000000000000100000000010001101
0001010101000010000000001000100010100101111010000000100000000001
0000011110000000000110000000010000000110000000110001100011101101
0000100001000011100000010000010100001000110010000000011000001100
0010000010000000000010101001000000000010100000101001011100110100
0000000110010100000000011000000101010000000000101001100000011100
0001011110000100101100010000100000100100000100010010001000110000
0000100000100001000010000010001001110010000000000011000100100011
0000000000100100001000010111110100000000001000000010000011000100
0000001100110000100010001001010000001011110000000101010000000001
0000100000000100000010000000000000000011010000001011100000011010
0000000000000100000000000011000000000001001100000001000000100010
0001000000000100001000011000001001110000001111010010100101101100
0001010000000000100000100100000010001010110010010000010001011001
0010001001010001000000110100010000001010000001100001001100100000
1100000100001000101000000100000000110100001000000010011101100001
0101000010001000100001000000000100010100000000100010011000010000
1000001011000010100011000001001001001111000011000101000001011110
0100010010001010001000010000001000001010000101100110000101000000
0010000010000010000010000000000000001001000000001001101010001010
1000000000001001010000001110001000100000101000111010000101010011
0000000100000100100010100100100000011010001000111101000010010000
0000000001000000100100000001000100111111010011100000000001101011
0000100100000000100100000001110000000001000111000000000000100000
0000000100000011100011101000010001010010010110000100110000100000
0000101100001000010001010010000001100010000000010101001000000000
0100000010000000000010000001000100001001010000000010010100010000
1001100110000010000000000001000000000000001100000000011010000000
0000000000010010010000001011000000000010000000000000010000001101
0000000010000101001000011000000010011000000010001100000111100010
1000000000110000000000000111100000000101001110011001100000000111
0100010000100010001000011000010001011010100010001000100000000000
0000000000000000000000100100100001000000100000000000100000000010
0000010001000010000101010010010010000000000010110000000000100000
1001000000110000000010111000000110001001100011000000010000001001
0000000000000111010000000010000010010000010010110110000010001000
0000000000100010001000100000000001011000100000100100010010000010
0010000110000100000000001010101001000000000011000011011010001000
0001001010000000100001100001000000101011000000100000000111011101
1000111100000000011001000000010000010000100000010110000000010001
0000000001001001000000100010001000011000100101000001000000101000
0110000000100001000101010001000000001000110000011100010000000001
0000110000010011000001001000000000000000000000000011010001000010
1000010010010010100110011000000010000001100100010000000010101110
0000000001010000001111101000000000001000000001010000011010000000
0010000110000011000010000000000001101011000101101000100100101101
0010010000000010100000000000110000010100001001000100010100100000
0001001000010011010001100000000100001100100000000000000000001000
0010000001010010100001000010011010100110001000000000000001000010
1000000100010001010010100010000011100101000101000000000100111001
0000100001000111101101001111001100000100000000110001111000000010
1100100000000000000101010001001010000000100100000001010011000001
0000000010001000100100100001011000100000010000010001000101010010
0010001110000100100010001000011001001110001000010010010000011001
0110110000011000010000100000000000010000001001101000001000001100
0011100010001001011110110000001100000000000000010010010001010011
0001000010011101100011001110000000100001000001001000011000010000
0001000001000000001011100101101000000100010010100001000010010001
1001010000101011000000010000100001000000000001001010100000000001
0000010101110001100010100001100100001001001000000100111010000000
0000001100110000010000001010010110001001010000000010110000001000
0000000000100010110000001011110101000001001000011000110000000000
1101000000100110000000010110000010100000010001000001100010000000
0000100001001010000100100000000011000101100010110000000010010010
0000000000000100000000100000001010001000000001000101001100001000
1001100110101100000000100100100010010000100110111010000001001000
0001100100000000110000001000010000010010000010000000001100111001
0101000010100101000100010001000011000101000000100000000000100100
1001000000100110000101101000000001001110100000010010001000101011
0000001010001010100110000000000000011101001100010000001011000100
0100011000001011101011010010000111010001100100001000001100100100
0010000000100000000000001000011100101100000000011001100011100100
0010110000100001001011010010000100100100000000101010000000100000
1000001000100010000000010111000001000000000000100011010101000000
0000000000000000000000010000001000000111101000010111011000101000
1010000010010000000101000100000000000000100001100100010010000100
0011010010101100000000000010011100001000000000100001000111100000
0010000100000001001100001001000100010000001001010000110000010001
0010000001010010110100000000001000011010000010100101111000100101
1010010000100001000000100010100011100000100001110000001000010000
0000010110000000100100000000000110010110000000100000000000101101
0100000001000100010001000001100100000000001110110001000101000000
0010000000000000010001100000000001101001000000101010100000000100
0000100100001101010110001000000101100100101000101010000000000100
0010110100000100001001000100000000100100001011000000010000000100
1001000000110011001000000100001000010000100010001000010000000000
1000100010000100000000101001000000000000010110011101000101001000
0010101000100010001000010000001101100000100000011000111000100000
0001000000000001100011000010001000000010000000000100101100000011
0000110000000100100000011001000001100000000000101010010010000100
0010000100000000011100100110000001100111110000000010000000000000
0010111011000000000110010110000110000000001010000010100000000001
0101100000110000100101110000010101011010000011000000010110100000
0001010011000111000011000000000101010010100000001100010000000001
0000001011011010001000001011101000100000000001000001000000000000
1101100001000010000011001101101110000001000000000000110001000001
0001000010000000100010000000000000001000010010010010000100001000
1100110001010001101110000100000000110001101000001010100000010000
1000010000110000001010000000000010001000011101100000100001000000
0100101000000000101001000000000111100000000000011000001000000001
0000010000000000001000001100010000000000000100010001000000000100
0000000111000000000000000000000000000000110000010110100111000010
1000000000110000010010010000000000001001110011011101001001011010
1000010010000010000100100010100000010001001100010100000100000000
1000000000011001000011010000001001010011000010100000100000011100
0100000010000100000000110000000001000100100101000000000011011001
0100001001000000010000001010001101000100000001001100000000000000
0100000000110000010000000000000000000101000100001110000000001000
0001000100101100000001100110001000000110100000010000000000000000
0011000001100110001010000100110001011001001100000001010000000000
1010010001100000000001000000000000001100000001000010000101000000
0001100000000100100100001101000000010000000000100000000000001001
0100001101100101100001101110000000000000000010000100000110011100
1000010001100001100000000001000101000000000011001000000000100100
0001010000001000100001000100000011100000010000000000011001100001
1001000001110110000110010000000101000010100010000011100000000000
0001000110000100100001110000000110000000000010010000000010100000
1100110000111001000100000000000000100000001001100001001000001010
0000010111000010000000110000000000000010000110001100010010100000
1000000000000101100101110010000101001000010100100000001101110000
0010111100000010000010100000000000000100001101100000100000000010
1001000000000010100111100000000001000000010101100100110010101000
0010000001100100001100000100010000100011000100010000000101010010
0000000010000000100000000001000100000001000000010000100000100100
0010010000010000000000010100010000010000000000000010110100001100
0000110000001000100010101000000000010001011000010000010100001001
0000001000010111100001000001100000000000010101001011001000110010
0010010000000100010011110001001100100000000110100001100000011000
0000000000000100001110100000000000000000011001001000100101001000
0000000000010110000111000010000000100100000001001010000000000010
1000011000000110100000010011000000010100000011001010000000010000
0100001011010101010000000011010100010000000011110001100110000000
0000010110010110001000001000010000000001001100000010000000001010
0000101000010001000000000010000000000010000000001011000001000001
0100000110001100000010001000010010010110000001000000100010000100
0001000011000001011001000000100100000001001100010000000100000000
1000010000000000100000000010101100011000010010000110000010111011
0001010000010010100000000000000100000010000000001100000000100100
1000010010001000101000000000000011000100001000000010010100000000
1010101000100010001100100010000100010000010100000000000010000110
0000010000001001000000101001000000101010000000010010110000010001
0000000000000001000100000000001010100101110000001010100000100100
0001000000000100010000001000000001001000011010011110110010010000
1110101010100010000000111000010011011100000001000100000000000000
0100000000000000100000000001110110001000001000101010110000000011
0000000000000000001000000001000000000000010000100010000111000010
0010001000000001000000000100001000001000010110100010000001000101
1000011000010000100100000000000010000000010100001000001010001001
1000010001011001000010101001000000000001011010010000000110000001
0011001010100100001010001000000001000100010000101000010001000011
0101000000000000000010011000101101000010000000100000000000000001
0000000010011010100001000000100100000000000000000000100010010100
0000000000001100001010000010000000000001000010010000111010100010
0011000001000001101000000000100101101000000010110000000100000000
0000011010000000001010001000000000000001010011000000000010101000
0010010000000001011100000000010001111010100000111001001000100101
0011010000000000000101101100100110110011100001001110000000100000
0011010000010000000000001100000000100100000000011000000100100010
0001110011010000100001000110000001000000100010000101000110000100
1000011100100000000010110100101100000000100000010001110000000000
0101100000010000100000000000001000001000001101001001010100001001
1000100000000000110000000100000100100100010000000001001010001101
1110101000000010000000000001010011110000000001001000010100001000
0000001100000001000000100100001100101001101001000100001000101010
0111010010000001000000000000110000100010000000001000010001000000
0100101010110001001000000001101110001000000101001000000000000010
0000000000001001011000000000110001000000100001000100010100011001
0100001000000000000001010101000110000100010000000000001000000000
0001100011000001010001101000000101100100001000001100001001011000
1001000011000000000110010010011000111001100100100001000000000010
0100010000010011100111100000000100000110000010110011001110100001
0000001001010010011000000000000010000000000001011000000100100000
1110000010000000010000000000000001011010100011000100000000000010
0000001000000010100010100010001000011000001010010010010000001000
0010110001010001000000000000000000000010010111000000100110110010
1001000010100000011000100000000111100001010000000100100000010100
1000000010001000010100001110000000100000000000000010010000100001
0000100001000000000100100000000000010000001010110110100100001000
0011001010101100001010010001000100111000000100011011000100010000
0111001100000010000000000100000001101000010100010001110000110000
0000000000100101001000000001001001000000101100010110001100000100
0000010000011001100101100010010000001001001011000000000000000001
0000000100001011010110000000000100001001000001000000000000010000
0001000000000000000010001000000110101010000100100000001000000100
1000000100000000000000000000000100000000000000001000010000000001
0011010000000101000100110000100000010100010000010100110100000101
0000001100001010000010010100101010000000111000000100000000100100
0010000000010010001100110001000011010010000000011100100001000000
0001000001000100100010010001101010010100111100100000011000001001
0010000110100001000001001001000001000000010001010000000000000010
0001110100100001110000100001010000011001100000010000000010000000
0011100000100011101000000000010010000000000101010000000001000101
0110001001000010101100010010000100000001001010101000100100000000
0000101000001001000000000001100000001000000000001110010000001001
1000100000001000100000000000010000000000100010100000010000100100
0000000010000000100111101000000000110000010001100000010000000011
1000000000000000010011101100100000001000001000101000000010000010
0000001000011101000010000000110010000100000110000000101000001011
0010000000100100100010000101100100001000000000000001000010100000
0000001010101000010000000010100100110001000001100000100000000100
0010011000000000001000111000100100010000101100010000011000000010
0100001000000000110011100010010111011010000100000000100110101000
0000101110001100010101001011000100000001100001000001000010000000
0010000010000000000000010001000010000111100111101100100000100000
1000010000000000000000100000000000001010011001001110010000000000
0011100000000000000000010000001010001000011000000000000010000000
0000000010100001000100111000100000001000011010001000000100000010
1101000000000100111001100110000100111100000001100000000011100110
0010000000010011011010010110000000100000111000000000100011000011
0010000000010000001110000100001010000100000110000001101000000000
0100000011110000000011000011001000000000000101001010011000101000
0100001001010110000000101101101010100010101000100100001000100100
0001000010000100011000100010100001000001000001000100000010000001
0000100110110000000011101000010001010000000000000000001000000010
0000000010000000000000010000011000000001100000000000010101000000
1000001000000010010100100001010011000000010011010000010101010011
0000000010000010000000010100010000000001010000000000010000000000
0001000001100000101000100110000001101010110000000010101010110000
1011000000011000000000101101000001101001000010110110000110000000
0000000000001000000100000000001000000000000100000000000010011001
1000100000010000010001000000100100001011000001010000000011001000
0001000100000000000001100100000110100001111011000100010010100000
0001110100001100100001001000101001000110111110000110101001000000
0000011001010000011000001110010000100000011000010001000000000000
1000000001010010001110000101000000100000010000010011000011000001
1001001110000001100000000000001000010100101001011100110000100001
0000001001100010000000000010011000010000000000010000101100000010
0101010010101001010000010010000010010000000000011000000100010100
0000100100000011010011010010010010010000100100100000000000100011
0000001100010100001010000000010000010001000100000100000000000100
0000001000010100100000010000000000000000100000000101011000000000
0010001011000100000101100100101001000101000100000000001000100011
0000101010010000100100010000010111101100100001001100000000001000
0000001001000000010000100000001110101110100011000010000000010000
0111000010000101010000000000100011011001000000000100000010000000
0000000000011010000000010100010000000100000000001000101000101000
0100000010010000100001110101000101001001000000000001000000100011
1100110001000000000001010000000000010000010010000001010010000000
1101100001110000000100010111000000000101100100100000000110100000
0011000001000001000001000000000100111010000111001100100000000000
0001000010110000100100000000100010000000000110000100000010100011
0010001110100000000101010010000000010000001001011011100000001110
0000000001001101000000000000010000101010000000100100000000100110
0001100010001000001101011000101010110010110100000000000010100000
0000001000101001010001000000010010010000110000011000010000101110
0000001110010000010000100000110100000001100000110000100000000000
0000101100001000000000000000001000100000000100101100001100011001
0000001101010100110000101001000000000011000001000000110010100001
1000100100001001001000001000000000010100100110001100011000010001
0001101000010001001110000100001000110000000101000010100100010000
0000110000010100000000000100000000000010001001000000101010000001
0010001000100110001001000000001101000100010000000110000000100111
0001100000001001001000100000100001001000101000000100000010000010
0000000100000000000000001101110001001000100000010101110000000101
0010000000001000010000010000010100000100100000100100001000100000
0101010001010000001000001000000000000110001000000000110010000000
1000000011000001000101000010001000000000000101010000000000000011
0000011000001010000000100010001010000100100010001100000000010000
0001000100000000000010111100001000000000000010000000010000000010
0000001000100010000101011000001000000010001000000010010100000111
1000011001110000000000110000000000000011000000000100000011001100
0001001001100000000010000011100110000010000000101001000100000010
0100000001001101100000100000001000000100010100001000100000010010
0111000000000011001000001000001000011000010010001000001010010000
0000001000010010000000000100010100001000000001001100001100000100
1000000100101100000000001000000011000011010010000000000100000000
1000011011001100001010000000100100000001000000100000100001010010
0000100001100010000001100100000000010000000010000000000000000001
0001010000001011100010100010000010010011000000100111111001000000
0000000000000000110001101000001110001100010000000000100011100001
0000000001101011000100011000000000000000001000000000110000000100
0000001100000001111000000011100000010101000011100001010100100000
