 11 219  66   5  50  52  55  83 197 247 243  45 214  76 218 118 
 14  27   0 170 124 213  83 220  15 207 247 153 124 131 201 187 
  9 183  33  80  16  51  93 116 118  62  41  59 100  80 211  88 
  5 110 240 107 201  48  53  23 113 151 116  43  49 188 102 216 
  6 148 236 235 224 203  73  52 155 105  28  37 103  62  67 219 
 10  32 168 119 150 146  62  57 116 135 112  66 216 223 220 109 
  1  47 167 158 213 215 152 145 211 188 120 207  23 125 156  68 
  3  14 242  90  81 150 128 167  28 201  86  72  69 125  37 198 
  2  77 185   0 154  26  28 210  53  20 218  72 237  53  38 137 
 13 117 167 201  96 143 152  90  92  88  40 163 112 111 130  45 
  8   2 104 115  50  85  35 220 201 185 230 173 220 104 179  92 
 14 212 194 218 245  11  74  76 125 155 151 199 158 200 144 126 
  9  73 108 182  56  44  17 195  36 166 232 211 158 235  31 227 
  7 182 104   1 241 229 217 107 233 196  14  28 252  85 163  72 
  4 136  22 247 226  25  45  17  19 231 191  94  59 239  42 212 
 15   8 114 240 180 246 177 161  99   8 179  21  63  25 110 140 
 12 170 187  36 102  71 226  37 137 235 165  13 181 107 210 220 
 11 173  35   0 120 106  28  24 202  15 233 168 245 182 128 175 
  1  92 232 131 156 227 154 117 222 104 166 242 204 214 203 204 
 10  28 140 121 149  18  42  62  76 169 106 215   1 172 127  49 
  5  64 122 236  18  84 193 152 154 231 132  56  58 121 103 228 
  2 197  65 198 229 207 132 128 174 218   7 138 187 167 136 138 
  3 142 153 163  13 207 191 206 243  76  35  39  27 227 105 112 
 13  29  13  58 153 251 144  97 213   0  36  40  52  15  63  24 
 12  84  17 201  49 242 104  24   7 178 110  91 131  58  55  58 
  6   0 200 208 204  89 173  87 114 185 184  59 144  62 147 224 
 14  87 133 113 189 223 117 194  22 138   4  11  76 177 250  56 
  8  64  19  54 122  56 188 124  45 202 231 184 228  39  27 104 
  7 167 136 225 232  64 156   6 108 246  48  72  21  28 159  71 
  9  61   6 255 156 141  69 137 229  57 206  99 182   2  12 148 
 11  79 252 247 168  53 173  78  30 121  92  13 244  28  97  92 
  5  73  98  57  49  56  93  41  31  24 103 192  42 175 218 196 
  2  77  14 119 193  17 245 164  33 208  58 195 157 148  66 103 
  1 193  18  89 104 183  34 148  51  97 193  89 135 192 107 197 
  6   0 174 181 208 189 150 182 149 202  66  17 254 244  47 201 
 15  87 170  46 120  16 106  83 245  80  69   2 120   2 250 116 
 10  25  20 244  33 176 104 117 117 159 147 102 251 252 220  82 
 14 159  90 100  84 254  67 149 143 231  50  70 133  89 237  60 
  4 161  98  26  19 159 114  43 125 116  72 177 247 225  30  25 
 12 244  79  54  24 214  98   6 208 250 217  51  79 201  39 216 
  7  71 145 137 112 175 131 200  90 215 212 226  88 243 140 110 
 13 183  20  43 235 171 118 186 161 214 163 131 227 224 239 157 
  9 169   2 248 104  59  98  75 225 153 195  27  34 104 233 160 
  5 126 113   5   4  94  80 231 173  57  90 233  63  96 173  91 
  3 198  70 252  58 108 222 172   7 202  87  27  10  75  89 221 
  1  39  27  53  55 149 219 111 143 126 145 254   0 193 119  31 
  6  99 199 205 243 105  74 178 101 228  39 212  79  90  48 216 
  2 123  37 213  90  85  74  29 167  91   3  95  26  27 170 245 
 15 154 106 244 190 140  82 245 237  33  19 136  89 104  31 175 
 11  59  69 227 195 108  88  70  73  48  25 112 199 102  82 190 
 10 240 181 184 108 237 219  19 156 142 250  77 158  39 124 232 
 14 211 232 108 191 212  54 253 175   1  78 159 164 221 152 209 
  8 192 197  64 109 130 242 129  93 169 157 165   1  86  11 235 
  7 120  52  50 216 181 208 110  76  90 143   6 141  33  70 166 
 12 154 254 196 150  77 177 148 219  79  32  26  55  61  50 225 
  2  42  93 129   9  89 220   5 221   1  74 161  63 184 248 217 
  3 236 114 151 159 159  44 229 100 102  73  29  36 155   4  74 
  4 172 151  67  55 218 210 198 158 203  94 209 149 166 193  80 
  5 184  13  55  26  73   8 153  43  76  65  85 154  25 243 243 
  9 183  37  92  25 166  13 124 160 162 193 194  56 125 130 239 
 13 216  53 163  12  94   1 202 254 174 227 189  19 117  37 106 
  1  14  79 231  91  43 159  35  18  91  99 160 124 201  50 225 
  8 234 143  28  59 100 120 225  56 149 228  26 239 248 212 100 
 14   7  74 222 179  96 139 131 216  43 218  70 109 108 151 151 
 10  28  98 140  35  92  10  98 215 162 131 221 223 152 244 136 
  6  46 116  75  42 208 112 147  58  35  29  46 104 223 148 244 
 12  82  72 134  67 148 147 151  20 196  43 137 229  65 187 254 
 15 239 223 166 220  46  64 198 210 215  88 117  63 140  41  93 
  4  91 199 118 250 138  74 111 251 124 228 242 179  58  33 182 
 11 197 245  84 158 120 135 152 190 167  88 117  45 221 166  45 
  9 195 131   8 150 150  23 220 181 144 168 231 111 143  38 187 
  7 184  55 165 209 178  30 105  49  16  40  83 226 140 191 219 
  5 220  37 201 157  67 216 185  94 127  52  32 149  70 157 246 
  3  64 154  44   3   2 156 215 197 204 129 217 223 122 181  15 
  2 142 195  67  69 208 216 196 167 231 227 253 208  20  49  38 
  1  14  83 138  56  11  78 197 184 143   5 112  18  80  57 146 
 13 114 221  22 118 141 230 236 180 165 238 156 126 231 103  44 
 12 143  15  41  70 121 177   5 129 133 198 167 196  89 124 187 
  6  16   9 195 189 108   3 214 184 109   1 201 171  24 224 126 
  3  56 187  60 123 125 102  38 144 135  84 101  19 182  49 115 
  4   2   4 249  50 192 216 101 198   4  78 236  53 218  86  23 
 15 105 185 234 211 113  30  35 213 225 131  91  42  81 154 121 
 10 164  78 206  74 203 151 101  16  85 132 168 157  87  57 105 
  8 222 252 147  97  57   8 220  11  48 229 241 145 104 124 254 
 14   5 177 146 201 223   3 156  80  12  18  20 216  59 187 206 
  9 109  25 229  62 116  58 249  56 196 228 208  68 211  30 176 
  7 139 139   7 110  53 238 199  71  70 163 202 210   4  89  53 
 11  17  19 105  44  96  15 190 190 134 245  20 142 151 221  95 
  5  88 244 129 222 252 147 126  99 102  39 239 163  21  51 244 
  2  12 171  14 149  31 244 185 170 111 112  77 181 183  90 124 
 13 102  44 133 136 127  16  59  74 112  83  17 156  62  75 247 
 14 228  73  59 254  86  43  32 179   9 117 149  39 162  85  15 
  8  74  64 230  35 209 193 245 202 239 160  33 254 149 178  94 
 12  22 167 189 200 199 102  22   7 206  17 123 207 139  76 142 
  6 236 238 167 152  12 196 181 122 167 220 214 247  12  28 104 
 15  28 208 178   0 114   9 212 176   5 171  79  35 150  50 102 
 10  34 163 127  60 147 155 109  41 200 185  57 113 170  50 227 
 13 203 227 133 144 130 122 203 190 171   7 175 102 176 175 164 
  9 180 226  80 157 126  88 230   7 197 169  39  66  76 106 150 
  3   8  58 130 179  82 145 203 253 221  13 196 251 116 212  99 
  5  50  99   2 253 103 186  67 218 117 123 158  15  22 168 191 
 11  40 169 130 116 182 230  97 194 190   8 175 111 196  66 215 
  1  14  41 225  60 180 206 250 206  69 161  44  72 170 102  42 
  2 215 223  32 123  14 113   2  79  13 147 135 180  15 189  65 
  8  45 138 151 171  16  40  21 173 127  41  13 130 122 214  79 
  4  97  10 103 197 160 215  54 150 212  72 124 204 247  35 119 
  7 107 182 156 123 251 131 201  58  46 193 251  82  37 147 217 
 14  98 122 149 177 183  95 170 126 123 248 120  50 248 209   7 
 12  20  92 114 193  38 212  97  99  37  56  14 141 146 100 135 
  3  65  61  40 109   6 115 136  45 174 172 188 239  68  75 220 
  6 250 161 192  82 229 135 212 115 222  27 235  15 176 106 132 
  5  23 192  39 229  84  60  56  58  11 138 102 237 249 228 159 
 10 224 126 214 160 152 208 231 146 174  87 238  90   6  42 118 
 15 105  89 134  51 124 225 221 233  12 109 148 200  16  83  57 
  9 169 101  45 202  51 191  49  57 211  47  18 252 114  12 165 
 11  66 148 118  88  52 168   2  23 115 149 237 191  96  33  11 
  1 222 239 185 198  11 161 218 156 128  62  88  22  50   7  67 
 13 153   8 151 144  95 240 215 213 183 112 107   6  61 221 167 
  2 184 255 159  48 236  51 171 255  70  61 200 233 155   7  55 
  8 110 183 116 145 189 126 229 136  35  89  42 127  19  59  56 
  7 220 205  26  85  45  21 122 127 115 231 119 180 102 151 224 
 14 176 184 109 240 245 238  43 235  24  22 246 155 153 159 161 
 12  37  76   8  58 222 127 189 235 107  86 132 195  79  59 226 
  4  12 163  87  31 141 136 100  69  36 136  37 238 205 203  30 
  6  84 169  93  39 228 139   0  43  30   8 248  47 171 185 116 
  1 182  90 220 128  21  79   3 222 203 197  86  36  65  98 235 
 11 134 180  44 252 220 205  46 235  67  70  55 217 170 132  66 
 15  98 255 211 207 238 181  29 122 178  34 156 206 109 235 157 
  8  80 233  67 174 236  21  39 173  54  33 178 125 250  31  71 
 10  12  13 105 110 218 232 175 166 194  32 125 230 250 111 243 
  5  86  55  78  74  61   9 203 168 142 208  32  86 150  27  71 
 13   3  41 189  22 121  21 198  75 122 218  68 158 193 209  37 
  9 186  64  28  70   0 157 118  54  61 197  31   6  34  58  47 
  3  81 189 127 206 105 249  48 244 167  71  18 206  53 153 118 
  7  52 154 214  86  83 105   9 150  96 123  55 240 105  85   7 
  4 121 182  15  96 162  96 140 106  54 170 108  76   2  56 132 
  2  71 141   1   8 251   7   0  34 141 197  40 125 135  84 134 
  6 210 128 156 200  81 141  94 230 115  45 238 227 122 160 145 
 14 206 166   6  24   9 254 222 249 232   5 151 249 134  17 108 
 10  13 199 104 166  41 105  16  54  18 121  65 122  47 196  68 
 13 157   1 151 107  16  26 105 161 181 107  22 197  31  15 238 
  9 101 224 145 198 126 156 218 133 243 251  65 179  12  13 148 
 15 161  13 204 253 123 142  15  32  37   3 209  70  58 175  11 
 12 140   4 158  22  87   5 176 161  27  80 120 241 186 103   7 
 11 250 202  77  53 174  76  37 168 154  67  60   7 237 105  70 
  5  24  32  38 120  37 226  67  85 190  52 110 247 141 232 235 
  8  57 204  90  51  55 195  11 164 195 191  24  81  10 204   7 
  3  27   6  79 138  46 112  53  29 236 214 114  67 175 140 245 
  1 116  71 189 244 229  84  14  23 215 242 109 225 253  89  82 
  2   9  50  80 193 183  25 164  99 134   8 102 108 251 186  32 
  7  32 176  20 203  39 147 139 123 181 105 168  64 218  60  62 
 13  44 198 243  70 174 148  52  68  62  65 199 171 108  97 186 
  4 195  52 217 118  46   0   2 240 245 232 246  93  63   4  44 
 10 186 197 250  43  25 139  65 216 228  32 215 132 250 186  37 
  6 253 193 244  37 219 170 190 208 123 127 238  57 197 125 106 
 11  16 174  57 247  55  83 254 226 156 241  97  25  40  23 237 
  8  35  87  70 179  62 161  76 186 224  30  51  60 163  65 241 
 15 158 145  70   5 127 226 195   4  10 215  86 136  65 177  19 
 12  44 163  98 149 253 165 194 108  58 197 241 185 251 159  77 
  7 108  11 209 233 172  41  39 175 255 242 112 155 217 157  26 
  1  98  33  82 236 205 249  79  62 216  69  26 123  33 113 225 
  3 182 152 217  47  36 218 254 108 158  24 190  61  19 118 163 
 11 168 108 233 213 147  60 122   4 128 185  93  87 109  86 179 
 14 193  74 238  51   2  87 134 166 121  50  57  51 109 149 191 
 13  96   7 208  45 240  47 241 255 139  88  63 131 185  19 205 
  9 115 227   6 120 135  40 171  38 210 137  69 119  60 100 172 
 10  76 243 246  59 217 107 250 120 113 210 188 166 153  67 229 
  4 239  27 130  88  45  58 191 198  10  85 113 204 211  14 217 
  2 155  66 177 174 248  76 195 171  99  90 233 199  83 238  62 
 15  49  79 104 130 216  34 154 194   6 251 183 206 168 192  98 
  5  13  75  33   6  55  19 188  34   4  13 164  61 246  69 105 
  7  95 202 156 141  79 243 150 181  23 156 103  82 170  65 167 
  3 222 219  17  71   5 136 219  84 113  42 101 119 167  93  75 
 12 239 221 183 127  44  24  85 148 138  21 113  16 154  30  12 
 10  58  92   4   1  30 202 215 242  84  49  93  13  59 175 107 
  6 226 149  41 209 252 154 126 228  39  63  46 108 199  63  84 
  1 218 128 105  75  65 244 238 242  31 242  88 116  40 113  10 
 11  37  94  15  40 172 156 111 212 200  65 112   6 239 123  30 
  4 255 183 126  57  99   6 207 132  99 167  36  59  23 175  72 
  9 170 212  30  91  27   8 210 222 107 158  74 130 106 219  66 
  7 149  76  35 148 167 219 124   6  92  74  73 183 196 201 237 
  2  41 205  26 254 111  98 225 226 163   0 174 205 153  82 189 
 15  88 202 167 223 186 190  93 254 247   5  17  28 187 153 173 
 14  81 205   0   3 156 201  79 213 242  64  12  49   8  72 109 
  8 119 106  73  94 173 127  65  44  34 180 181  96  97 191  76 
  5 179  98 156  21  44   4  65 194  66  31  62 188 144 147   2 
 12 134 104 123 101 160 254  74 125 252  51 152 224   7  66  90 
  3 217 124  76  75 133 191 105  52 213  61  85 214  48  70 112 
  6 253  66  17 136  79 182 245  73 232  53 155 136  88 194 147 
 13 207   0 236 245  12  37  58  54  65 185   0  61  50  24 151 
  7  40 241 152 138  16 248  54 236   9  87 123  13 104 157 225 
  2 144 155 200 149  73 204  78   7 226  41  20 145  11  14 191 
 10 148 236  72   4 134 242  71 181 240  45  24 138  98  27 168 
 11  28  73  66 229  18 196  34  54 219 221  75 173 175 122  83 
 15 171 251 221  90  47 240  93 175  45  41  20 244 145  91  40 
  4 145  68 217 244 112  54  59 130 243  69 211  61  97  52  44 
 14 174 205 241 173 145 203 200 203   6  84  80  19 168 123 113 
  8  68 141 248 117  81 166   2  56 152 230   6 108 195 158  97 
  1  44 206 126 199  63  60  30 103 187 191  39 120 253  86 147 
 13 135 174 124  73 129  99 137  73  72 229 253  82 193 120  85 
  5  26 114 153 184 112  41  65  20 250  74  38 155  60 234  20 
  3  83 106  75  54 191 228 250  11  16  23   0 239   1 120 189 
  9 162  42 120 227 143 208 239  66 141  71   6  65  70 161 205 
  6 174  73 209  10  55 212 207 230 138   1  55  67  46 241 166 
 12  35  12 247 184  61 201 168  46  53  40  81  37  14 240 131 
  2 106 153 241 124  50 194  14 222  75 125 187 102 119 115  89 
 11 146  64  80 104 171 167 167  13 201 155   1 214 234   1  61 
 15 160 144  87  53 193  18 210  41  50  66  71 209 172 255 234 
  7 242   9 255 129 122  79 164 184  82   7 244 238 255 176  24 
 13 173  66 130  20 205  60 212 125  69  35 123  16  13  37  62 
 14 179 217   5 116  61  84 238  67 174 124  54 233 203 157 204 
 10 105  53 157 145 237 251  19  28   7 126 175 114  24 137 111 
  1 160  42 227 147  43 136 195 212 143  26 166  36 184  34  36 
  8  75 175 192  57 216 112 198  56  72 222  10  79  31  37 173 
  2  47   7   2 164  24 123  51  57  41  72  43 115  35 207  55 
  3  77 218 205  48   9 136 251 202 188 124  96   7 154  93 182 
 12 240  29 240  13  48  99  23  12  89 107 239 251   6  49 232 
  9 228 103  41  12  77  51  32  53 155 145  64  88  53  79   8 
  5 114 227  37 138 105 214 122 213 154 246 179  85  65 207 172 
  6  76  83 119  40 183  45 233 120 141 126 121 244  94  40  94 
  4 168 244 197  53 227 241  26 251 253 254 178 107 143  47 103 
 13  78 226 172 169  35  40 238  38 200 123 192  47  17 189 152 
  7  46 101 197  39 172 165 120 212 131  39 171 214 119   2 175 
  2 101 163  69  17 235 166 203 110 199 143 245 208 218 135 242 
 11  28 198  19  22  15 249 165 250 117  89 248 247 250  40  16 
 14 209  94 194  41 123 228 164 163 105 158 136  86  13  91 153 
 10  68 131  46 231 239 166 153 168   2  16 144 215  92 113  95 
  9 181 207  46 134 125 205  88  28  47 126  13 226  86 159 125 
 12 253  58 227 253   1 236 123 120  71  49  11 111 183 212 242 
  1 101 105 247 156  85 241 156  26 138  42 235 221 154 237 176 
  6 160  41 168 192  10 167 195 124 239 214 154   6 133 240 164 
  8 239 228 208   1 205  34 230  46   5 199  54 206 137 199  40 
 15 180 222 127 215  19  14  53 108  81  15 102  53 234  93 204 
  5 250 233 211  30 114 219 114 235 156  77 172  14  80   8  87 
 11 159  66  74 187  20  76 119   4  16 132 193 195 159 186   3 
 13 200 218 181 122 187 128 221  44 201  18 142  95   5 143 207 
  7 157 221 123 201 100  21 134 155  43  52 220 183  11 202 198 
  3  85  80  32  65 209 145 251 205  34  43 208  21  76 170 122 
  4  13 147  56 181  42 155 135 163 249  87  73  83  95 150 126 
 10 196  38 188 174 216 189 105 172 110 140 228   6 198 166 254 
  5 165 163 233  86 162 233 118 140  98 253  63  76 225  78 228 
  1  94 215 200  96 202  94 193 113  66 121  96 228 154 228  99 
  2 134 194 166 207  70 196 220  89 187 232  58  10  63 220 203 
 14  10 117  63 201  88  83 198 234  81 134 115 145 142 171  19 
 12 202 157 253  57  21 215 113 136  74 116 124 247 239 192  77 
  9 198  77  19 166 173 150  96 129 197 196  18 234 193 234 101 
  7 109 236 147 100 249 210 240 152 219  25 157  26 164 105  31 
 15  21 245 178 152 157 100 228  39  75 226 233  76  70   0 240 
  6 245  93 234  42 208  68 191 135 149 190 208  81 125  33  19 
  3  86  61 245 251 126 100 203 180 178 203 137 188  35  13 111 
  8   8 252 243 247 167 195 138  79  42 166  19  89 194  63 159 
 13 247  12 103 225 118 188 127  59  40 187 187 250 241 248  78 
 10 128  84 106  65 241 184 240 156 246 122 206   4 161 219 152 
 11 239  16  13   8  70 153 140 109   2 205 255  45 168   9 171 
  4 179 186  74 207 236  12 104 220  81  94 210  28  78 104 214 
  5  81 167 217 244 165 127 171 234  87 216 233  18 121 247  51 
  2  87 132  80 193  57   1  81  50 190 109   8  60  34 200  18 
 15  66 185 138 156 111   7 126  32  52 235  97  30 206 209 246 
  1 245 127  15  45  92  75 136 123 199 112 125  72 222 175  49 
 14  86  66  39  90 181  68 174  23 130 191  18  11 144 189  13 
  7 169 179 247  91 130 182 119 250 148 146 145  28 227  92  55 
 13 225 147 248  40 110  89 121  42 214 162  57 119   0 110  64 
  9  32  89 147 105 155 139  86 236   2 172  59  59  89 162  52 
  3  67 225  47 178   7 214 158  82 224  53 141 237   5  52  80 
  6 132  88  29 207  76 196 197 246 232   1 174  18 159  15 148 
 12 108 155 104   9 223  63 248 251   3 255  43  77 185  88 230 
  8 137 106 254 186 224 237  63 180 240 226  17  61 235  47 200 
  2  52 248  82 206 213  19  90 137   1 159  92 175 141  74 169 
  1  97 158  19 128 101  16 240 164  77  23 149 100 185 202  28 
 15 112 176  20  29 129  49 217 161 100 183   3  49  83 104 138 
  5 147 208 228  84 119  40 108 117  84 102  68  48 228 248 112 
 10  99  77 252  85 143 107  90  20 252 156 128  73 249 228 227 
 11 143 173 214  94  92  36 164  12 169  90 200   9 192 110  67 
 13  12  71  85 224 161 138  14  37 198 132  27 111   7 206  31 
  4  31 145 176  28  65 221  32  36 192 189 200 210 124 133 220 
 14 127  44 229  49  98 246 192  72 123  46  91 148  87  85  43 
  6  24 167  79 123 222 254  64 180 154 194 197  38  24  96 165 
  7 201 142  28 238 242  40  46  96 124  91 172  59  64 112 230 
  9 103 245 161 190 250 149 127 171 123  48 165 197 177  82 214 
  3 103  85 206  95  15 118 190  31 196  64 143 170 185 144 137 
 13  81 250 112 198 176  54  66 104 207 104  33   9 204  68 136 
 11  99 225 149 181 176  27  27  43 114 141 106 139 163  96  28 
  4  72 140  54  72  96 210 242 247  29 227 171 152  32 172  69 
  8  76 195 238 224 231  21  84 231 106  90 136  37 221  78  72 
 12 211 159 171  88 115  40 213  76  29 231  58  89 154  28  80 
  2  71 167 185 125  11  92  35  36 207  61 221 112   8  23 120 
 14  10 139 137  72 152 214 251 119 239  72  64 222 102 197  59 
 15 248  44  38   5  52 239 204 234  48  78 201  89 188  13 180 
  5  13 229 247  89 185 124   0 149 146  34 225  68 217 247 172 
  1 238 176 227 244 136 216  64  35 118 169 133 148 143  50 232 
 10  97  10 154 142 213 149 105 174 233 130  56  26   1 241 119 
  7  33 155  88  10  55 235  55 145 228  58 191 122  61 108 102 
  6  91 246 171 181  14 249  66 105 239  79 197  69  26 117 212 
 13   6 101  83 105 105 167 200  41 254  74  24  62 196 208 135 
  9 105  42 245  74 176  38  59  70 168 141 150  20 157  85 152 
 11 194 196 253 183 188 125  76  73  78  25 228 166  27 184 150 
  8 160 253 182 120  97 105 251 232 197 200 230 106  19 227  58 
  3 172   8 210  93 105  52  96 128  50  26  16 175 104   5 140 
 14  87 119 200  48 140  81  76  33 108  23 252 228   8  93 148 
  2 126 254  71 140  49 250 142 190 185 246  92 133  83  32 106 
 12  91 171 208 151  71 128 196 117   4 232 176  13  92 149  18 
  4 111  92 254 181 184  45 150  13 138  28 226  14 124 158 254 
 13  34 117 127 121 176  23 205  69  31 241 241 104 167 231  77 
 15  20 220  53 249 219  95 149  82   2   1 124 179 181  89  91 
  6 224 248  88 102 229  31 181  77  51  96 242  29 180 239  59 
  5  23  67 108  57 160  59  39 207 129  57 135  60 123 161  86 
  7 236  35  64 123 175 237 101   8 242 119  11  47  97  68 208 
 10  16   9  79 198 170  82 168 171 231  56 153 202 213 232  85 
  1  72 171 144  36 137 233 211 163 233  89  66 200  78  71 173 
 14 173 206  39 223 234  15  83 246 138 254 243 147 202  37 247 
  8 192  95  70  68  15 232 172 126 195  88   0 217 128  57  18 
  9 150 233 144 243 121  89 131  46  26   1 244  93  16 126  62 
 11 156  17  16 156 121 115 244 190 239  52 147  15 210 113  16 
  3  30  91  78 140 156 167 236 128 205  68  86   9 250 232 165 
  4 101 116 252  75   5 225  93  51  79  98  82 183  76  66  53 
  2  64 137 216 224  26  91  38 247 253  94  42 110  56 174 131 
 12 159 153 241 242 219 118  89 151 158  35 238 181 106  24 180 
 13  61   0 173 153  19 200  32  93 202   2  86  67  56  18  43 
  6  59  34  33  46  36  50 168  90 173 151  66 213   1 100 116 
  5  57 240 164  77 206 200 170  56 219  73 137 208  80  99  35 
  9  29 237  58 247 252  72 228 151  14  40  91 140 199 219  33 
  1 252  42  59  38  57 229 246 187 219   4  56   9 182 130 176 
 14 158  47 120 206  92 130  95  71 131  34  26 175 178 184 202 
 12  83 252 189 204  66 169 208  16  89   3 220  18  75 111  64 
 15 126 188 121  71  25   4  13 157 243  52 100 112  84 165 110 
 11  50 145 176 224 135 112  71 229  25 225   6  37 142  59 177 
  7 105  50 212 131  90 128 147 176 218 101 139 143 155   7 140 
  5 239 199  35 189  66 217 196 233 174  17 217 127 211 187  84 
  3  57 154 192 239 215  79 143 141 237  63  53  39 204 148 242 
  4 216 209 169 159 139 188 205  17 184 140  80  64 166  38 150 
 10 239  35 194  60  27 165 198 172 210  46 144 148 176  97 226 
  2  89 225 174 206  66 197  80  35 253 135 182 139  16  13  42 
  8 152  64 243  95  31  55  68  41  31 204  33  45 123 213  90 
  6 185 226  19  16  69 152  53 127 154 250 111  56 248 165  64 
  9  31  94   8  61  54 111  24 181 141 218  76 140  67 209  15 
 12   4   6  65  35 164 108  96 199  73 158 194 176  17  80 176 
 13 179  64  71 226 154  79 137 189  95 187   2  64 174  57  41 
 14 162 247 143  32  63 250 106 234 122  43  63 144  12   5 135 
  3   0  33 101 181  45 123  99  10 143  50 188  39  70 187 189 
  7  35 214 182 183 145  26 240 168 201  49  27 234  34  87 135 
  1  84  92 251 200 141 153 192 132  28 255 207 242 195  92 236 
  5 193   6 195 185 152 134 195 227  33  39 135  53 193  97 105 
  8 182 207 230  32 236 153 155  59 137 195 184 238  36  70 198 
 15 148 211 137 149 211 192 158 128 138 166 243 204   3  37 243 
 11 205 226 221 237  94 209  39 253  11  58 161 239 231  58  66 
  4 127 203  87 194  26 178  41 129  99 164  24   8 220 226 198 
 10  80 196 103 119 233  15 108 192  98  40 254 181   8 106  10 
  2 139 142 129   0 208 237  43 104 206 161  88  12 128 100  66 
 14 253  14 112 228 173  75  15 181  42   4 227 127   0 113 180 
 12 140 161  71 243   4  10  17 235  16  71 217 228 230  78 176 
  6  83 165 194  15 211 181 103 182 242 144  97 255 142  96 242 
  9  98 244 254 175 153  44 110 242 234 234  71 251 210  45  17 
  3 119 180 117 245  57 191 177  43 185 187 166 197   0 158 157 
 10 167 158 208 226  41  47 153  52 212 207 110 248 163 243  82 
  5 250  99 140 175  38 184 103  72 105 125  83  39  26  49  73 
 15 148  63  60 130  23 240  92  83 119  94  59  88  13   1  44 
 13 174 102 211 150  14 216  58  10 175  45  28 233 211  32 159 
  8  23  24 215  49  48 112   3  22 157  25  81 163 169 127  86 
 14 187  28 174 102 154 214 188 209  86  86 248 220  55 133  34 
  2 182 227 138  59  89 234 153 206 160  37 215  72 133  18 102 
  7 120 169 162 160 165 156  51 198  46 132 242  82 132 157  81 
  1 247 118 202 180  96  82  12 116  80  65 106  53 239 118 206 
 11 224   9 130  70 145  12  19 197 220   8 148  10 218 110 232 
 12  66 203  61 125 218   8 194  65 128 204  83  72 128  11 226 
  6 125  88 160 109  12 240  67 143  58 189  63  19   4 201 111 
  4 145 237 242 216   4 100  85  60 137 199 157 197 235 211  10 
  7 245 148 155 180 141  71 222 226 192 211  28 192  80 207 117 
 15 128 204 143  76  52 141  64 104  33   0 229 225 177  10 183 
  5   2 177  21 155 137 218 187 170 167 198  61  41 100  12 199 
 10  21  88  55  98 140 248 164 128 181  64 228   5  50 121  70 
  9 182 199  62 244 171 151 175 189  43 128  62  69  82  43  18 
 14  89  99  17 200  24   0 105 120 169 219  38 243 130  42   7 
 13 107 206 221  73 131 110 193 141 216 133 192  41 149  38  77 
  3 235 123 130 160 255  85 200 221  22  49 168 147 102  32  92 
  1  21  24 100 160 216 146 208 143 100 213  81 156 190  27  25 
  2  89 177  15 192 254  49  25  50  98  19  50  40   9 152  41 
 11  44 122  81  43 123  53  88 160  43  30 102 188  44  75 239 
  8 137 230  99 163 121 183 252 113  10 119 216 224 198  19 244 
  4 236 196 211 167 117 151  20 208  20 137  40 173 103  35 206 
 12  43 203  58  31   8  10 218 226 150  69 160 184 112 241 129 
  6   0   0 207 170 218  20 177  59  42 168  90  24 235  77   3 
  5 112 176  61  82 193   6  79  36 171  18  58 176 161 231  59 
  9 120  89  47 246  46 103 113  80 155 133  38 247 185  23  66 
 15   0 205   5 207 150  88 123   7 119 220 151 167   4 209 146 
 10 237  70 107 180  59 153  99  18 211  13 117  88 107 104 198 
  1 182  24  52 125 149  63 231 151  35 113  22  38 201   1  16 
  2  15 161 150  39 118  88 123 101 174  23  44 165 244  55 247 
  7  98 158 128  27 177 255 160 119  69 161 120  78 230 158 101 
 13  39   0  29  60  49 241 104  58 163  95 243  27 190   3  92 
  6  76  12 190  89 220 235  83 140  99 202 232  16 115 123 243 
 11 201  73  21  66 210 119 177  30 119 250  48 118  52  49 148 
  4 108 245 187 100 104  68 103 191 147  15 196 131 220  14  61 
  8  74  86  60 116  55 131 247 181 131 158  97 202 150 181 115 
  3 203 114  94 105  11 147  71  38 227 137 128 250 238 165 134 
 14 193  43  47  67  30 243  50 233 166 231 135 150 219 255  83 
  7  36 195  70   4 184  65  50  89 120 185 213  31  91 146 137 
  5 135 252  92 119 212 153 237 195 195 255 135 208 249 129  21 
 12   6 143  13  30  75 136 198 157 204 152   3 100 133 190  22 
 10 157  93 108  73  35   7  95 227 254 121 183  81 140 219 153 
 13 165 174 152 156  10  52 158  17  55 226  80 194   8 136 140 
  2  65 203 166 167 197 109  81 246 250 115  71 180 125  33  97 
  1 116 216 105   2 202 199  67 111 103 221 119  92 202 152 187 
  6 151  24 142  85 108 119 239  48 149 232  99 104  75 176  31 
  3 137  35 222 190 140  15 154 175 154  69 113 159  21  56 241 
  1  85   8  92 157   0   0   0   0   0   0   0   0   0   0   0 
  2 245  55 127   0   0   0   0   0   0   0   0   0   0   0   0 
  3  92   0   0   0   0   0   0   0   0   0   0   0   0   0   0 
  4  43 198 189  84 214  57 205  74 219 231 181 231 226 183   0 
  5  21  97  66 201 219  53   3 126 210   0   0   0   0   0   0 
  6 145 213   0   0   0   0   0   0   0   0   0   0   0   0   0 
  7 229 108 135 123  50  13 238 135 225 252 191  31   0   0   0 
  8  26 172 145  38 150  27  20  22  16   9  48  10   8 145   0 
  9  98 113 166  34 157 137 123 231  27 215 142 176   0   0   0 
 10 100 188  34 125 217  62  33  38   0   0   0   0   0   0   0 
 11 242  11  43 110 251 152  86 246 173  19 203 148 216 120   0 
 12  33 107 185 232   0   0   0   0   0   0   0   0   0   0   0 
 13 174 130 155   0   0   0   0   0   0   0   0   0   0   0   0 
 14 192  36 235 146  81  51 153   0   0   0   0   0   0   0   0 
 15   4 182 186 225 176 107   4 210 133 194 243   0   0   0   0 
