           0        50060        -3219       -84550      -119112       -86257       -13929        65011        34834        41893        11501        16263       -31734       -49008        15029            0 
           0       -43021        70090        30492       -12529       -12998        77252        41481        10259       -20094       -19479       -25050         6619         -582       -16234            0 
           0        15829         9250        65368         9598        25680       -84631        12317         1285        11125        -6944        51157       -21760        55165       -13113            0 
           0        17248       -32853       -19448        -9658        20032        -3437       -18377      -103724       -49193        16658         4332       -26142       -31584        -1198            0 
           0        42218        51690       -19820        29687        32687       -70576        22588        91778        51708       -20088        21517        23387       -26838       -37247            0 
           0        21873        13307        -7223       -49621       -42452       -15087       -21805       -18312        17353        11063       -43851        21956        13653       -34150            0 
           0        11162       -18619        65159        -3669       -28358        27341       -18167       -37185        43486       -29358        54276        68736        -7668       -30248            0 
           0         3796        46946         7936       -20359       -31869        28583        10350        65791       -11956       -52590         8185        14435       -27802        -5363            0 
           0       -63272        33380        12147       -21338       -48739       -77503        -4546        -7335       -66224         2712       -66846        54383       -16275       -26884            0 
           0       -39407       -83962       -17331       -97213       -46716        39019         7710       -53324        31112       -33311       -21113        10352       -34597       -20883            0 
           0       -19645        -3343        28081        41506       -29268         -975        16131       -17300       -11319       -49275       -10995        61974        -4267        -6008            0 
           0        31815       -58098       -90191        26870       -60492       -23120       -79542        41020        34680        70467       -33660         3162       -86665        15518            0 
           0       -13357         9815        25852        42590         7322        25391        40766        60091        15274       -55015        12524       -26163        54895       -33161            0 
           0        23993       -27099         5901       -51183        15122        13340       -13068       -26949        39615       -40250        22086        49471        25573       -13533            0 
