 -73 -19  63  29 -30 115  57  73  40 -13  56  -5 -12 124 123 -26
 114  84  35 101  -8  23 -15  42  63  44 -53  67 -25  69-111 -42
 -22 -63  76  28 124 -45 -17 -97 -22 -42  77 -15  27  68 127 -23
 -17 -53 -57 -15  89 -80 -55  37  30 -44  88  95 -72  21 -44  -7
 109 -73  43 103-105  52  39 109   7 -55  99 -58 -73  52  36 -90
 127  79  95  63 127 -80 -56 -39 -74 -70-119-101 127  -1 -62  90
 -76  97 -76 123-106 -85-115 -12  73  43 124-119 -36 111  -4 105
 -83 110  -4 -10 -93  55  79 125  38 -55 -86 -98 126-103  -1   1
 -22 -49 101  49-113   5  -2  67 -73  83 -51 124  33-126  38 -71
 -46 115 -13 -65  75 -37  66 -56-120  -3 -86 -13 -72  -9 -45 -31
 119  83  74 -71 110 -18  53  -5 108 110 -29 -26  53 -71  23-120
  31 -10 -85-114  18  19 115   9  87  51 -81  91  63 -48-124  92
 104 -45  80 -44  86 -67 -37   1  97 -84  63  90 -25 -61  26 105
 -33 -26  33 -55 127  -9  92  95 105-114  42 -13-118 109  35  99
 -51 123 -67 -59 -85 117-122  29 -65  83 -11 -17 -12  99  75 -22
-102 -55  83 -20-122 -41-107  43  86 -40 105 113 -97-107 123   9
 -23 -58 -99 -85 114 -22  -6  15  60-112 -43  41-117 120 106  62
 -51 -58  79  68  17 125 -45 -80 111 -54   7 110 -12 -51 -45 -21
  56 121  81-112 -73-110 -97  70  11  10  54 -14 -47  45 -68  91
  -1 -35  59  53 -68 -40 103 -54 -11-109 -38 116 -49  25 -74 121
 -42  19 -98 -14 -91 -79 -35  45  63 -91 -11 -21 -56-125  23 -58
  35 -29-115 -83 117  -5-104-105  27 -61  74-112 -53-117 -96  35
   3  57-111 122-107 -71 -97  81 -30 -12  -5 -86  29 -73 -68 -28
  62  69   7  47 -47 -51 114 -17  92  29  52  61  60  62  -2 -22
  -6 -70  47 105 -30  25 -12 -34 -10 -18 121-104  63 -15  43-100
 -69 -61  69  67  89 -14  -5 -56 108-110 -31-121  23 125  75  71
  39  70-111 -89-101  90-101  82 -33  72 -10  59  86  97-103 106
 -32 -15 -74-109 104  38  31  75 -97 -72  91  33   4 -53 109  82
 -21 -27  -9  88  -2-120  52 -68  71 -75 -78  88  75  52 -74 119
  22 -52 121 -35 -32  99 119  83  61  45 111 106  85  17 -45-107
-111 115  34-109  99  72 -54 -33 -47-100 -86-110 -70 -81   3  -4
 116-101 112  32 -57  43-104 -85  21 -31-125-119  -6 -16  76 120
 -62-111  91  25 -42  79 -35 -35  48  87 -86 -49  20 -78  22 105
-105  38 -85 -38  85  67 100 -75 -70-117 -26-107 -46 -19 -36 -41
  22  50  61-106 -67  66 -19 -83 -14 -61  79 -11 -31 -31 -28-122
  32  54 -43 -97  99 -98  99 -71 -11 -43 -94 -73 -30  55 113  72
 109  95 -81 -69 -70 -35 -10  25  61-101  38 -46 -15 -72  -5  15
 -75  67-108  51 112  -3 -25 -92 113 102 107 -66  -1  82 -81 -78
 -83 -88 104 -13 126 -71  90 109 -89 -86 -68 -80  22  94 -46-105
 -28 -50 124 123 -37 -74 -75 -17 -54-114 125 -60  19 -91  22 -84
  12 -12-123 -29  73  86 103 110 -76 122  75 -52 101 103-110-124
 -21-104-107  17-124 -71 -43 -47 -21 -56  62 114-108  10 -14  72
  54 -74 -65  -8 -98-106  51 -24  36 122  43  -9 -38 -82 -86  69
 -70-112  10 -24  54 108 -38 -55  54 -17 -11-101 119 -16  22 101
 -31-128-101 -85  -5  19 -18 -31  63  56 -12 127 -90-109  10  84
  79 -87  63 102-115 -55  88 -67 -13  -8  92 -86-120 -42-111 102
 -25  15 -25-121  51-120-106  73 -37  63 -18-114  86 -54 -37  -9
  37  47 -73  92  89-119  58 -17 -52 -89 122 -66 -17 126 -66 -79
 -93 -76 101 -37 -35  60 121  52-113 -66-102  55 -47 -26  -8 -94
  57-101 105 -61  -5 107  69 105 109  79  42  73  -3 -67-101 -47
  13 -77  72 122  94  76  88 -40 115 101 115 -65  -8 124-116 -41
 -87  97 107  38  -4  62  73 -16 -49-124  95  63 -92  57 127-114
  69 -70 -86  58 -30-111-119  -3  47  95  53 108 -41 120 -68 -31
  13  50 127 -58  23 -59  30 -19 109 -71  -1 121 -86-103  88 -12
  71  29-124  82 -79 -29 -35-116 -97 -34  53  86 127 -86  39 -90
-114 -20  70 -31 -59 -79  52 -14 -85  40 -21  -5 -43 -31  22 -49
  76-103-108  19 -50-115 121 110 -12 -28 -80  99-122 122 111  15
-110 -42-105 -42-122 -15 -24 -34 -78 -61  80 -55  34 -38 -21  91
 103-124 113 112-125 104 -57  73  59 119 -10 -14  57 127 114 -28
  62  77  29 -57 -50 -69 -52-103 -35 -74  30 -17 -97  63  93  81
 -68 -54 -44 -56 124  47 -42-102-114 -60  15  -8-124 -95  -5  60
  41  52  55  43  26 -40  54 127  -6  95 -42  97 -23  10   3 -54
 127  12-125 110 -45  54  46 114-115  14-105 -74 103 111 106 -98
  45-125   6  21 -23  84  -8 116 122 -10 -15  46  38 -39  88  55
-115  86  67  44 -29 112 -65 102 103 118 -30 -55 -93 -65-115-109
 -45 -22 -17 -33 -69 -34  57  71  26  63 115  49 -15-105 -35-123
  61 -33-114 -67 -35  24 126-124  -9 119 -77  -9-109  55 -34-113
 -49  28 -59 123 -41 -53  63  36 -62  76 125  12 -99 -32  42  -2
 120 127 -49-119  71 -76 106 -17-112-115 -27  74  42  62 -85 127
 -86 -82 -41  56   8 -81  97 -29  93 -34 126-115 -22 126 -31-117
-115-127  24 -83  25  22 -82  76 -22 111 -33-119-122 -41  -9-126
  68 -42  57  38 -95  39 -66 -65-104  -8  89  89 113 -29  81 -22
 -38  33 -65 -37  12  94 -21 -26 -88 -18  39-120 -82 -70 -21 -22
 106 -44 108  83 -48 -35 -31  67 124 -78-110 -75  18 109 -43 103
  55 -97  -2 -27 -21  58 -12  -2  -5 -39-103  39  69 -20 -13 -74
 125 -39  71  66 107 -58 118-113 -33 -73 121-126 -41 -27  46 -39
  82 -39 126 -24 -67 -52  70 -23 -67 123 -96 -22 110-107 125 -89
  41 -98  73  86  92 -35 -18 -42 -61 103  39 113  29 106 -82 -58
 -80 -71 -28 -26  58 -21  29 120-126 -33-115  72  46 -98 -95 -62
  28 -43  87 115 -65  11  95  31  61 -24 -97 -50  48  42  18  80
 -35 -33 -36 -50 105 -75 103-101 106 100 -27-125  95  65  -8  56
  19  25 -16-125-107 -82 112  39 -54  96 -55  76 -52 -56-109 111
 100-112 -20  16 -67 107  48 126  89  43 104 -15 -35  46  28 -96
  93 -35 -15  45  82 -31  63 -67-115  83 -88  -7 123  13 121-105
-108 116 -58 122  78 -86  21 -60  -4  46 -35 -52 -57 111 -28 -86
  38-108 -62  98  -5  -3  -2 108 117 127 -38 -35  13  95 -25 -52
  15 -99  73 -66  61 -94  63 -28  78-126 102  21  40  19 -23 -49
  -6  98 -15 -54  41 -20  31  18 -35  95 -78  23 -13 119  51 -57
 -19-117 124  46 127  62 -59 114 110  13  81-117-109-100   2  89
  -8  -1   7 -54 -29 -30 117 -42  69 115-121 -77  94  35 -71  27
  -6  65 101  95  67  45 -23 -75-120  60  58  -7  86-103  67 -33
 -65  59  30  10 -61 119  63 -10 -40-125 -38  -4 -33  97  56  53
  81  86 -66-121  44 -36 -53 -23  -4 -15  54 -81  -8 -35  63 -30
  75  -1 -51-100-121-105  42 -35  90  -3  89 -41 -68 -70  52  81
   8 -59 -18 -45-104 127 -83 -50  -6 -47  73  29  91-102 -17 -71
 117  63 -73  56-123  39-103 -20  57 -25 -69 -46 -63  52-105 -34
  59-107 -79 -37 -65  90  86  79  58 109 -23  -2  92  -4 -13 111
 117 115-107  84 -42  78 -14  75 -77-121 -33  90  90 -30  -5-116
-113  44 -97 -29 -49-113  23-123 -50 102 -67 -85-114 -72 103 -53
-121 114 -97 -16  52 -34 -65 -71 -58  54 -37  39 106-115 -87-126
  44 -15  61  95  15-100  -4 -69  74 116  26 -54 -42 -67 123-108
 -38 -23  15-123 -95 -20 -27 -76 123  54  20  59 -86 -81 -37  82
 -67 -51  86-114 -65 101  65 -17-113 -16 -22 122 -84-125  90 -72
 -62  98  57 105  61 -59-118  87  35 -25 -57 -12  72   5-122 101
 -41 126  77 -15 113 -26 111  -9  -9  22 -47-116 -45 -57  70 -68
 114 -23 115 -85  59 -38 106   9 117 119-108 -65 -14 -71 -15 -85
 -20 -13 -19 -57  78  -9  26 -91  71 120  10 -96 -52  -5  63  45
 -47 -46  -8  30   9-112 -73  11-110 -52 102 109 -94 106  50 -64
 -37 -26 -14 118  29  57-115  50 -39 113-118  81 -61  95  50 -97
 -11-122  39 -25 -57 -26 -16 -89 -29 110  -8 -47 -15 -46  23-106
  57 -11 -75 -42 105  -6 -17 -41  45 115 -91  13 112  47  92 -19
 -29  61  -7 -46  35  31  12 -81 -71   5 -39-106 -48 -19 -97-121
 -66 -95 113 -76 -85  55 -91 -63 -40 -67  73 123  92  47 -77  49
 -26  30 -80  87  -3  -9 -27-119-107 -36 113-114 -37-106 112  75
  -1 -67  92 -53  -7  27 127  42 -87 -32 -95   3 -62  42  61 -35
 -69 126 -43 -65 -19  47 126 -84 -89 109  91-122 -89 104  -3  -5
  22  76 -98  -1  33  76  27 -89-100 -58 -46  95 116 110 -38-105
 -43 -94-114  97  80  68 117 114 100 -84  89 -98 -66-117 -63 -24
  80-111-102  -1 -63 -83  49  25  65  10  84 -31 -97-121 -21  10
 -65  59 -78  -4  47 -95 -39 -51 -45 113  95  32 127 -20   6 123
  47  -5 -84 104  31 117 -65 -74 -23 -93 -19  91-103  24  62  -4
 -42 126  -5 122 -24 -31-113  94  79  -6 -24  -1-122 110 117 -60
 -85 110  51  99 -24-100 -66 107  -6 122 -24  93 -82  80 -94 117
 -17  -9  91 -42  -1  79 -40  -9 -15 125 -58 -25-113  57 117 -84
  50 -74 -52  89 -15 -74 -47  20  83  91 -23 -97  11  84  -6 -55
  50  78 -99 116 -43 -52-112 121 -40   3 103 -16 -54  68 119 -60
  77 -15 -36 -34 -34  79 -85 -73 -30  97-112  25 -68 -57  -7 -73
 -19 110 -49 -10 -18 -49 102 116 119 -12 102  26 -35 111 -50  28
   3  91 -45 -66 123  -2 -52 121  57 -25 -68 -23  76  87  -6 -79
 -25 -25 -82 -43  94  -2 -52 100 -90   9  -3 -99 -49 -44-104  74
  58 120 -30 -22 -81 106-108  -6 -17  99-125-125  79  14 109-110
 -97 -76  50 -86 -65 -21  -7  94  39  11 -82-118 -43 -21 -53   5
 -12 -74 -63  73 -98  95 -91 -61-102  -4  30  80-119 124 -95 -75
 -80 126 -20 -38 -71 -87  31 122 -26  -7  99 -99 106  57-127  50
 123  -1-117 -77  32-113  -1  -4 115  95 -34-115 -39  13 111  -1
 122-111  75 -71 -66  39 -44 -40  35  92  63  69 -84 107  94  92
  12  53 127 -46 -67 -17 -14  52  13  42  43 -28 -70 -59 -14 -25
  60-126 -81 111 107 -98  -6 -17 -85  -6 -13 -56 124 -49  94 -52
 -45  -5 -24  96 -38-128  55 -48-125 -58  86  67  79  89 121 111
 -16  17 -45 -20 125 -54-126 -19 -61  38 -54 -71 -18 -51  51 -68
  74-108 -75 111  79   7 -36 -86  61 -61 -26  55  10   8 -20 -85
 119  43 117 -66 -24  86 -37  22-110  34  24 -18 109 -39-114 -12
  11  83 -72-115  17 104 -78 -18 -53  -1 -31 105  39 -19 101  57
 -61 -85 -87  87  62 -17  31 -63 -61  84 123 -29  93 103 -22  47
-124 -81 113 -57  38  43 -43-111  69 -37 -89 -25  34 110 -41  -1
  25  57 -22  62 -32 -18 -45 119 -51 -15 -95 -23 127 -43 -98  80
 -17 106 103 -60 -74  -3 -66 117  39  59 -89  73 -18 127 -14  -6
  31 -25-118 -96 -82  11 -85  79 124 -70 -74  35  96 124 116 -29
-113 123-101  65 -21 -11  52  85  42  78  27  -7 -49  33 116 -18
 102  75 109  73 115 106-106 -39  -9  -4   6-115 -33-113-100 -39
   4 110 122  -2-119 102 -66  74 -23  99 -62-102 -26  -1 -51  77
 -22  52 110 -61 -82  82  15 114  14  63 120 -38  18  78 -83 -42
 -66-122  -5 117  57 -34 -50 -18 -18 -47 -43 109 -91-118  41  11
  43  21 -65 -12 -56 -25 -72 -25 -43  74  -2  51  44  23 -33  46
 -35 -26 -21 -25  21 -32  42 -97  -2 122 114 103-105 120 -91-119
  -6 -91  83  23  21 -15 -45 -28  36-110 -94 110-124 -14  -4  86
 -30-118 102 -45 -42 -91  59  71  95 -68  99 -79 -41 121 -71 117
  14  59 -55 -85 -37  89 -68 121 -75 -76 122 -26  98 -11 -20-114
-109 105  51  35 -37  35 -99 -43 126 119 106  -8 -46 125  44  52
 -19 -66 -41  43 -70 102 -36-101-101 -34-103  85  82 -67 -53 -74
-115 -52  -3-121 -99  71-103  98 -98 -67 -11 -63  21  -7 -71  71
 -81-105   3 119  11 -26 -70  23 -20 -83-121-101 -90 -79  40 -95
 -57  99  83-124 -44 -70  29  96 114  61 -40 -22  20 102  69 101
 104  53 -97 -65-118 -17 -72  51-105  95 -44 -92  17  -2  99  83
 -74 -77 123-126   7 -23 -51 -73-115  36 -10-106 -95 118 106 -12
  39   6  67-119-116  97  93 -71 -18 -89  38 103 -12 -97 122  52
-101  36 102  26 -64 -85 -74-101 -78 114 -58  49  88 -51 -50 -88
 100  61  91 106  44  -2  79 -37-119 -44 -25 -30 -36 -91  -4 -42
 -60 110   5 -18 -69 -90 115 -56  43  82-113 117 -69  61 119 -84
  26  18  35 -87-101 -67 126 -71 -98  92  93 -39 -33 -56 -98  36
 -85 -85  92  62 -24-117 -11 102 -22 -45 -17  28  12  83 -34-123
  -1 -64 -92-114 -33  27-110  16 -93 -85  71 122  19 112 -41 127
  -8 -51 -80 -54 118 -78 -77  44 -52 -44 127  39 -46 122 -98-105
 -49 -49 -24  27  72 -75 125  30 121  79 102 -23  39   8  39 115
 -56   6-117 -16 -46 -74 -83  33-104 -42 -60 -65  81 -48 -79 -73
  63 -82  87  -9   6 -56  87 -26 -52 126 -54  99 117  49 113 -59
  51 115  43 -35 124 -41 -30 -24-118  -7  -1 102  35-108 -99 -96
  98 114  -3  33 -73  85 -69  92  74  53 -52-117 -67 109 -62 -70
-118  11  83  -4 111-110  71  83-108 -35  49 100 -77 118  -9 -62
 100 -39 -55 106 -36 -16 -89 -53 -91 -94 -10 -58 -99  90 -83  90
 -31  -2-113 125  58 -67 -21  11  31 -15 -71 -99  58  95  64 -37
  74 -57 -12 -59 -26  32-127 -19 -39 -11 -86 -53 122 -18 -39  76
  -4 -82  62 -53 -53 122 -92-105  33-115 -86 116 106 -29 123 -67
  61  -9  60 107 -71 -97 -65  85-101  -4 -61  16  39-108  29 -30
  69  90 -70  94  19 109 -61 -68  24  95  53  81 -20  30 -47-104
  54 123 -81 -66  17-111 -42 -88-103 -41-107-114 -97-127 -71 -25
 -76-113 125  53  51  41 107 -34 -94 -46  15 127 -52 -51  -6 -91
 -11  82 -74  75   9 -53 -25  45  58 -22 100  72 -35 119 -35 -92
  93   7   7  27 113 -89 -21 -47 -13  79 119 116  86 -19  41  51
  47 -53  39  11 -35 -68 -67-101 114 120  78 -68 111  19 -63 -26
-109-108-104 125 -18-109  -7-106 -14  -1 -28  -5  30 -70 -83 -62
 -26-124 104  -3  58  92 -93-113  81 -24 -75-113 -14  95   9  89
  71 -24 -51 119  89 -94  17  -1  23 114 -69 107 105 118 -34 -77
  39 117-110 -15  67  29 109 108 -26 -11 -50 -87 -34 -39  57 -71
  91 121 -34  80  22 117 -54 -61  68  -1 -47 114 -65 -55-109 -74
 -83 -25  23 -75  62 -36  -5 -73-118 -25 -58 -86 110 -10 127  92
 -60 121  86 -74 -49 -22  48  -8 -92-117 -17 -61 -37  -6-113 -52
-108  66 -85 -35 125-118 -81  -5  88 -69 -25 116 114 -49 -35 -48
 118 119 -17  17 -32 117 -45  -3 -34 117 -32 103  53   6  -1 -36
 -82  59 106 -98 119 -60 -25  49 -41 107 -37 -22 -52 -11 -16  23
 -49  18  23 -80 -73  -3  59 -50-114  57  92  55  40 113 -38 -49
 113 119 -71  -8 -39  23 -60 121-113-117 -75 -90 -68 -31 -25 -27
 -39 -59 -65 104 -81-121 109 -51 -10  25 -39 -41  23 -76 127 -31
 126 -82 127  60 102  -1 -21 -65 -67 -37  75 115 -46 -77  -6 -98
  74 -56  39 -94 126 126 -63 -69  83  10  41 -65  75 102  54 -23
 -57  26 -30 -91  71  93 -84 -85 -69 -69 -50-102 -26 -89 -87 -14
 111 -45  38 126 -74-111 125 108 105 -52 -81  87 112 -94 113 127
 -69 -55  62  41 123 -47-100 -43-115 -18 105 -50 -37-119  17  21
 -25 -62 -15-112 -21-104 -24-109 115-128  17 -75-104 103 -73  14
 -18  -9  37  -9-105-123 -12  -3  73  -4 102  15  90  92  -4  61
-115  25  -2-125  32 -56  11 -43  18  90-103  96  71 -89  59  44
 -81 -30 -98 -19 -69 119  -2  79  63  63 -70 -19 -70  -4 124  63
 -91  78 110 100   6  57  56 -99  77-123 115 -54 -89 -94  55 -77
 -79 -42  -7 -89 -31 -84 -42  53  78  47  59 -20  58 125  94 -34
 -45  89 -69  -2-100  -4 -62 -89 -40 -71 -27  59  -6   6 104  -5
 -97  63 -42 -84 -81 -35 -24  46-107 -55  44  20  69 119  63 100
  -3  17 -37  82  85  35  94  68-114 -54-103 -98  -7  57  -5 -13
 -59  85  51 -17  93  60  -6 -31  -3 -89 -36  30  99-105  -4  47
-113  30  -3-112 -73 -44  45  43 123  62  73 -49 -99  52  75-118
  59  43-107 -51 -19  67 -94 -38  46  98 -22 103  22-107 105  43
  37  23 -60  67  23 -74 -69 -69 -83 -37 -34 -53 -70 -74 -25  70
 -25 126  87 -56  71 -51-123 -36 -38  31-101  -2-123  29  93 -36
-108 118  83 -41 -77  74  -9-109   7 -67  74  -9 -10 -16 -35 121
 -30  79  83  -5  -8 -52 -90  -6  57 -82 -73  90 -54 -95 -82 126
 115 124 -34  90 -91-103 -26  95  41 -37  37 -57 -78 -25 -44 -43
-113  63-125  15 -33 -81  23 -37 101  47 -94  -6  91 -29   7 -77
 -11 -89   3 119 -50 -52  47 107 -75  62 -24  97  79  61 -35 -88
  94 126 -67 122 -97 -21 125 -55 113  13-124 -10 -97-104  47  58
  47-106 -52 124 -51  20   9 -35  29 107 -67 116 -97 -15  20 112
-126 -46 -77 116 120  59  62 -35 -70-117  53  94-107-105-110 -98
  -5  43 126  -9  -4 -99 126  29 -65 125   7  48  97-103 -24  11
 -54 121 -49 -12 -35 -27  41 -56 112 -70  63 -17  30 -93 113 115
 111   1 -41 -69 -27  89-115  27 -21 -98  25 103 102  33  17 -20
-126  99 -19  41  63-116 126  -3 -94-118 -17  60 -11 -97  67  65
  78  56 115 -24 -60 -26 -37 119 -41 -78 -25  -9 109  21  75 -43
 108  31  -7 -69  47 108 106 -93 -73  71  63-111 -72-117  95  94
-106 -10 -91 -10 121 -35  79  71 -49  -1 -15-114 114 -53  94 -68
 -92 -34 109-124 -68 -57 -93  67 -98 -52 -98  35 116 -74  78  78
-122 -27  90 -65  -5  51  81 -47  61-107  93 126  66  31 -86  60
 -77  -4  51  -7 -40 122 -48 123 -91  46-113 108 -67 -45 -71  43
  37 -94  91 127-107   3 -53 -87 -22  80 -15 -89 107 124 -78  89
 -36-103   9 -43  97 104 116 -18 -25 -49  39  87 -54  34 -85 -54
 -33 -48  62 -71 -39 125 -13 102 -89 -58  23 -78  19  43  46-112
 -18 122 119  75  48 -10  76 -37  75 -51 -89 101 119 -24  78 -44
  41  -2 123  94 -52 -24 125-125 -45  -1 -79  -9 121  27  95  46
 105 -23 -41  48 -59 -81 -45   3 -63-112 -93 114 -91  33 -89 106
  52 -23 -33 110  -9 -10   7  86 -36  76  94 -17  24 -40-109  37
 -23-117  85-105-125 -32 114 127 -81 100  83-103  55  10 -98  -9
 111 -46  69  -5 -73  60 -75 -68 -17  70 125-100 -36  58 105  -9
  44 124  -8-111 124 -17 103  -5  70-127 -22  38  91 -64 111 -17
  56 121  -5  29 105 -88  59 -68  59 -92  38  50 -74   3 102 115
  75 103-122  41-108 -36 114 -84 -83  89-115 -41  97  39  93 -29
  53 122  67  24 -92 112 110 -44 -36 -21  47-122 -11  93 119 -67
-119  48  37 -83 123 123  91 -20  95  98  82 -82-108  33  63 -36
 -81 -29-106-107 -28  73  61 112 -21  79 114-125 -72 -74 -30 -82
  85 -44 110 -28  77 -35-122 -38 -74  64 -93  91-102  26-113-115
 -65   8 122  22 -52 -62  82  89 -84-114  72  61  51  91 -14 -68
 -69 -31-113-104 -20  30  15 -41  79-110 -59  49  51 -65-107 111
  22  64 126-102-113  24  87  30 -10  29 -26 -20 -23 -24 -77 112
 119  27 125 -42-100 -69 -75  61 -96 -19-109 -88 -61-114 -23 -34
 -52-116  23 -27  14  89 -89 116 -35  59  58  -9  91  -9 112 -76
 -77 123-110 -42 -71-111 -92-126-124-123  52 -69  56  83  54 -17
 -17 -56 -69  38   9 -93  77  25 -68 -68  56  57  18  26-124  70
 -35-113-119 -59  48 -74 -56   4 -98  47 109 -98 -96  87  39 -63
  91 -78  38 -78  13  63-116 -67 -11 108 127 -70 109 121 104  13
  84  74  -8  71 -37 -93 -55  16-117   8 -45  17 -97 120  22  -4
 -68  -4-115  32  47 -34  93 -78  21 -69  59 -83 -77 -29 -44-124
  37 113  -3 -53 -11  55  89 -33  13  41  94  43  37 -35  15  11
  61  -4  62 -29  -4  -7 -76 -89-114 -72 -93  63  -8  30 -95 -71
 -41 -22 119 -33 -85 -77 -50  12  22  28 115  -2 104 -20 -74 -18
 -29  -2  -9   7 -25 -10  78 -82  99 -78 -72 -19 -34  55 101 116
  66-115  63  66-101 -37 112  28  75   6 -59 101-103  80 -16  -7
 -29 -90 -21  41 -67-100 -26 100  15  98  43  95  81  13 116-115
 123-121 -24  15-125 127 -26 -73  13 -71  15  -9 -77 -13 -16 104
  67-127  14  10 -22 -66 -41  -3-103  43 -49  -8-105  78 -47  -9
  30  78  92  67 -25 -68  57 -48  23 -30 -15-105 -38-105-101 -43
  -6-108  53 -35 122 -84  96  43-111  28 123 -99  21 -30  57 -55
  56 -53 -69 -13 104-106  22 118 110 -84 123  -3 -13 117 -67 -33
 -97  41  60  87 -86 -33  52  93 -54  14  82  58  47  -9  -5 -92
  -6 -44 -83 -66 -69  27 -38  55  80 -84  45 -60  34 -66 -51  42
 -84 -98 -51 -62 -53 -36-112 -80  86 102 119-122-117-107 112 -41
 -64 -53  19 125  65 -13 -65  93  76 -67 120  25  40 -93  59  59
 -86-112  49  -1 106-119 -47 -20  24 -31 102   7 -19  31  71 -27
  42 -13 -75  97  -7 -11 100 -51  97 -64  66 -70 117 -87 -72 -19
 -41 101  87 -25 123 -43 -70  35  52  77   7  46  -9 -13 -75 -32
  51 -78 110 -63 -51  70  31 -27 -62 -67  41 -88 -75 -81  -6 -85
  47 -19 -37  46 -84 -34-115 121-117-110-112 -67  16 -41 -67  -6
   5  41 -12  -8 -17 -34 123 -76  79 -10  54  85 113 -65 103-115
  89  40  73  81 -83  93-121  25 105 -22 -77 -72 115 -13 115 123
 -65  71  -2 -60 -28 -27   4  -5  11  90  95 -66  -4 -36  94  -2
 -10 -50 -26 -67  -6-117 107 -65   9  68  99-118 -24  18 119-103
  23 -66-120-101  63 -66  28  58 -58-113  -1  27  45 -58  88  77
  90  91 -87 115  99  46 -54  19 -87 -67  -6 -10-102  54-121  29
 -52  -7-118  -9 -33  85 -29 -31 -20 -17 -99 -13 -43  90-115 -70
 -12  -2  29 -15  -4  67 125 -57 107-119 -14  91 109 -98  15 -37
 -65  -3 -53 -89 -98 -51 -49 -82  49  10-112 -81-107 112 109 -89
  11 104  -7 -45 -35-111 -34 -69 -14-118 -74 123 -55 113  -1 -18
  53 -40  44-101 -35 -35 -85-118 -69-109 -19  36 -44 -36  45 -80
  83  76 127 -84 106  -8-118 -40 -45  39 -97 -16 107 -20 -67 -34
-100  28 -49 -25 121 -44   4 126 -22 106  56   9 111 -89  -1-102
 109 -55 105  22 -93  93  -8  55 -19 -68 119 110   2 -31 -49  26
 -21 -21  62 -37  11-113 -13  87 108  57 -84  87  77 -41 -51-123
 126 -65-112 -92-122   8 -89 -22 -47  79  26 -10  76  85 -51  99
  40  77 -22 -83  78 -88 105 -63 -33 -33 -13  57 -66 -91  31  25
  54  19 -93  67  58-118  50 -98 -98  -3  93 -35 126 -78-118  90
  -6  60 -78-123 -52 -41-108  46-111  63 103  -1 -13 -39 -98 -58
  -6 101 -76-115 -93  77  99 -13 104  40 101  56 -35  85 121  42
  75  97-127 127-107 -86  37 -87 -19 -29 125-124  67  15 -55 -66
  -2 109 121 -95 -67 -43 -13 108 -77 -26 100  27  83  -9 -95 118
-107 -50  86  59  33  28 -78  63 107 -82  -7 123 -62  40  -4 -60
  59-119  35 -81 -37 109  23  -6 -60 -55 -77  60 118  71 123 -15
 -36  62  14 -61 109 -34 118 -58  68  51-110   6 -23 -84-108  91
-100 119 -41  71 124  -8 110 -38 -49 104  15 -39  20-103 -30  33
  53 -38 -67 100  53  89 -44 113 108  -2   6 -99 -28  14 -78  43
  78  -2 124 -48 -18 -51 -13  -3 121  92 112 -26  56 -16 -91 -44
 -81 -78 -13 -81 -13 -12  93 -65 -55 -63  16 -35  76-117 -23 -33
 -25 -53 118-107  36  79 113  90   6-111  61 -58 -86-100  86 -36
-102  37 -98 -56  93 -70 123 -81  39 -25  11 -99-117 110 -91 -87
 120 -82 118 -66 -38  26  -2 -42 -85  31 -71 -61  -8 -74 -70  93
 -35  90 -44  26  30  94  -2  -2 -58 -51  69 117  58 -30 -94 -32
 124  46 125 -18 103  35  27 126 -17-101  34 -33  57  43  -4  45
 107  -1 -56 -97  66   5 122  51 -78 -72  91   5  79 -95 -46  74
 105  31 -89 105 -73  17 107 107 105  -1-103 -64-105-115-108 -10
  78 126 109  56  16 115 -91 -12 101 110-112 -57 -66 -76 117 -54
 107-113  43 -20  74  20 -66  14 -94  35 -51 -33 -42 -10  55 -72
  -1  61   7 -14  10 111 -66  28 -19  20-105 121 -68  78 127 -54
 -39 -19 108 -55  13 -18  -6-123  13 -81  29  -5 -24-126-118  -6
  35  84  25 124  17 -26  47-114 -29 -34 -51-111  96 -58 -84 -47
  27 -85 110 -23 107  70  39 -21 -55  53   9  90  69  73  55 -25
  31-100 123 -71 105 -36 103 -57  37 118  -6 -94  65 -65 -26  -3
-114  83  -6  10 -77  94  -7  52  60  99  94  83 -17 -18  13-113
  47 -36 -96 -55 119 -53 -29 -10  91 106 120 -67  -7 -53 -44 124
  -1  82 127  -2  -6 -41  53  49 -85  -4-115-102  -2 114 -53 117
-125  43 -44 -81 -11 -83  86 107-101  63-102 -81-128  50 -12  96
  47  67  77  73 -50 -88 -17-121 -99  45 -50 -49 125 -97 -81 -97
 106 102 -21  26 -11  53 -89   8 115  23  57-106 -76-121 115  33
  64 112 -79 -52  97-113 121 -88  76-120  38 -87  53-100 -26  90
-111  86 120-102  28-109 -67  43 -69-103 -75 -56 -82  70  90-111
 -25 -76 -72  91  62  49 -43  92  53  61 123 -99 -68  93 115 -50
 119 113  19   7 -97 -13 -82 117-113-103 -98 -73 124 -75  86 -13
 -20 111-109 -76 -16  23  58  31  77  38 -13 106 -98 -51 110 -14
 126 -31  38 -77  89  60  55 -72 -24 -36 -85 124  -6  69  54 105
 119 -47  46-110  94  -2  -5  60 -10  17 -35  73-125  -5  83  87
 -87  -9-121 -58-116  29  23  10 100 -10 -50 127 116  92 123 -88
 113  22-116 119  -4  60  87  31  43 -65  45 116  23  -1 -82-113
 -24-116 -36  23 -45  -7  71 -23 -82 -33  62 115 -19 103  -2  39
 105 -76 -58 -42 118 -49 -17 -16  47  44  49 -22  89 -25  -3  27
  72  38  11  82 -84-108  74  61  71 -65 -26 -87  -4 -93-106 -36
 -84  12 -35  59 -89 -29  52  39  75  70 -41 -18-117  57 114 -79
  21  -8  21-103  88 103   2 -69 -13  91  31 -22-117 -10  34  -8
  26 -83  40  95 -92-118 -46-125 -20  77 110  30-102 -38 -12  -1
 -62 -83  87  27 107 125  78 -31-125 -13  37  71 -70  -2 -19 -22
 -29 122 -51 -30  54  -8 -80-114 -98  76  38   7 -30  -8 102-119
 -81  -5  24 -19 -35 120 103 -15 112 -81 -85 -48 -99   2  93 -68
-100 127 -83 127 -42  27 -66 -74-123  -8-127  63-103 -12  -2  10
 -86 -48  35-111  98  67  58  39 -51  66 -45 -89 -15  46  76-120
  89 113  -1  60  87  75 -42 -51-120 -13 127  -7  -6  -8 113 102
  80 -86 -18 -37 -50 -37  23 -17 126-113 -79 -35 -51 -88  -5  23
  31 125 -22 -49 -80  56  62  56   3  94 102 -74  28 -28 112 -91
 112  56  50  -5 -21 -17 -12  30  58 122 -24-104  69 -84-113 -50
  67  20 -48-108 -57  -1 -35 -72 -85  -4 124  12 -61 119 -55 121
 -41 109 -98-106 -80 -25 -41 -86 -46  96 108  38 -86 -12 -25 -14
 105  29  74  78 -40  66 -14  89  -2 -23  29 125 -23  77-125 -87
  83  -2  59 -24 -20  57 118  46 -25-108 -51 125  -3 -23 102 -62
  -5  80 -87  32  89   6 -53 -31  94 -12 119 -11 103 -78 108  17
 -27  98 -49 -11  25 -67  -5 -24 -23  53 -74-106  56  70  95 106
 -84-126 -70-101 108 114  30 123 125 -82  56 -26 -54 -59 -46 -77
-100-111 -38  97 -98-107 -33 -20  87  -4 113 -11  30  -9 115 -43
 -65 -89   2 -69  10  60 114  20  -2 127 -83 -22   5 -44  62 -64
 -37  31-101 113 -22 -13 111 -57  88 -89  65 -29 118  87 124 -33
 -30  -5-107 -15 -30 -69  63  88 110  11 -47 126  23 -17 -51 -77
 -43  75-119 108 -20  70 -66 -19  97 -56  73 -83 -53  58 113  -6
 -34 -48  21 -72 -71  31  83-114  67-113  85 112 -82  91  -7  -9
 115  61-127  87  -5  69 -12  71 111 -88 -94  -1 -93  87  -3  45
  78 -24-125 113  25 -69  -8 114   4  99  -9 111 -37  93 -37  59
  72 -38 -29  95 -80 -87  -6  61 111-113 -89 116  31  18 123 -33
  -4 -95 117  69 -94  -1 112 -82 -52  94 -50  39 -99 122-125 -63
 -35 -65 124  33-103  58 -55 -23  61 -29 -19 111   1 -88  29  -8
 118 126  47  26  58 -14 -17 115  89  95  14  26 -19  87  81 -72
 121 -77 -83 -44 -57 -67 -10  -1 -99  68 -88  44 -58  70 -71  73
 113 -52  32 -91  45 -31  71-113 113 -92 123 -25 -37 -24  99  52
  98  57 114  61 109 -68 -45 -36  37  12-122 -50  72  26  78 -42
  68 -59 -12 -20 127 -36  86-108 112-111 -98  47 -71  -5   3  75
 125 -37  67  80 110  49-109 -44  49  80-125  15 -56 112 -70  -5
 127 116  29  35 -23 -40 -84  37 -17  89  -7  55  20 122 -69  73
 -38  19  59  78 -25 -22  -5-115 115 -55-122  55  -5 -23-116 112
 119 -66 110  60 -90  15 -75  66 110 -98  60-124 -19 -13 -78 -44
 -54 -77 -13 -20  -1  12 -25  58 -73 -82 -55 -61 -70 -25  18 126
 -77 -33-114 -66 106 -55 -45 -69-127  43  95 -99-123 -55  70  94
  -7  64  47  79 106  -8-125  63-104 -40  85 116 -33-122  -2-110
 -12 -26 -35  -8  99-112  17 -69 124 -13 -83-101  72 -86-124 -37
  54-116  -1  -1 -12 -57  87  94  63 -85-101  19  66  39-101 -50
 -70 -11  31 -29-123  90-120 -73-121  36 -78 -68 -42-102 -37  37
 101  76 110 -85 127 -97  63 -22 -67  88 -50 107  -4  57 -36  78
  20  47  78  55 108-107-101  95-101 -44 -12  47 -23 -48 -49-102
  94 123  43 -41-101  94  29-104-104 106-104 -15-114-121 107  -3
 -89  14  49-100 -36 -49-111 -49 -71  98 104 126 111 -50  45 -79
  38 -14 -43-112  87 -12-113 -45 -50 -52 -21 -99 -50  55 -76-104
-119 104 -24 -82 -83 104 -14  42-107 -31 -35 -54 100  34-111 -32
  -8  79  83  80-110  42  43  82  25  86 127 -88  85 -47 -45 -15
 -41 -49  71 -53 -59  93 -18 -99  91 -22-102  99-118  -3  91  54
  23  94  27   1   8-120  -1 -79 -23-122  27  79  53 -93 -68 -40
 -43 -83  81  68  41-117  63-108-118 -84 -77  46-117 113 -95 -20
  54  56 -61  11 111 -81 109 127 111 -65 -99 -50 115-113 -61 -91
  59  46 111 -67 -46 -70  20 -11  -4  63  87 112 -51-125 -81 -77
 -83 -60 -82-128  82 -14 -22  87-111  26  -5  72 -35-105-107  26
 117  47 -37 -73  91  27-108  -4  97 115  67 124 -66 -82  37 -97
 -30 -26  28 -43-125-122 -51  82 113 110 -63  88 -32  -3 -68 -17
-116  34  21 -37 109 -55 -71 -91 -84 100 -58  52 103-100  13 -66
 -93  61  79  17 -26 -66  59-123 -31  -6 -49  47 105 -76 124 -69
  85  44 -34 113 -92 -41 -84 -87-101 115  89 111  61  55  61  71
  -1  64 -22  78 -17  99 -30  53  52 119 122 -29 -74  22-117 -63
-110  64 -21 -54  34  90 -20 -43-122  -5  92  91-101  75 -15  -9
 107 -57 -75 126  79 -45 -55 125  -3  11 125  63 112 -99 -50  -7
  42  85 -69 110 116-109  58  -1 -20 112 -83 -74  -8  -3  21  -9
 -56 -92 -69  54 117-109 105  50  61 -85 -18 -67  15  92  24  78
 -81  -2  75 -63 -11 -43 -14 -54  55 100 -17 -33  11 -16  84 105
 -52  61  -2 -54-123 -12  72 -43 -59  73  23 106 -32  71 -17-105
 -11-110  41 -33  68 -66  46 -44-114  73  15 118  45 -17 -70  39
  87 -32 -12-119 -33  83 -10  13 -13 101  87-105 112  94  -6 -28
  29  30 116 -39-125  77 -68 -35 -36  55  77  67 -90  95-126 -10
  37  62 107 -18 -41 119 -61 -61  95  84-100-121 -57 -91 -23 -42
 -42 -85 -11  61 108 -94 106  99 -27 -17 -25 -29  67  15  85 -28
  70  99  65 -65  -8 -61  63 116  55  85  67 106  89-103  91 -99
 -94 -63 -49 127  82  25 117 -73 -67 -67 126  46  -8  92  84  67
 -14 -92  31  56  95 109  80  49  66 -80 -13  57-122  78 -89 -56
 -78 -79  58 -95-104  74 -39 -74 -93 103  23  -2-100 -99-112  83
  77 -11-104 -68  57 117-124  53  58 -40 -57 124 -98-100 -55 -66
  46 -33-115 -29 -54 -17-116 -61 -35-109 108  48 -75 -99 -96  35
 -14  52 106  10 -44 -38 114  85-112 -89-106 104  -1 -57 -40-113
  61  11  72 -97  63  10 109  59 -33 -88 121 124 123  -6-118 -87
 -46 -29 106 -67 -19  46-119 -65 -36 110  59 115-109 -20  60 -57
 -26 115  76  63 -19 -87  -7 -42   3 117-120-114 -69  -4-119 -18
  45-112  61  77 108 121  13 -90  38  88-113  49  23  59 -69  -7
  -3 116  19  62-100 -75 -19 121  55-105-110 -53 -92-117  44 -12
 123 -73  95 108  28   6 123  55  58 116  -6 -63  78 -43  60  -2
 -19 -11-115  14  60  93 -74 -78 -87  35 -25  84-116  78 -58  42
-114 -20-108 124-110  47 123 -35  42  22  86  94  41 -32 125 -17
 -68-103 -57 -26 -86 -92 -58 126  69 -41 -46 -78 127-100 112 115
 -12 -88  69 125 -35 -67 -32  61  22 -55  57 117 118  86-102 -57
 100-102-117  14 -11-108 103 -80  12-116 -11 -34  68 119 -54-121
  99 102  44 -47 -76  73  40 -88  -4 101 -78 -29  62 -73  55 -30
  22 -99 -95 124  82 -17 -98 -14  42  -6  -5 -38  15 -52 118  79
 -19 114 -73-117  64 -96  44-122  71  -4 -78 -45 -29 -40  14 126
 120  86-117 -69 -85  11  -5  -4  95  62-114 -41  41 -94  -1  46
  73 -90 -66 -21  27  90 127 -37 -26 -30-104 -66  63 -66 114 -83
  93 -28  35 100  13 -52  62 -49-120 118  74-117 -79-117 -87 -55
 -33 111  -7  81  94 -41 120 127 -16 -81 -82  90 -17 -21 -33  -3
  79 -25  34 110  27 -18  37 -72  96 -88  34 -21 -65 100  -6  55
  73  75 -51   7 125  91 -92-102  61 -58 -62 -73  72 111  91 -39
 -97 -99  39  91 111 -11 -25  50 -14 121  70 -70 -81  38  39 -97
   8 -80  61  14 -50 -81 -35-120 -29 -35 -77-124 127 -23 -99 -45
 -83 -40 -76 -52 -79 -89  90 117 -76  70-103 -11 125 -16 -69 -78
  87  82 121 -33  99 -19 -66   5 -66  90  27 -54  65 -19 -23  49
 -37 -98-105  -5 -14 118  70 -92 -16  25  89 -68  23  62 -54 -55
 126 113 112  -1  19  63  56  -2 -13 -98-115  44 -55-116  56 -73
 -52 -68 103 111  27 109  45 -85 -17  24 -48  41  90 -85-103  -5
 -37 -25 122  61 -18  77 -38  78 -85 -65 110 -49  51  12 118 -50
 -21 -23  53 -25-114 -36 -70 -58  29 -86  12 -81 -12 -13 -13  42
 -65  83  54 -21 -64 -28 -59 -47  20 -37 -19 -30 -10 -31   6 -62
 -17 -37 -33  27  37 -17  84-116   5-111-115-101  53 125  86 -40
 -94 119 108-100   5 118 119   3 -50  67  44 -81 -36 -23 -14  51
 -51  -4  -7  45 -22-114   6 -23 -41 -20  -2 -95 -79   1 -60  10
  79  43 -12 121 -19 109-109 -67  28 107  -2-116 -23 104  39  83
 -59 -47-122 -81-107 -24 -10 121  75  87 -67-115 -74 -33   7 -89
 -89-127  60 -54-118  -4  57  -2  54 -95  38 -88 -65  47 -45 -49
  86  82  63 -22  43  14  53 119  86  -8 -97 -22 112 -29 -60  86
 -30  94  -5  93  56  -4  95  26 -76  86 -68  83  83  34 117 111
 -87  -8 -49 -82 -27  59 -77 -74  99 -31 -91  79-106-111-112 -19
 -53  -7 114-112-121 -66-109  -6-101 -95  88 -10  56 -11  79-101
  98  12 -27 -35 -22  93 -19 -55 125 -98  67 -67 -22  -2 -87  99
 -41 -13  77  59  41   3-106  34-116 -34 108 -33 -53 -91  38 -79
-102 124-109 -50 -14 -83 -47 111 -66 -38-113 119   6-117-109  -3
 118  29  61 -22 -88 -81 112 -26  94 118  44 -83  91  30 110  72
  98 -24  53 -10-117 -24 121 -36  43  -6 -26 -57 -60  76  68 -45
-108 106  -3 -72  14 -70  32  95 -87 -97 110  55 -58  18 109  96
 119 -93 104 -26 115 -81 -75  71 -25 111 -33 -57 -87 -88 -73  64
-118  -7-114 -97  88 -25 -12 -12-109  50 114-118-106 124 126  93
 118 -72 -46  37 -71 -75 -21 -43  40  -5 -42 -83 -65  99 -97  92
 -79 -65 -75  76  96  80  20 -98 -85  -6 -84  38  95 -86  82  79
 -14 -22 123  99 -54 -40 -44 -24  -2 -78-108 -12 -11  58-113-100
 -29-125  91 -21-100  58  41  46 -23  10  81 -85  89 -41-118  82
  91  24 126 -35 118 -93  -4  38  39  77 -93 -28 -44-121 -57  75
  99 125 -33 -94  76 -60 -66 -70 -36  28 -49-109 -48  61-113 -33
  90 -22  55  35  95  31-106 -37 -13  63 -59  -8 -20  -5 110  -8
 -82 -85  -5 100-100 -53 -72 -70  89 -59 -89 -73 -30 -95 115 -41
  -3  73 -76  60 -24  59 -29 113 118  -9  84 -95 -18 -35 -46 121
 101 -19 -82  91  55-101  22 118-107-123 -13 118  58 -20  23 -26
 -18  68  90  20  -5 122  21 -19 122 -58 120  -3  37 106 -23  66
 -80-117 -90 -27 124 -56 -58  50  -5  96-110 -37  26-100  61-117
 -53  53  78 -18   6-126 -95 -17  -8 -69-101 -66 107  24 -37 -40
 -48-123  67 -13 -16 -80   9 -45  38  59  -2-100  -1  33  -5  29
 123  -3  36  97 119   2  98 125 106-107-121  75 -67 118  76 -46
 -93  54 119  11 109  -1  28  47-113 116 117 109 -38  -5 100 111
  70 -74  57 -72 -78  42  31-116 -85  99  62  37-117 -41 115  38
 -18 -93  17 -77  34  55 -87 107 -66  79  26  76  57 -89 -86  92
 118  98 -77 -35-116  59 -74 -55-114 -54  39 -11  77  97  23  -6
 -35 -52  47  75  73-119 -33 -87 -26  -3 -90  -9 -35 125  31  84
  86 124 -19-105-103 -20 -50 -77 -28 125  -3 110  88 -76-105 -72
 -30-110 127 -41  88  57-118 -24 -22 -83  98 -26  65  -8 126  77
  94 -34-115-111-125 -37 -53  61  -3 119 111   6  79 127  55 -10
 -57-124 -74 -16  52 -13 127 -88 -29 -24 -39 -74-113-102 -72 112
 -42 122  35  97  25  50 -63  89  51  67 -32 -12 -78 -58 -93-117
  40  29 -10  74 -32 124 -37 114 104 -50  38  -2 -91 -42-128-127
 125 114  79-100 -30 123 -44 -73  54  87 105  -2 114  19 118 -56
  37-114  -6  -7 -23 -29 -67  -7 -17  14 115  45 -52  72 -97  -9
 -91 -39 -72 -88-113 -76  92 -47 127 -97  61  -2  14 -53 110  -2
  -3 112 -48 -88  91-106 -65 -26 -35-102 -14  -5  90 127  81  65
  54  84 -76  -7  71 121  55-101  60  99 100  -9  23 -30 -49 116
 122  20 -30 -73 -85 -51 -42  22 -95 107 125  81 102  26 -97 -50
   8  42 -31 -28 -19  98 -40  -1  21 -21  77  54 -62-107  -9 -31
  59  -5 115 112 -27 -19 109 -19 -93  15 -11-113  29  95 125 -80
  29 101 -33 -23 -40 119-104  52 -13 119 -87  70  84 -37-111 -98
 -67 -69 -17 -47 -15 -99 -81  14 -19 -43  46  46  86-113 -18 121
-121  43   9  83 -89 -84  63 -89 119 127 -42-109 119-105 -85 -77
 -10   9 -20 -69 123-110 -98 -99 -68  99  26 -10  59  63   7 -46
-100 -43 121 -73 -66 -38 -35 -21 -29 -34