           0       14707      -13137      -16503       20764       22448       19084       17024       -4702        5341        5296        5179         906       42898       19727           0
           0       -6773       -2164      -16504        2581        5053      -13571       -9006        2272      -20162      -30871      -22815       -6850       19293      -15085           0
           0        3814       10245       -6275        1574       19615       58961      -22929        9891       26109       16035       13273       -8192      -11966       -7780           0
           0       17686        4771      -28986      -19182        2861       23376       10635      -19715        8592      -34638      -35615        6495      -58590      -22117           0
           0       -9676       58296       66461        6252        3455      -36174       -3530       22877       44984      -23774       12762        -325       -9140       10743           0
           0       46112       -8892      -18844       -4815       15671       37205      -13506      -29104       -1397       -2040       42074      -14063       -2933        7792           0
           0      -33896       25789      -44427      -13079       27123       -6917       -6062       35027       -8618       53001      -15416      -13936       22230      -15111           0
           0       -9686      -15035      -27041      -11229       28708       -5864       -6401       -8000        2715       19153       -3209       38006       -8563       -6690           0
           0        8718       30369      -12714       29259      -13273      -19783       40472      -11757        2434       -1952       -6283       22121      -14899      -36525           0
           0       37509      -13510       44545       15984        1225      -19588       17381        8169       22778      -14376       40035       17785       -9626      -14522           0
           0        -658      -25116       14595       17101       10186      -13015      -46605       -1496       15235       -1440       15470      -18959       29112        2959           0
           0       29031       -2309        6965      -27692       18394       25698        8546      -27507       17213       28865      -21770       12411       29161        4155           0
           0        6692      -10522       26590       39074      -17693        3605       19148       37784       40114        6140      -28711       22045        1830       18003           0
           0       19836        2978       -9106       14005      -45327       -2786       -6601      -16837       -5703        6879       -8907      -24651         755       11507           0
           0       57943        1837        4563       37768       68295       15807       59025       40157       24412       38063       52533      -32252       59407       33035           0
           0       19276       43098      -32698      -17849       23730        5376       -9778      -27375        4943      -31513      -25394      -19514       12707      -17281           0
           0        2691        -597      -27925        1225        2546       50421        3874       68817      -23216       34556       59875       -4510      -40447         723           0
           0       33315       -2098      -69067      -39987       46891      -17378       39568       42074       10015      -47835      -52613       36473      -20657      -16757           0
           0       -2929       73993      121280       14074      -34731      -23504      -55985         717       41244        6766       31931       -8668      -60245       34288           0
           0       41728      -29794      -12818      -15855       22129       89229      -10798      -35466       -6103      -14838       39981      -11848      -11325       -3854           0
           0      -39435       -7672      -11410        8777       32003      -48752       -3298       17822      -10345       53893      -63622         245       44817      -46545           0
           0      -17057      -35712      -55482       18977       27553       15855      -10573        7011       -3354       55538       -7226        -248        3540      -23712           0
           0        7943       51773        6649        9165       -4670        5465       80656      -23368      -26908       10040        9838        6865       20983       -5660           0
           0       55912      -44726       20876       39715         634        3092       12559      -22038       21122       -9545       35844       23861      -65641      -63532           0
           0       43707      -61293       41250       -3721       25004       -8998      -58132       38405       15491       27297      -11454       13999       46218        6226           0
           0       47769      -17753       -3135      -73442        -550          23        7881      -24210       32896       38545      -33233       43898       33263        2000           0
           0         356      -25252       41091       38902      -12020       -6111       10625       92321       24080       14006      -42321       -3183        1629       54190           0
           0      -16744       28091      -28691        6734       -8164       17378      -31861      -42063       29415       25977       -4561      -22940      -13735        3288           0
           0        5241        7600       29950       10356      -23919      -36115      -35447      -57603       10445       32508      -12146       34446        -919       22590           0
           0      -65294       -3831       -4828       -1738      -94952      -51217       73171       10755       17746       -8506      -21202      -21311      -40103       22370           0
           0      -26072       30854      -19522       47611       11387       33253      -40354      -49076      -34552      -16736        9114        5677      -11660       14385           0
           0        4671      -21384       38795      -63095       72347      -29422       -2924       23660       -7870       18237      -17962       31332       20431       -4863           0
           0       17462       17277        8343       -7533        7171       34176       11645       15240      -36792      -55871      -14975       66836       26340       65693           0
           0      -35298        6234      -60222       23176       10778       36816      -33192      -14968        3581      -11553      -49385       -7588       37544       16759           0
           0       68736      -31010      -10557       14100       18790       99226      -13386      -72861      -19318       -4669      -82644      -45099       -3621      -41942           0
           0       -1693      -50736     -118864       26366       87022      -21889       64479       17875      -43348       17313       38668      -70731       49891      -15394           0
           0      -21202       21420      -20963      102562        9139       99779       13629       27907      -46145        1412      -33547       36956        8129       18957           0
           0       16141      -44101        4522       -6797      -22580      -66132      -29180      -46731       28396      -66734       14647      -28538       25715       46561           0
           0       25972       49423      -32598      -67467       68355       24401      -59972      -97503       35620       64654       62335        7069       13918       -2641           0
           0      -10447       69963        3150       -1476      -23213      -38299         667       42380      -10952       -3083        6776      -13757      -30484       -9957           0
           0       49334      -24419       57409       -2993      -31780      -11095      -52385      -34184        4874      -33742      -48175        5195       11368     -115950           0
           0      -42845      -12897        3835       18703        2484       78543        8971      -40462      -39667       70487      -34794       15995       15763      -33570           0
           0       16633        5823       39336       19096      -32587      -11499      -39076      -99379       69521       39971      -24752       46210       -5869       23332           0
           0      -56387       18828         630       27532      -99393      -43820       99962       19902       -9081        3176      -10164      -26474      -58813       -1030           0
           0       -9588       12741        8973       75425       44661       34987       -2497      -50484       20470      -56907       22730        1732        6146       10531           0
           0        2554        1547       63016      -81008       56304      -35511      -24968       -1162      -16041       13276      -27941       15079      -14850      -25943           0
           0        5641       27817        6888      -44971        7063       53745      -34092          69      -38164      -18032       22841       93767       32749       23131           0
           0      -61967        8240      -82271       -8756       40498       36179      -31711      -51537      -17751       27160      -30039      -53216       68484      -18315           0
           0       90923      -22763       -8731       -6532       10553      117395       12423     -113072       13692       -6915      -82258      -62709       -2101      -43937           0
           0       -3791      -49793     -129257       21198      152638      -26125      112862      -22834      -61817       18939       31744      -70193       82455       -5406           0
           0        -213       10087        7153      116389       13139      132029        3441       35531      -30949       42045      -30930       53772       36198       -8396           0
           0         348      -44208      -33553      -13361       -2248      -56693      -10851      -58889      -25675      -60458       -1922      -19350       56480       48625           0
           0       53313       42674       -1669      -71277       69603       55785     -113899      -94846         112       11616       92518      -18534       25060       -5976           0
           0        5720      119017        -235        8506      -18873      -41903       18825       21356       12435      -18010       -7322      -36834      -19850      -41910           0
           0       42557      -51975       41821      -32029      -56029      -20073      -27780      -44646      -30927      -13256       -6994      -31825        3170     -158240           0
           0      -64552      -27301       33475       28332      -38252       64312       26923      -32181      -15351       53581      -35063      -12928       14533      -92914           0
