           0       -3660       40128       -2595       26550       12721       -9936      -12040      -12693         -44       20103       -7374       36988      -15894       13890           0
           0      -19236       17470       38433      -44398       12599       24585      -16320      -22912         386       -8008       46765      -37768       14887      -13601           0
           0       -8190      -17103       19651       23036       24279        4476       -1857       15971        2849       40597       -7126       -1450        6797        2134           0
           0       14108      -36609       23076       -6465      -12664      -11198       18611        -409      -18938       28513       -5417      -49094       -8755         138           0
           0      -16937       13891       33444       33966       23978       -6798       -2476        2629       24279        3196      -13869       -7318        1874       16682           0
           0         860      -26021       -7948        4815       34041       28672       12989       -1322      -48360       43776        4494       16148        6805       -4477           0
           0        2319       10541        7463      -29074       -2247       -3420        3775       -2646       -6843      -43906       37374      -32393      -16798      -10143           0
           0      -12096      -12925      -13955       22665       16645       -6347       15150        6166       -2529      -38386        6320      -10459        3381       19405           0
           0       30036      -22412        8022       27962        8048       -8939        7738        -131        2741       38750        -633       22442      -17717      -15215           0
           0       21147      -16378        7123       20498       15930      -44929       28366      -14621       12616       40043      -45848        7540       11423        4987           0
           0      -42572       17117      -22536       -6379      -12063        2231      -17646        4429       18904      -23456       -1132       35060      -18602        3792           0
           0      -20835      -23327       17556       16334      -47859        1352      -13331       30735       -3223       30714       29542       13210        5215       26169           0
           0       42267       -6186       18644       41705      -39560       -3943       18399      -18974       25212        6338      -25364       31588       39930      -14383           0
           0       -8004       22869      -52388      -15232        -605         691      -18642         798        -171        3632       14918         995        8959        -118           0
           0       -3082        1830       45061       22360      -27115      -52300        2908       17104       15143       37371      -10240       49386      -23337       38093           0
           0      -14675       25453        5481      -51583       27333       -1928      -15754      -44844       18315      -15874       13155      -54647        6695      -24368           0
           0       -7840      -30859      -12397       17607       60820       -9956        -247       32837        3053        5692        5300       14818      -42916      -20366           0
           0       18829      -49399        3891      -29518      -17630      -18141       34477       17320      -28879       18098        7385      -46885      -19543       -5414           0
           0       -7203      -19556       31933       52327       22826       -9350        9633      -22250       26656      -15753      -13019        8334       17668       11378           0
           0      -10357      -45981       46640       20429       24041       23787      -10542       33606      -41701       84434      -16464       27569       -8409       15788           0
           0        6391        7918       23838      -22402       20152        3746        9390       -4406      -27376        2238       73125      -56462      -20510        6769           0
           0      -24357      -37648      -69108       -5825      -12312      -17650       30392       31304       36101       -3675       17200       -4254      -17829       36451           0
           0       40107       -6603       -4119       24455        -773         473       30794       -4452      -18320       68468      -21279       41172       -3743      -24200           0
           0       21415       10196       43726       40794       49298      -48564       42078      -51611        4078       45072      -83178      -10821       17884       14813           0
           0      -45216       19893        4831        7361       -7234       -9896       10717      -34734        -485      -57163       -2205       67321      -46174       -7870           0
           0       -8928      -31920       15092       59027      -56279       17479       -3879       43854      -11137       41331       28322       17510      -31182        8426           0
           0       24194        7393        6628       13220      -29699      -27969       23029      -29337        3428       15059       -4960       37696       60812      -13379           0
           0      -31588       20961     -100846       -1698        3918       -2591       11668       33326       16933      -18583       26969       -4913       38171        1318           0
           0       15799         677       -7869       89138       41693       27250      -52966        7285       11723       12835       61005       43386        2293      -32666           0
           0       35910      -57555       24389       58450       81555      -37001       -2833       -8955      -15621        7996      -34822        7495       -7099       31933           0
           0       16515       16847      -21372       47532      -27056       37120       -3178        4875       65165       19711       15596       34975       -5710      -75732           0
           0        2795      -19184        1322      -53226      -31070       44762       78944      -12525       -3138      -19325       -9706      -32084      -13014      -19765           0
           0      -21782      -23820         732       -9323       15992       25166       63293        7007      -18283      -44913      -12198       74054       20365      -30661           0
           0       30793      -28606       22205        3266      -38059       68336      -17495        6971       -7415       42612      -28389       -6334       50989      -12731           0
           0       12857      -17121       75066        9067       16118      -24719       32127      -15064       21719       15529       70942       72533       13663       10344           0
           0      -13046       -5832       -8305       -9128      -27243       21289       52942      -52421       68859       18973       45570       30257       37598        1863           0
           0       -8338      -18613       25322      -35551       -7828      -58185      -33907      -40664        6984        -826      -34890      -31571       -3170        4774           0
           0      -52715      -17931      -22469       27863       23767      -12934       54473      -21630       65822      -31112       22057      -27731        9187      -55964           0
           0      -30816      -30023       15581       45684        2351       -3305       55259       36872       64011     -146012        3513      -67903        -705       53418           0
           0       -3692       36169       37464        1143       16044       73707        7941       34372       25165       12060       40347      -75415       49452       50049           0
           0      -43467        1497       -1275       -8228      -52422        6277      -27977       25249     -111635       29973       25377      -50778        9938      115330           0
           0       55368       24556       40917       43173       -6484       -5362       61016       22033      -79523      -41816        2972       27902       33455       10706           0
           0       28959      -33996      -14060       59767       87455       12777      -66120         931       63521       22050       42946       61047      -20278      -38857           0
           0       37676      -51958       14784       95043       52655      -13368        8014      -16328      -36173         421       -8972       -8811      -12542       18967           0
           0       24342       18071      -15502       81122      -15568       31669      -21037      -23097       74607       -8335       24979       61620        9567      -52464           0
           0      -10212      -18947         892      -29244      -18880       51537       74227      -14167       14621       -3572       -9133      -17259      -11199      -30411           0
           0      -14954      -28782      -32365      -26698       37311        2761       65575       37583       -1917       -2250      -18937       74593       26093      -48542           0
           0       36382        2149       16750       -5063      -39386       16286      -53049       -6261      -62511       52327       -6283        3123       78025      -35301           0
           0       16972       -9221       73289       18720        -179      -23763       14024        2994       -6059       19860       58825       87618      -15359       33840           0
           0      -22157       12837          98       20131      -29889       67365       79191      -31482       41171       -3194       45099       52059       33788       21083           0
           0       14335      -56775       31148      -39084        6622      -57796       -2834      -39038       20104      -14559      -31884       -9951      -10981       23492           0
           0      -42565       -1129      -23961       25465       46354      -25592       90809      -31886       72684      -14875      -21406       21160        3455      -88148           0
           0      -74136      -26242       17115       78380       -6562        4508       52839       19293       79757     -192735       37392      -46431        2821       35603           0
           0        6522       76279       60858        4761       -3159      114237       16370       45749       -6777        8536       43629      -78128       81231       30542           0
           0      -67068       17378      -19443      -33373      -57688       -8687      -36672       36625      -78504       43939       29626      -27563       10836      124232           0
           0       49958       27141       43083       55119      -42264       41716       38838       41483      -65421      -30009         512        1642        9463       19662           0
