           0       -4185       -2978      -10407      -15546        6937       15583       -2345        8965       11407      -37715       17156      -34572      -30861        5878           0
           0        -823       51673       -3997      -26553       47050       -1530       18143       -8143      -38667       20183      -14004       -4626      -25554        9477           0
           0      -15287       23058        -326      -12552        5095       13063       20608        7130      -14730       21043       -3124        -459       16424      -16656           0
           0        7605      -16185        9647       -9465      -22806       -3405       -3282      -24356       34526      -10265      -22284       32722      -10289       -4375           0
           0      -24723       -3458       35116      -27112       18645       11455       12653        5643       12877      -16685      -20941      -18980       -9045       31653           0
           0       -5135      -48539       33197       23351       21613       -7028      -23378       -4287        8826        3887       42736      -28658       34983      -20673           0
           0        4981        -750       13757      -24817       31859      -18737       -3666       16062      -21992       -5349         135      -44770       -6903      -10634           0
           0       14396       -3969      -16096       -4461       12202       21770      -10480        5262       -5215       23190       15987       22417       36912       -1338           0
           0      -13164       -2573        -109       22681       -4668       19899       13927       -9348        -818       20713         122        7219        4754       20636           0
           0      -20843      -12720        3517       -3729       -8910       11725       23925       -4033       -8403       -4290       -2460       17362       -7773       -8646           0
           0       31123      -12986      -32272      -11008       31138         192        7722      -19420        -288       34983       10946      -27939        7887      -18321           0
           0        9490       47010        4069       -2275      -12006      -20773        3056        2536        6462       -3747       -6807      -26508        -672       -4095           0
           0       24565       -5199       -8813      -12811       -1607      -15913        6393       -2897      -40793      -38999        -886       -9511       11492       -4849           0
           0       -8688       20107      -25887       42670       -2539        2139       -3314      -29540       52661       -5657       -3318       -7707       -6017       13394           0
           0      -22144      -21637       34814       -9339      -20963       18991       -1475      -41005         136       -3684       35215      -47377      -19094       10135           0
           0        6951       66395       -1944       -6044       -1753      -27615        4445      -29642      -12973       69230       -5995       17375      -23605      -11103           0
           0      -42749       10256       -8573       -7257       29488      -34044      -30687       19697      -33888       -3004       -3779       46428        1271        8726           0
           0      -28305      -15055       22587      -17149      -20769      -15970        3711       10739       13155      -45242      -18635       -8136      -40909       38406           0
           0      -18333       -8600       33870      -52026       16124       55074       16307      -35350       32719       -9404        1251      -14709      -13217       26368           0
           0       -7396      -42506       56228       59895       23167       -9688      -25814       25782       29972       24245       46987        1039       80243      -13302           0
           0       43569       10853      -27492      -50277       49173      -67940      -15771       23668      -22631      -23773       13098       -4521        6443      -18965           0
           0       30445       -5644      -35863      -14704        8090      -15426      -27290      -24651      -43447        9852       40297       -7111       50608        6148           0
           0        -658      -43415      -15400      -12878      -20258       21818       17317        4796       15338       29357       19455       16983      -12311      -12234           0
           0      -46337      -26762         639       25055       -5487        2523       17299       -5782      -29133      -13178       12849      -14909        9564      -13783           0
           0       45472        3455       -6869      -24897       16234       53900       19925       -8945        2635       33863       -3805      -69484       68887        4227           0
           0        3561       45761      -34060       12835      -12363      -44377      -12031      -11398       -4297      -14095      -11871      -11045       -2016      -23096           0
           0       76846      -40962        5345       13266      -14322        7683      -38007       11292      -59996      -48856      -22900      -21737       -6055      -30138           0
           0       -9433       17012      -18668       38946      -51138       22472       12267      -58684       68750      -20798      -22393      -12575      -10192       38985           0
           0       -7453        8364       14100        7615       15601        4009      -34308        5044       -1293        9739        7704       13086       -1614      -15472           0
           0       -4583      -18918       -4020       -9500       14163       -5770      -38579       44934        2305        6912       24243       -8350       13584       -1103           0
           0       -7652        1056       37120      -39750       11256        7645       -4936      -26776       -2517      -18605      -16405      -26484      -20101      -13003           0
           0        3261      -15277       36743       -6243      -41638      -29528        3014       11303       -3007        3333       -2776        6554       -5535       24998           0
           0        7781      -24417        8604        5574        6635        3560        7329      -37178        5358        3943        1123       42658      -14885        4881           0
           0      -11198       -4544      -30028        3340       17352       11726      -27698         894       22725      -30043       46288        9245       -6133       34709           0
           0      -25862      -46775        2773       14402      -14624       27283      -26606      -25455       10831      -16222        1048      -10423       14219       18916           0
           0       -3694       18451        -245       -2251       12553        3649      -15338       18026        9824      -24238       20700      -21970      -13991        -180           0
           0       17397      -22542       11753      -26825       16901      -32531       22305      -21598       15679      -21015      -23359        8249       34314       -8444           0
           0       28803        7017      -16507       15857       32035      -11595      -16862       20377       26380       -7708      -10009       -9848        1942      -24578           0
           0      -20238       24340      -38366        5419        7021       23812       -8662      -25982        2947      -14684      -18926      -16192      -40634       -2297           0
           0       18195        1561       -4155       11298       -7216        1805        -764      -30735      -31335      -21623       40758      -19115       34903      -11178           0
           0        7586      -11602       -6300       11991      -11918        9453       47387       -9296       -6564      -10752       24801      -17150       -5713      -27506           0
           0       15507       12133       21211        4665       13072      -14503        4006        8933       -7682        4015        4827      -27622       14073        9537           0
           0      -55225       61432       39953       20893       26514       27049      -54189       31872      -15480      -12779        4071       32038      -26936      -17634           0
           0         427      -15763      -13767       -8008       10402      -42898      -64813       71958      -27690       17351       27776      -23376      -17820       60438           0
           0       -6660       20760       35176      -27925       -5328       16300      -16369      -42837        2169      -31623      -67934      -33852      -26054       -8529           0
           0      -22607      -31047       81041       -2966      -92880        2276       12065       75845       12264       -3587       10936       -7471      -35175         728           0
           0       23155      -16871       38646       23739       24216        1074        6454      -81205      -14414       56516       -8060       44698      -22703       23206           0
           0      -29958      -19851      -59261       14247      -11863       17312        3647       15529       38356      -60367       48248       18399      -34868       49872           0
           0      -69784      -50902      -25738       27954      -38964       14184      -26643      -16408       33566       -1129      -13002      -45872       -2757       11935           0
           0      -19526       48483       -4473      -15841       15039       22587      -48281       26696       30634      -40991       31411      -47045      -27453        4530           0
           0        5995      -15246        9057       -5305      -10819      -48786       59307       -5358        1713      -36575        2141      -17603       52847      -15029           0
           0       35899        5454      -24701       16389        6050        9920      -71165      -15337       21517       -5171       -5401       -3015       12936      -21091           0
           0      -72322       22282       21567       -4253        5527       59680      -17060      -42176        3453      -36818      -23266       17480      -47591        -695           0
           0      -13027       26292       -4997       -8708        7964       -6142       30195       -9485      -24391      -84098       -5119      -26011       75811       -1574           0
           0       16723      -27177       54732      -19541       36791       14730       74292        1433       32314      -50971       18675      -16088      -23862      -22097           0
           0       13350       -1834       32904        1992       33855      -16895        1741       31047       -9241      -30500       15587      -11250      -13030      -44893           0
