           0      -19377       15574       40901       -8787      -18172      -21873       -9083        2747       -4632       57410       10801        9175       -9492       11090           0
           0       14763      -17837        1466       36821        4237      -39059        7765      -15280        6826        -303       10909      -19605        -978      -30794           0
           0        8612       14096      -17087       28625      -23202        6331       32187      -13983      -19312       34043        9459       29408       -1649       16678           0
           0      -21681       -3310      -29818       19949       17553        6404       14457      -14882      -18209         357       -5311        4634       10598       -3464           0
           0        1397      -32499      -68126        4689       18066       10621        6358       46552      -33262       -1520       -7812       17702       -1212        7396           0
           0        8776       11693        -621        3395        8775       19985      -34597       49094        9636       22299      -31222      -38077      -32055      -11299           0
           0       42538       29745      -11593       -3303      -23617      -11429        -122       -2965      -13887       11200      -13551       16874        6106       12679           0
           0      -26714        5985      -23002      -27245       20017      -15267       28467      -10440       44816       -5192       -3894       -3622       20476       17807           0
           0       15817      -24640       20955        5442      -21391        1879       19983       -3023       25931        -868       40224        6262        8593      -20193           0
           0      -34699      -12839      -50590      -18441      -13344       -2048      -21785        4834      -61609      -11557       55115        7798        3198       21231           0
           0       -1992       33407      -17077      -22406       15530        2584       -3353       23968      -30388        1425       -7779       34170       -1359       -5368           0
           0       44443       39091       -1758       -5603        -880       12144       -6207       29684       45712       -6032        -591      -15386      -10242      -12592           0
           0      -11692       17859       -2730       -8927        2813        2741       -6875       17439      -25141       -9950      -20456      -16873       -3192      -28282           0
           0      -25086       -2124      -14091      -24584       25358         390       16220       17791       -3404       48949        5424      -18140      -13747       -2234           0
           0      -20564       20020       12017      -20164       13672      -51666      -34335       -3248       15067       55840       37495        7661      -28425        4207           0
           0        7897      -27640      -30745       18138       32438      -10862       52049       19046       22075      -16497       10732       14542       42269       -8705           0
           0         521       21589      -72825       18236       19462        7962        4992      -16911      -24483       56526       -6139      -20844      -16258        2338           0
           0      -35072      -32530      -36131        -948       28910       13176       28737      -25961      -12267        9370      -15209       51064       21047      -10399           0
           0       19465      -39147     -141931      -26671      -12840       31506        8712       90214      -43486       14312      -73517      -19256       62288      -20218           0
           0        9626       -8505        7570        9433        4827       -2536      -15380       39784       29493       18568      -51902      -82910      -56475       -7744           0
           0       36890       40621      -51909      -46596      -49911      -24241       11784       19540      -12736      -24306       14586        9699       -8402       39795           0
           0      -58638      -23383       -9537      -30570       12899      -10100       34565      -21379      117814       11475       -8116      -44417       28108       16021           0
           0       28403      -36813       38605       38886        7077      -50610        6397       16899        9010      -23229       -3826       37471        1823        1728           0
           0      -23314       -5148      -81846       12307      -43391      -20933      -49110       10021      -25427       -4809       62864       -1824       66132       78111           0
           0        4333      -32741      -41084      -46119       17535       13084      -26735       16020      -42756      -45892       -9784       19646       -8984      -56713           0
           0       64346       -8353       -7304       27240        1210       30345      -11449       42240       11250      -66385      -32005       -9925        9333        6485           0
           0       -3423        9479       40874        6457        5069        5909       22633       -2607      -29146      -13930      -17417      -57531        1517      -21506           0
           0      -53818       -6921        9921       28483        1997       30230       62663       41602       -7355       65362       -8017      -31422      -33878       32436           0
           0      -42355        8910      100197        9927      -43808      -47762       21720      -40992       51184      -78093       17009       63705       58515       15367           0
           0       22374        3029       -2395       69751       15166       19228      -16762       17110      -58592       31786       31317       -7218        1267      -51345           0
           0       -6343      -43468      -28617      -14119      -20011      -80860      -43129      -26161      -77639       47490     -113770       70870      -75828        4390           0
           0      -51284      -19977      -39289       72040      -30083      -57872      115683       24802       -5271       31704       -8567      -54248       50167        1407           0
           0       18624      -38360      -58874      -21382      -43022        5317      -66308       28595        4982      -58584       30293       46348       36095      -86753           0
           0      -16025       66322      -39095      -22163      -21931      102114      -52505      -79132       46041       87349       -5452       72784      -51304        3358           0
           0        4610      -76640        2828      -18987       48490      -26007      -23758      -21652       38940       75424       84211      -43116      -43197       32155           0
           0       30961      -40844      -51154        9185     -104354      -35064      -38244       68401       35949      -86472       32265       40406        3629      -34788           0
           0      -19936      -33292       15529       -4838      -25185       75554       20572       14144      -41150      -40904       -8751       64002      -59600      -43611           0
           0       68720      -17158        8621       27735       24071        3098       -5353       56468      -12653       29731       -3777       51932       63873       51128           0
           0       39483      -26370       33774       74209       26490      -35725      -18029       31028        3468        -327      -31645       30276      -11772      -28627           0
           0       33316      -59550      -21901      -14277       26036      -12985       17023      -13865      -77221      -69584      -19263       -2924       83297       39933           0
           0       19364      -10233         -10     -107532      -16170       10281      -66913      -21679       37476      -30438      -25421       43674      -26968      -22732           0
           0       86196      -96895       72048      -17406       18622       12055       54049      -15667       15341      -51667      -42659      -17948      -61727       18817           0
           0      -62969       31212       97560       27500      -61956      -42810       15888      -28048       47916      -93172       -1096       50029       83618       12929           0
           0         848       15941      -24950       69884       31069       10667        8243      -12208      -53265       26804        9847        1227       -1732      -25655           0
           0      -49559      -70380       13316       39864      -18474     -111851      -30877      -36287      -62873       68774     -142606       42658      -78079      -13633           0
           0      -54852       -8463      -18155       67515      -90117      -44617      131450       14731        1637       32312      -17306      -49047       45535       71565           0
           0      -13551      -28231      -89874      -13130      -16330       -1987      -51559       67334      -25236      -67852       35722       21365       13272     -111808           0
           0       -6903       46536      -33836        5222      -55269       99165      -84332     -119067       54187       64960       -1230       92578      -87022        3879           0
           0       35257      -85352       14182      -15409       53858       -4187       -2583      -56889       77111      110311       75456      -19130      -52660       15710           0
           0        2357      -67154        7090       12535     -105179      -38998      -86863       42562       52467      -50802       81327       48244        1984      -15136           0
           0      -21827      -62827       16640       12279      -40690       22745       -6699       54756      -44152      -14263      -31014       49162      -75094      -67716           0
           0       55243       36554       63176       31685       45888       42350      -33039      120009        4331       57975      -15305       69614       34523       86713           0
           0       46878      -20562       44872      111495        5817      -73268       10255       12987      -33107       18668      -21868       64833        1895      -43192           0
           0      118816      -44840      -37249      -38864        2274        6758       13610       -1934     -124264     -107413      -20566      -32640      119433       42734           0
           0       -4517        5317       -7235      -88760      -28684       -5662      -36036       18812       19658      -53801        7758       45392        6734       29783           0
           0      107045      -97430       39994       -9204       10503       22765       70971      -30256       18209      -19559      -45122         572      -31827       18511           0
