           0       10240       10242       -8268        4137       15903      -34657        9767       -7816       16213       55966      -32821         648       -4972       18411           0
           0       10066       -1823      -18935       -7795       -2623      -31768       48123      -37522      -34299      -25822      -49187        2469       -4578       29188           0
           0      -16550        8327       15506        4427       -8469      -20712       -4512      -11430        4242      -12540       12695        7978       17051       18658           0
           0       16357      -25931       17364      -14790       -3784       18172       -8198       -2105      -38436      -43425       22064       -8650        6751       28232           0
           0       -3480       32348       33913       10153      -17924      -11477       23595       -3915       27316        6773       32619      -49974       17084      -16698           0
           0       -5143       10187       16070      -24415        9012        3091      -22751       14324       -1050       -1093       12533      -14862        9574      -16798           0
           0       29393      -14380       -1170      -22968        3807      -18785      -47229       15854      -50916       36767      -10014      -29418         398       24489           0
           0       35950       36455      -23858       34639       24745       68372       -5442       20534      -35250       10319       13643      -21250       36269        1199           0
           0      -22381        1303      -15300      -44234       15808       17850       -5670      -14865      -13031      -28902       18998       -2738      -10310      -22326           0
           0       -7462      -15204      -25442       -3401      -25488       32788       -9800      -28715       -8872       33055      -24774       27793      -12751       16086           0
           0       28578      -52598        8890      -28094      -17200       -1099        1497       -7612       37577       48113      -15009      -56084      -28980         457           0
           0       17062        9134       28228       10777        9249       31218      -21697        5263       10877      -22693      -45854       21854      -16373       35023           0
           0       29191      -35012      -10795       36326       12720       16517       34209       14809         717       27433      -25532        6546       -4454      -22416           0
           0       13382      -12598      -72943       35550      -56491       24266      -16464      -48513       37355       18395        5431        1022       -8361         240           0
           0      -19768      -17936        7286      -10841       54994      -21161        -445      -48062       66955       86306      -40623       22401        5016       36965           0
           0        3172      -24393      -10873       -3342      -31531      -20891       20858      -33981      -50890      -20278      -36149       32490       33420       14806           0
           0      -16155       11122       32080       15862      -15709      -42346      -56216      -16682      -24671       -7665       31863        3847       16726      -19000           0
           0       11007      -18884       22071      -56046      -24732       30144      -21278      -46902      -39186      -63089       23332       14325         703       15458           0
           0        1281       18795        9610       -1273      -16976      -24074       30656        1064       13330       -5953       20009      -66106         261      -42295           0
           0      -16996       -8833       34579       -7946       20257       12407      -27771       24622         -15       -9299       -2310       -1971        7652      -20554           0
           0       39790       22161      -16053      -25149      -16527      -23562      -55835       26870      -89469       24894        6738      -23865        6728       18195           0
           0        7826       17680       27137       18585       31490       64471       27582       21042      -59976        8956      -26454        4828       35910      -10148           0
           0      -23959       27710       -9559      -28490      -17907         603      -24317      -14629       -6087      -34240       11360       -7572      -46154      -33464           0
           0      -42555      -14712      -25721        4670      -18666        8447      -22486      -71908        2517       42654      -11303       14405      -26408       -9793           0
           0       31677      -62990        4029      -32923       10634       -2322      -27631       17311       26322       53980      -23530      -67541      -29270       -2207           0
           0       16046       45394       16596       34970        4271       23201      -28702       21058       -3490      -79859      -29333       -4855       25327       46665           0
           0       22006      -24267      -71917       22792        -178       27516       26680       34251       16808       20601      -26686         934       19728        3139           0
           0        -400       -3668      -73511       36657      -48945       35678      -18152      -16312       49008       17968        9831      -13457      -26523      -15396           0
           0      -28974      -36049      -15070       74783      -29656        -530       24160        8727      -72151       30340       31856      -41288      135863      -32691           0
           0         651       14767       -4025       18410      -54271      -13010      -41054       44122        8190       11694      -68967       31785        5986       36148           0
           0      -31351       -4192       48455       41242       41528      -56523      -34277      -17565        5001       19215        -185      -53860      -80657      -57258           0
           0      -64398      -62910      -35726      -18877      -15165       29540      -54782      -48282       58055        9754      -24825       83486      -20135        4322           0
           0      -19011        7661       42302     -116274      -26355      -94134       62895      -68379      -19054       -5613      -16821       75937       16619       10096           0
           0      -76568       22250      -48109       36253       -5156       34481      -42807      -27721      -22324      -27334       58376      -21727      -34482       66773           0
           0      -48247       -3302      -79030      -29912      -51421      -51177       14433       92531       39557       13924      -50114       -5303      -77544       -5684           0
           0       62436       47249       18916       10465       53013      -38927        7195       18404       25327      -14632       37460      -62431       60126        6272           0
           0       37258       -3021      -29330        1988       19822       21215       76116        4610         497      -42453       65147      -66875        8367       44762           0
           0       23885        4213       26048      114808       73834       -1344      -11566       44764      -70358       68930       43767       -9242       -1190      -26044           0
           0       30642      -51191      -27220      -35017       32053      -13450      -32393       -9298       40571        2273       73198      -37895      -22279       18775           0
           0      -18915      -36702       76685      -62841        8401       20124       11448       -4810      -39846       13693        9076      -37204      -47160      -28907           0
           0       78567      -18952      -21497      -59815       -6786       24373       15762       53595        9018      -68358      -52577       23482      -28402       23556           0
           0      -42352       -2252          61      -22152      -49333       53164      -13604      -84794       -4145      -12373      -84756        3773       30354       22208           0
           0      -25568        -180      -31175      115233      -36770        9652       24479      -13742      -87318       29612       22885      -50922      122166      -35832           0
           0       19395       -8335       -8003       60703      -60417      -23814      -33922       49474        2314      -12877      -58653       42491       34907        5017           0
           0      -38259      -38015       44889       34889       22488      -43033      -25382      -20609        5174       10476      -15819      -83539      -81007      -32210           0
           0      -99173      -37247      -85670      -34635        7465       58406      -84399      -22531       11319       31956      -35971       96975       20344       14538           0
           0      -52167        6307       26342     -146267       -6219     -122775      104602      -38868      -38136       32987      -42525       58202       37036      -22289           0
           0      -78044        1595      -48112        5112      -27989       24076      -50768      -21194      -80220      -25077       74696      -22366      -24199       53723           0
           0      -48824        1722      -86521       -9690      -34062       -5917       57835       78350       70526       27906      -32701        8492      -90318       -8410           0
           0       56489       38736       30484        8099       39503      -39763       -1902       38124       28808       -9924        3982      -75467       60628       12483           0
           0       36446      -17194      -46576      -12243       16428       31984       99167      -30926       -3500      -38499       63036      -70216      -10688       54944           0
           0       85212       17996       17677      116679       64882      -13603       20833       34805      -70061       72247       50210       -7560        7941      -53968           0
           0       21315      -73417      -14703       -8133       15080       -4570       12287       -3343       53393       -3235       78183      -50656      -17597       23155           0
           0        2559      -24583       51107      -73594        1258       33830       13537       14810      -32338       37833       46584       -1894      -29603      -39185           0
           0       74433      -23235       -2755      -21249        1705       37771       -3033       48169      -18735      -75916      -63756        6514      -14714       -2198           0
           0      -21466       19028        1011      -37458      -58154       44630      -72484      -78682       19303        5325      -82115      -16446       15203       46151           0
