           0        -207       14316      -13318        1677      -43188        1503       21369      -43935      -26252        1382       40227       13821      -32951        6731           0
           0        7152      -24753      -16769       23652        -766       -6387        1453       23594       -1820      -40614       11889       38140       -3295        1389           0
           0       -2408       -2535      -19156       -7342       -7398        1113      -33130      -29032       22959      -52874        4379       13815      -28806       -6089           0
           0       25368      -11026       12086      -32423       31186      -11112       -6616       18137       20482       20992       -4247       -9445       -1510       20726           0
           0        1531       15796       -1619       13694      -24380        4242       10944      -15965       -2984       -4514      -24436       -4208       21812       -8897           0
           0        7073      -21941      -38424      -16834      -20676       15056       41579       12757      -16609       22058      -10909         456        4473      -13612           0
           0      -19210       11626       -6726       -3266      -14209       -3777       19617        8044       20523        9216      -69300      -15172      -26453      -15090           0
           0      -27786        6605      -37230       -6881      -35694      -49591       -3486       40612      -22423      -36179      -13891        6967       73106        3835           0
           0       12772       11085        1052       -2218      -42842        7890       35187      -43338      -47118       13300        3103       38979      -20534       16365           0
           0        7071        8784       14770       30748      -16260      -17829      -20449       23442       50178        8429       16759       45108      -11576      -53030           0
           0        1691      -29090       16542        4522       32020        3184      -53564      -26145      -43782      -12131       -5667       23914      -17309       -8659           0
           0        7241       46042          14       16405       27716       -5332        8004       46715      -25945       -2837      -39891      -23721        9997      -17333           0
           0       19419       43544        5914      -26783      -19604         455       11460       20090       -8217       37766      -25990       30665       -3873       20433           0
           0       20660       -5287       -5180        4664       -7112       31147      -13780      -21133       17454       -6538        3286      -35497       41325      -16878           0
           0      -70366       10291       11541       21125      -38512       -8519       48804      -23961      -46260       10974       23867      -12933      -17361       19803           0
           0        1154       18353      -19816       54826        2014        4929       35029       27055       15688      -30822       -3057       27626        1457      -19091           0
           0      -18582       17039        3637      -14927      -20800      -38847      -44357      -39496       22420      -48525       25097       11880      -49689      -28414           0
           0       25793       20469      -16608      -60508       52645      -23284       -8883        4561       37758       74096      -37403      -26666      -59479      -22248           0
           0       36557       19026      -54089       55683      -55286       -6104       14015       -3105       28604      -14637       -7626      -22563       54413       20929           0
           0       39143      -64974      -70522       -6333      -27383       24537       29193        3852       -5613       39367       31177      -10986       21061        2546           0
           0      -37113        7688       -8773      -31181       15121       26493       32994       12109        -894      -13939      -61699      -27200      -44867      -11867           0
           0      -28225      -18635      -62751       -8374      -48705      -63936       17983       69150      -25897     -117296       -8355        8334       73418        6034           0
           0        4152        7306      -13012      -60436      -44627        6758       32268      -65569       -6094       -8785        7636       19469      -22360       31340           0
           0       -7524      -43847       78831       16934       47510       -4416      -31695       51226       58741        4421       15546       51202      -12812      -64247           0
           0       31239      -18884        3544      -16661       38016      -34007      -79105       -3217      -13742       26038      -10462       52096        6211       25514           0
           0       18413       48166      -25951        3440       18671      -34466       14852       30432      -46097      -32653      -42705      -42146        4497      -23295           0
           0      -17693       66421       -2101      -42739      -12056      -32978       17626       -5031        8055      -14093      -77325       41765      -26195         665           0
           0       42050       11669      -18341       -8920      -20898       88809       -7108         384       -5068       23535         301        5062       35015      -46673           0
           0       -5303        4657      -33331      -41733       15210        4498       45406      -32689       19157       31995      -14055       30024       46291      -27608           0
           0      -25869      -16924       28148       34233       -1278       15952       52722      -43739      -20827       15287      -23163       -2655       40321       16041           0
           0      -18095       16204       -4670       24807       11984      -16736       -2617       17409       29366        1306        7269       15413      -37573       31686           0
           0        4343        8582         932       33938       28258       -9050        7441       -4493      -55655        -489       16201       25028        5049      -26818           0
           0        2546        9623       12477      -15361        8233       22862        3494        6109      -13765       -2256      -16531        2884        2500      -34112           0
           0       33079        2364       24515      -42937      -20673        4795      -25112        1471        8835       35009       -4279      -30530       49568      -24018           0
           0       -2436       13300       32084      -32608        4086       -6928       10349      -29563       25179        3698       23460      -10989      -20392      -22285           0
           0         429       48042       -3090       -1368        8989      -14867      -19946       -9262      -18486       -4706       -1605      -27126        6998       33205           0
           0       32177        5385         381      -18994       44895      -14381       28367        9012       27587      -17423       15360        9736       -3535       39206           0
           0       -7139        2127        8402      -24157      -27812      -15103       40152      -11546       -4557       -2497       54605       11213        7976       17100           0
           0       24062       -4725       33266       15737       21168       -3932       26170       -3119       18205       25487      -28787      -18384       -2397       17250           0
           0      -14937        -588       11432      -27039       14128        7191      -40251      -12631        1190        3529       -2323       -3203      -19275      -32643           0
           0      -20886       22100        8086      -16823      -10081      -12450      -13156       13140        8440       -1728        5166      -19030        9876       31758           0
           0         668       27605      -19375       16645      -28276        4294        3125         965      -17805       26151       13906      -37113      -18145      -43554           0
           0      -54565      -65756      -32601      -35869       38726       27864       27945      -49586       51632       -3612      -30078       55820       51757      -38580           0
           0      -62299      -50768       19331       53814       25616       -4433       36693       -7539      -18118       17928      -13981      -23023       13321       28734           0
           0      -24032       40210      -15427       40407       33263        1581      -10991       50723       16266       21761      -16706       40090      -65706       41873           0
           0      -15904       49118       17031       20788       -2395       11202      -18751        3746     -107604       19491       15622        8669      -17317      -68398           0
           0       -6466        4708       -1851      -18542        2942        8432       -2874       -3030        -700       -6635      -13535       13704      -33740      -13206           0
           0       36902      -22971        9723      -88175       -7590       -7807      -10626      -14463      -13083        2355        6460       -4500       68823      -55954           0
           0      -13633       51637       12742      -43254       19930       -5157       54368      -83343       41570       19105       19078      -14226      -48678      -16658           0
           0      -14801       15469        4641      -15198       -3058      -18490      -48293         825      -28711      -13802      -14249      -14759       29013       27745           0
           0       38580       25457       -4722      -46327       49555       25762       23744       49576       -6358      -11702       22371       47875      -12118       31189           0
           0      -25289       -1292       -6939      -29981      -32441       22303       13079      -17472      -44372       34939       17279        7466       42425       48476           0
           0       -4245        2651       41405        3064       25356       14631       47701       -2813       14902       18069      -26768       33599       -2636        5832           0
           0      -53758       -6957       -9301      -35976       79234       15198      -12232       14467      -20835      -11839       17771      -13357      -40536      -12406           0
           0      -16446       37818       -5818      -16315       -1470      -52174       13987       31905       18894       43524      -19177      -35018      -14607       48680           0
           0      -19777       29067      -25543       21884      -56593       10136        4989      -10565      -30744       28281       34845      -76807       16724      -36204           0
