           0      -18645       27242       18238      -19593      -12047       34747        1859       -6978       14308       15865        4015       -3732      -37282      -43967           0
           0      -12779        9865       -4074       10658       20141        1242      -12126       -2559        2865      -85970       19733       34441       15451       28133           0
           0       32031       -4815      -29716      -61678       24958       44959       -5753      -32689      -22290      -50765       17515        9036      -19205      -11954           0
           0      -22594       25360      -35678       11742       12245        8847       22408       32471       17355       -3151        8158      -33900      -48808        4983           0
           0       10802      -14997       18186       -5512       24766        4457      -37324       16506       -5646        6509        7861       28505       30402       -8059           0
           0       33692        4965      -54667       12075      -20679      -29700      -64962       -3300      -20561      -22646        9518       -1299       14584       15006           0
           0      -40212        8620      -21869      -44539       -5833       47650       34260        1500       38213      -38859        1081       40280       21478       20526           0
           0       -2194       14059       26490       -9176       24470        9423      -52408      -20761       -9169         763      -52606       27762       10498       10008           0
           0       31625      -40697      -48772       54568      -13032        9774       15191       21716      -14245       18676        5714       29909      -33115      -50421           0
           0       -5993       13875      -20896       48227       25304      -53081      -14048       25555        9742      -14046      -15880        7932       -4659      -17485           0
           0       29165       21305      -10263        9646        7602       16771        8871       40231       13822        5189      -10304       13103       -5545        9581           0
           0       14416      -17580      -10380       18723       -9587      -28411      -40739      -17094      -14096      -15133      -11319       26349        2125       14065           0
           0      -11959       15994      -25620       15879        2385       22386       -1885       -4357      -32617       42536        2092        8900       64227       -9525           0
           0      -26923        7490        6373      -16327        2832       11197      -12366       13633       19053       -7906       -6013       23666        7645       19799           0
           0      -40443       69095       -8258       -3828      -12761       54394       31135      -15518      -14277       13269       -1095       15864      -21643      -44546           0
           0      -50900       -8760       17366      -11413       35259       -3556      -28093       12099       -9266      -81558      -14288       86319        8468       19244           0
           0       18806      -40215      -25078      -56028       42815       31994       11892      -44545      -44967      -17042       33947       -2510      -36041       16901           0
           0      -32128       31733      -47218       37492       34450       15570       30568       58454        1133      -18701      -56117      -47391       11243       10888           0
           0        -423      -27363      -13534      -13126       23778      -16898      -45355       -3128      -59793        9882      -16512       23608       -1237      -17233           0
           0        1962        9969      -43050      -17517      -17801      -28772      -60590       13339       -2421      -37701       -8044         819      -27903       13825           0
           0       -6023      -15409      -18865      -24887        1681       22705       37562        3284       23610      -25467       19675       38133       20977       28375           0
           0       35403       26188       50776       47435        7054       24739      -38573       14169        5699      -15351      -58229       16621         409       -1683           0
           0       -1947      -28307      -53610       54911      -16802       32084       18189       37584      -47976       -5148      -17481       25285        -474      -50658           0
           0      -25691      -16647      -28825       42861        -747      -42459      -18232       43027        3115       -1341      -21650       31297      -17933      -35637           0
           0       43784        8943       12473       15080       -4404       73941       25172       68089        3968        -898      -22866        4484       12101       19972           0
           0       35764      -27041       15572       27243       11978      -23450      -50047      -49723         269       -2762      -10230       15372       20205       15732           0
           0        6628       33768      -58222        5565      -21499       33744       19500       20065      -45410       17233       -1389       54651       69743       -5132           0
           0      -43932        4454      -11145      -36001        9395       31782      -28990        3514       18794       16625       -9806       40386       49936       16551           0
           0      -36092        3179      -13391        4567      -20722      -29219       15655      -28439        5153       12093       15178      -32244       -7128       42105           0
           0       29074         300      -13448       15824       15388       -7448        5192      -19734        7782        1419      -15338      -16542      -20495       -6764           0
           0       13043       15817       -5696      -25644      -36736        2971       -4515      -20313       16338       17414        3528       16797        2075       -7490           0
           0      -35027       -2293      -11512        6585        -464      -27168      -11211      -18484       -8154        3503       39866      -31693       -6058       20281           0
           0       17179      -35908       -8109       25609       26817        1333      -44198       20627        6915       32246       -5356      -23665       -1398        -830           0
           0        6993       -9539      -22550        -374       -1909       -5322      -11173       21619       -3080        7431       12917      -22505       -8995       15156           0
           0       31770       22484      -30187       -7611      -21755        7986       35242       -1314        5066      -15180      -31191       24342        3817      -30601           0
           0       16458        7477        2052       46744       15829       -8582        -402      -33292      -18567       -4456      -29465      -19204      -14504      -11563           0
           0      -12475        8196       -6632       15950       18362      -24018      -33713       -2149        4432      -29244         691      -19107       38786       26343           0
           0      -12518      -36337      -21242       24225       -1612       16938       14280       51101       -5908      -31841       41488       -9864       33550       19955           0
           0      -34930      -12551        8268      -61308       11965       43926       25062      -10361      -22972       10102      -21805       -8836      -26911       22711           0
           0       30035        6100       21772        8117       15366       12628         857      -33607      -14212      -15634      -11855      -27553      -13836       10246           0
           0      -10524       44942       15799       -4690      -12328      -15219      -46335       10075       19239       11399      -31016       -2654      -26954      -19535           0
           0       20831        5881        5520      -27182      -11576       49199       51246       -5616        3180       22903       -9872        3714       55483         280           0
           0      -30818      -16476      -21092      -21139      -11481      -15237       -5614      -43591       -1004       -1185       17643      -11535         332       36913           0
           0        4957      -32020       -4877       -5566       44454        7661       21108      -62763       28915      -19791      -32126      -16309      -18519      -11624           0
           0        2493      -35680       19598        9531      -57880        5225       22677       -3652       24716       17464        2919       24965         198       10934           0
           0      -30645      -23007        2563      -39687       -3893      -41107       10881      -29505       10267      -27327       81571      -55405      -25565       52573           0
           0       34160      -53352      -19987       71893       62340        7054      -41299       23696        8327       60669      -20180      -21517       -4639       23072           0
           0       -9079       -5769       -5143      -15646      -17073      -23297      -22042       60068       59047       45241       -4360      -14341        3636       17161           0
           0       33650       31803      -57549      -11952      -30261        4133       43507        6992        1838      -56264      -63781       43245       27545      -48020           0
           0       -3760       11963       -2111       45689      -34316       11753      -33546      -44481      -21137       12484      -30721      -15617       -8479      -18143           0
           0       -9909       10404       27018       22857         -78      -30686      -20108       14454        1553      -32700         152      -40649       26405       24288           0
           0       -9213      -14282      -32618        6205       30779       -4960        -398       51461         432      -48478       36132       -8471       55904       18920           0
           0      -32234        2914        3245      -77872       47542       40203       28963      -48565       -1750       29969      -13278       -4972      -90203      -21029           0
           0       27260       55265       30330        4027      -16749      -19439       33988      -50619       21790      -35120       18242      -48734      -11582       38777           0
           0       -9848       23766       37245       -7811       -4515       19953      -40387      -11910       29077       13454      -16091       -2319      -33101      -16717           0
           0      -10030       11234        6913      -31911       -1074       59599       28584      -21326       -4527        6667      -18352       20623      106622      -38083           0
