           0        7837      -14243       -7496       -3365        6548      -20545       27395       19526       14758       15199       28187        6003      -35321       -3708           0
           0      -24201       23955        3307      -25915      -12235      -19984       33224      -51048      -22652      -12005       25840       34250      -30903        6184           0
           0       37516       -2218      -13423       -8015       -6871       22469        1760      -15426         937      -23836       17945      -19349       23646       43293           0
           0       25871      -22093        6132       10502       -4626      -37130       12488      -40638       -3117       31750      -28957      -46099        8330      -16710           0
           0       -3440       -2625       -5587      -27029       26181       10921        2411       25224      -34891       -8240      -23498      -13880       -4256       15808           0
           0       66207       15400         578       10701       -4008      -47462       -9211      -10608       35754       13773      -68655      -23662       67120       -5998           0
           0       15525       13276       14669       35276       -7489       12844      -14116       57676       25514      -24485      -22623        4641       21591      -28207           0
           0      -10213       34392        5076      -19304        -121       29198      -30203        3552        8145       17188       -2678          63       -8431      -17498           0
           0      -28545       14750      -42613       12875       22633       20335      -21814       48074      -21544      -51304      -10427       26960       10367      -27388           0
           0       26349       22252       20063       11475       22981        2316       33972       50537      -51190        7372       -2620       -2725       -2824      -43762           0
           0      -18172       12747      -58194        3048        9231      -74680       10700        4938        7907      -22252       28866       47458       40327        7907           0
           0       30440       25159       12559       11680       13470        5125       -2211       10766      -47192        -671       15026      -51484       10465       21477           0
           0       -2504       35530        4987       13796       13517        -421       13145      -22260      -18392        4182       13069       -3372       -5749       -9962           0
           0      -20710        1240      -26128      -17373       19668      -21136      -11029      -29703       -1098       28164       11531       54058       20986       27128           0
           0       36557       -7421        3858       19167        4241      -14606       42397       63118       45998       14081       12437       12810      -27740       -1990           0
           0      -39086      -12963      -30206        2588        1215      -31254       -8409      -41365      -15706      -22325       51053       51559      -41850      -21113           0
           0       30089       -5878      -10016        9187       -9780       41476       -9624      -33983      -15922      -47584      -35298      -37339       75874       66977           0
           0       15517      -31652       23479       14393      -39294       -2795        1974      -29560      -12017       21700      -25475      -24233        5070      -20535           0
           0      -24816       -1265        -956        7919        5502      -20120      -50001        3826      -42091      -42561      -54980       25726      -12546       44269           0
           0       79225       -5039      -14121       17943      -12195      -39679       15620        4953       12297      -10835     -102480      -40625       71123      -14892           0
           0       37616       34199         500       20650        5763        1300       -2581       20928        1470      -45482      -39334        3555       18442      -36909           0
           0      -49287       49253      -14447       18316      -16628       63317      -13133       13991       23261      -12572      -28692      -60024        4483      -19014           0
           0      -55660       -5202      -35048       54167       10119       29523      -59908       74550        9131      -66073      -40559       28258       34840      -25574           0
           0       26153       39423       77154       22593       43118       19602       52923       62474      -46073       26869        1219      -14058      -12644      -47101           0
           0       13966       -3741      -33202       33981       57256     -109056       22655        2301      -12339      -73755       19926       32778       30619        3726           0
           0       28916       22562       -5986       24917       14153      -19370      -18505      -26493      -62251       -9491       41749      -62251        8202       22624           0
           0      -11130       51029      -25534       64711       44657        8256       57531       10106      -28778       15797        5666       28119      -16116       35379           0
           0      -67903      -15952       -8746      -33701       54938      -25715         759       14780       36075       17807       -3814       48886       64944        -414           0
           0        7900       34300       39164     -113666        2083      -65892     -143289       35720       46219       44250       23702       49811      -16577       41493           0
           0      -28984       -1281       37764      -32421      -32391       69883       29487        9649      -66152       15963      -84498       54751      -50060       -4296           0
           0       31214      -48760       21732        -146       -6367       42851       -5041      -41780       -5471       -4292      -28214      -42365       30992       38627           0
           0       50370       49127       -1518      -59754      -21589       -1996      -31975       14190      -60247         993        5034        8217       18527       -1198           0
           0      -44752       29634       -6475      -70713       13546      -16369       48667        4536      -55211      -87902       13072      -38621       62300      -17863           0
           0       15579     -124591       81610       84531      -23835      -34799        3936      -55703      119121       -4298      -49282      -26261       17123      -12526           0
           0       52265      -19620       37699      -13428      -91550      -13105      -21380      108556       -8549        4517       -1821      -57361       37303        7908           0
           0       25284        5376       25132       37569        8363      -27798      -52912       10854      -22259       64885       -4753       58606      -68152      -64915           0
           0      -35880       25271      -65858       10947      -38809        8974      -24193       56725      -40683       10362      -26532       38248      -42758      -24868           0
           0       41864      -39748      -22149      -27281       10762      -32729       38370      -11961      -18843      -41959     -130681       41740       29325       35460           0
           0      -30436      -25935       26494       18340       27202      -73793        6748      -54272        9530       79286     -100075       44810       25289        -816           0
           0      -42776       -7018      -21949      -71420      125394       35334      117816       -3952       40350      -11983       27703       25328       45217        4947           0
           0      -46537       40027      -11726      -85602        2502       14121      -81187        4239      -91257       -7003       65059       -5428        7903        4521           0
           0      -49674      -24166      -54647       44795      -16596      -53657      -11131       -8470       -2600       43133       53858       78929      -69335       62864           0
           0       29191       45256       35289     -127827       -6962      -69446     -136897       45826       41956       46048       31935       80874      -23649       24981           0
           0       -6289      -27582       66918      -11256      -28751       96724       47480      -16346      -99108       28004      -91995       52662       -5717       14580           0
           0       74470      -47811       17026      -18523      -29185       31595      -31720      -54099      -20234        -683      -11965         788       28423       57989           0
           0       -4478       37961      -26682      -69782       -2528       29765      -33164       13734     -116029      -16799      -36291       -2363       18006        7746           0
           0      -37110       -5439       -7608      -67845      -28004      -46017       36392       18748      -24457      -77398        9532      -40234       57563      -15308           0
           0       -9443      -65458       63231       96421      -35418      -37507        5880      -67745      146134       -5354      -28079      -13355       28459      -31443           0
           0       46792      -37436       39709       -9452     -103706       -3917      -44188      124233       -2468      -51974        8523      -69306       47285       -8844           0
           0       48329      -14269       16887       29297       34610        4349      -37169      -11177      -54607       58933      -10011       77523      -59273      -75961           0
           0      -14592       53861      -60446       11021      -22027       43544      -58854       60005      -88210       59889        2037       57220       -8806      -45071           0
           0       68897      -31784      -55721      -12852       49753      -65041       56396       18186      -23104      -45921     -186588       48208       -9553       41106           0
           0      -24786        8769       28213       12092       42279      -32805       25413      -56641       54700       83041     -102450       34397      -27396      -56228           0
           0       -1927       29279       15131      -82822      101975       40049       94002      -12350       39360        7048       33428       50391       24416      -20665           0
           0      -62411       21475       -2826      -96223      -47718       44751      -80935      -19632      -79194       24509       28829       20227        4649       30873           0
           0      -71282      -58344      -70300       46795       -7819      -42828      -25247        4712       37871       75002       69792       67757      -89152       43631           0
