           0        8390      -17065      -25122       33098      -14246       24367      -13164       32490      -26519       23291       48218       15160        2178        2966           0
           0       17635       20220       48347       51928       47626      -14225        -273       15575      -28300        3726        4608       13548        5694       12366           0
           0       -7306      -28668        5855       17264       10555        9767       17233       50335       26579       12079      -71097       36163       -5353      -20000           0
           0       16903      -20130       -6400        7533      -12217       -2954       14091       -1201       35350      -16276      -29430       30191      -70307       -5046           0
           0        7908       18099      -11703       -6204        5674       13034      -34262      -32387         239       34744        -894       -8812      -19008      -28955           0
           0       26621        3849      -16314       21571       43848      -12018      -45704      -21083        3895       -6870       30868      -11652      -34093       -8726           0
           0      -14312      -16188       -7250      -30087       54872        5744       -6070      -10214      -22266       23944       21210       25430       25728       21540           0
           0      -25035       -2009       15227       15769       -4542       17705      -15155        9635        1100       25603         341       13403       -2155      -19093           0
           0       -3774      -49856       20777      -26468      -20737        -706        5155       10062       16009       21292      -20412       19196       -1321        -686           0
           0       32502      -18116        -315        2294       49509       21120       71719       -7959       -3469       20559        5468       -7706       -1894       28065           0
           0       -4760       -1716       35284       -5924      -26826       34364       12088       42192       -3480        4229      -26217       -1915       26768       13178           0
           0       13266      -12400        8073      -27511      -14172      -31181      -17276         249        7213       46584        -886       85326      -58659       26872           0
           0       11762       -3262       17716       -4918       61646      -29891      -15311      -10886       25633      -14336      -24342       -9461      -14095       -8066           0
           0       -3942       23096         655       11957        -214      -18526       19508       -4858      -52374       -9816      -15358        -630      -44712      -15055           0
           0      -21870       35257       -9067       71863       35370       47994      -32735       41979      -57072       -3068       31390       -1290       -2584       50559           0
           0       37165        2258       36130       37227       71743        -874      -25286       19909        2012      -19154        4644       18990      -18565      -12317           0
           0        8805        4229       -5043       44819       -3896      -27870        2389        9927       46416       26141     -123367       64493       15812      -46027           0
           0       11698       17242       42247        8837       31235      -18676       32933       31562       21542        2897      -22936      -16976      -92628       11145           0
           0       -5908       10791       -6715       -7095       -1217       18036      -58253      -12822      -13451      117818      -19623      -25524        -404        1439           0
           0       51460      -27687         877       52800       40964      -12461      -61079      -45368      -19798      -62276       17333      -10797      -41582        -962           0
           0      -44280       -6894       -7917       -1107       94447       33241       16564      -15695       -3909      -10588        2710       65519      -17744      -20749           0
           0      -30828       54787      -34680       34163        -494      -17006      -47043      -30014       -5275       28438      -68542      -14288       10017      -26779           0
           0      -39462      -39470       -2901      -69567       -8557      -52980        8246       29215       -2884       48897      -21778      -11398      -30080        6539           0
           0       33188       -4248       -2781       27159       44953        8563       81422       25595      -20467       54307        9920        1574      -24407       12332           0
           0       29884       58373       47706      -10134      -47001       28196       31220       49100       30781       15346      -33683       17614       44045       26615           0
           0        3695      -40035        3557      -64360       -6941      -90274         234        7851        1330       24579      -18801       63105     -115532       59142           0
           0       44655      -41367        -497       -4609       79050      -26809       -3452       15320        1318       -9957      -26749       15630      -54558       20222           0
           0       -5687       56823      -13390       28928       35371      -12992       11541       -5297         -63      -38640      -10279       32953      -63146      -13231           0
           0       33316       34274      -18793      -35414      -62061      -49063      -24289      122318       28133      -34971       45549       16531      -56950       21315           0
           0       40915      -45870       27542     -109271       -3794       -2087        5708       40698      -15802       33875       84354       -2639      -36929       26382           0
           0       60908        9829       38022      -10920        2583       61868        1848       55407      -34688       36091        2136        8515       46698      -25548           0
           0       73023       50710       -5318      -32881       -1414      -45484       32499      -43608       11329      -73133      -36118        3596      -50595     -106543           0
           0        9132      -14992       32991       -6018      -21237       67874      -10874       43024       -6875      -65165       30563       18817        4916       51471           0
           0      -33562       52012       47499       34326      -36036      -41651        4923       11012       82244      -21749       50011      -68724      -49672      -24053           0
           0      -52776      -17165       82332       57538        -386       25131      -24212       45151       49837       17412       11449       83077       44516       33576           0
           0      -29722      -42213      -48827      -99526       46402      -85458      -45560       35173        5318         605       57770      -65826       69355      -69303           0
           0        9371      -29819       33999       55262       71036       -7637      -29652       35146       13257      -13124        7187      -54432       -1290       25448           0
           0       34463       35607      -15533        1320      -41726        3780       47638       47436      -17904       46676       -6154       32468      -59862      -27620           0
           0       49945      -82568      -51599       -4614      -19184      -20160      -53681      -47284       23049       27950       -2170       99553      -20298       47660           0
           0       46495      -38457      -65068      -31848      -46812        -415      -26896       78889      -27019      -61223      -11040      -54821       -4856       12361           0
           0      -22703         961      -14487      -31172      115692      -33536       -9284        1910       42458       77206      -34963        1932       18343       52045           0
           0      -56656        5415        9394      -43522       10320       15328      -15371       -6180      -28389        8908       -1108      -70094       35726       57018           0
           0       31620       24324         -96      -21550     -103692       -8595      -17320      119465       21829      -53160       91741       48136      -48591        5615           0
           0       30429      -47628       32403     -124429      -28329      -21392       31388       32025        -964       48995       90576       -9690      -52407       72754           0
           0       52977        8244       43860      -55100        2758      100017      -23889       48722      -53670       54620       -4955         873       37294      -33633           0
           0       46440       57877      -28922      -52873      -28240      -28025       47654      -23405       -5838     -123698      -41832      -11533      -47762     -123322           0
           0       27059      -88333       78777      -33683       20885       60871      -49515       27610       32252      -72623      -44098        9706       -1015       92045           0
           0      -38399       91050       54748       52557        2265      -64965       29654      -34689       46387        2828       71502      -64437      -81289       -8337           0
           0      -56732       11533       61439       13952       24087       13304       -1635       60641       83911       20339       -2881       97467       52975       39063           0
           0      -26324      -79939      -63917      -87308       48379     -138017      -49306       13038       15339      -49620       61883      -27065      101924      -82122           0
           0       26874      -36929       13644       64875      135984       33375      -11696       42180       -4161      -28328       22754      -33040       32131       31711           0
           0       60139        6666        -797        2588      -13342      -42270       47079       56375      -30891       65790       45787       -8273      -36277        -208           0
           0       75999      -76114       -7777      -22846      -32744        7892      -20391      -40080       15949       21872      -41074       78873      -54687       44233           0
           0       53631      -32662      -79923       -4947      -28744      -31339      -10746       49290      -21881      -76159      -28899      -39612        5368       -1857           0
           0      -65425      -28010        5107      -32266      116466     -112220      -10828       29877       18116       99280      -38328       -1887       20076       23519           0
           0      -52044       50815       12767      -36357       -8527       19134      -33845       13627      -41088       35277       17086     -100721       30260       66742           0
