           0        5806       12822       -1938      -44150      -27265      -23966       14160      -11022        3777       29234       18198      -10813      -41962        1819           0
           0       25072       15538       49960       44521        5626      -21384       21844        3251      -12681      -26857      -23768       31006      -18432       -7613           0
           0       -9759        8207       51459      -15822      -83763       15253       -7390      -53210      -29415       42055      -28972        4261       15942       -6327           0
           0       42358       30359       19167       61673       -6800       -8548       26655       28021        9775        6166      -15486       10467      -29545       27057           0
           0       13369       25284        5808      -13985       57349        5845       12830        8859        8861        7831         952       29388      -25328        6711           0
           0      -26625      -25878      -16981      -68642      -18189       -7777      -53652        6029      -14832       22487       22735      -18802      -33929       10385           0
           0      -30768      -54877       22518        1055       17401      -11390       -5572       -8638      -29753      -13589      -27888       26174       18122       -3541           0
           0      -10835       10410       35456      -19222      -15875      -21979       27695       20679      -46363         694       23628       23363       21040       -1158           0
           0        -244      -19599       44349       32972       -9472      -22609       43825      -26343       -2044      -20890      -44898      -45173      -34588      -21202           0
           0      -41703      -14068       11138      -31812       19287       34723      -14079      -18997      -19880      -10074      -15291       26978       13283       18574           0
           0        2077       -5874       26106      -44127       23664      -38641       -3756        5784       -5586      -19530       -1734       -5253      -41486       40812           0
           0       58956       15552       21191       16365       16397       15648       37761        2636       18561      -25590      -13718        5568       15995       30321           0
           0       -1823      -44284        9252       -3200       16055      -16319        8699         817      -48291       44295       20534          -7        3214       -6573           0
           0       27930      -33753       24698      -12366      -41773      -35677       28177        2831       -4625      -22304       33531       18531       17027       14703           0
           0       -5122       -3036      -15071       -6629      -29708      -15421       32027       -9596      -13819        8604       22008      -16343      -28985       -7602           0
           0        1739       35162       69317       90658       14161      -67386       51891       11002       -4874       13656        9225       64049       12014       13302           0
           0        4042       23246       21140      -15192      -56777      -42203       18969      -56391      -68355       35772      -48191       33914       32324      -27898           0
           0       71317       44638        4026       25470      -39813        9304       53473        8942       20085        6298      -32171      -54877      -28380       28570           0
           0       42871       -2394       -5547       20457       17811        8859       14534       34852       25127      -39522       -2804       89126        8714      -12143           0
           0        4117      -38113      -26749      -56256      -37914      -24476      -48370       -3586      -16752       31466       -4977      -47689      -15430       22231           0
           0       24770      -53601      -20048       10496        9973      -14628        9874      -33147      -86854        5201      -27400       18141        4027       13389           0
           0      -84608      -33557       22464      -34829       21389      -20438       43546        7104      -28854      -15101       18043       61241       24209        5145           0
           0        7294      -34990       42837       40477       29639      -45419       11968      -14507       22567      -11312      -46910      -38115      -48505       17019           0
           0      -16736      -12526       30722      -16118      100788       33971      -16985      -32205         -17      -23891        1382       53098        1911       18659           0
           0        8797      -36063       43623      -56823       28447      -56677      -15708      -55310       22057       -3455       13962      -14110      -65781       40112           0
           0       83145       -5500       10255        8951        5145       -2915       23528      -46759      -16164      -70397      -49138       43275       32098       74004           0
           0       20578      -27491       49272      -55724       31442      -34236       18436       -1451      -60045       86555       43029       18354       13489       34073           0
           0        -190      -61721       42652       -3132      -20705      -28730       64228       43307       13436      -53165       34161      -16674       18290       17205           0
           0      -82676       72815       30777       -9848      -33947       76140       17952      -31521      -24360       31826      -17853        9504        9987      -43477           0
           0      -62363         368       53688       -4410      -40271       -2542      -32433       19095      -15320      -82729      -26704       72188       48208      -23919           0
           0        8799      -36679      -45604      -64892       52511       45419        3908      -34566      -67053      -37591      -19985        5122      -80783       21235           0
           0      -34181       13047      -18013       68888       20558       49725       45388       36035      -58589      -13721      -14930      -28792       18963        4352           0
           0       -9868       15434      -38959      -21194       -9934      -21863      -64956      -20280      -49934      -12815      -38588       48824       45664      -48732           0
           0      -16294       17405      -55096      -29531      -33384      -40636      -90332        1799      -35767      -31236       45880       27593      -23262       48454           0
           0       43892      -14179      -18339      -30581      -20655       61287       66701       30601       50734      -31554       39759       35011       16586       31862           0
           0       82698       78493       24386       19859        -453       -2070     -102034       41631      -31359       25057      -22756       18231      -14764      -61330           0
           0       37000        8869      -20401       72455      -13618       63212         102       56738      -44254        -350        9340       16508       20326      -42456           0
           0      -20523      -15784      -24265       39033       -8147      -34070      -36484       67869      -23106       -4034      -19842       49686      -62377      -35359           0
           0       45659       -1110       17961       12539       57648       89820      -14857       41808        1572      -20998      -53558      -10392       -9755       23017           0
           0       68634      -46852       16897       13910       11305      -60120      -75027       12641      -10414          65      -46464       -7631       65697       22366           0
           0        4986       30850      -57353       24767      -36212       47536       32856       60374      -21113       27123        2397       73793       35059      -12864           0
           0      -16080       16818       19729      -49826       -9892        5672      -62700       50837      -20543       14397      -31568      -22735       36690         209           0
           0     -149669      101305       21074       14982       -6333      117264       27456      -25486      -34029       65641      -19740      -31776       24943      -29464           0
           0      -69199      -11584       67126      -28513      -43736      -12291      -26638       19278       20518      -94015      -36195      102150       62485      -46655           0
           0       -4851        2390      -25509      -22494       32075       72782       24764       26793      -65184      -50045      -10020      -11264     -135149       26787           0
           0      -23696       12260      -17895       98774       41357       80567       24608       40031      -13122       -8370      -36655      -19017       37278        1035           0
           0      -25990       20181      -52069      -16435      -56339       25728      -30214       28694      -68012      -61655       -3165       48290       47136      -43330           0
           0      -20916       30017       -4669      -50519      -86622      -81937     -149588      -13335      -14190      -44019       54915       61205        9573       13706           0
           0       31972      -10939      -22106      -69267      -24118       92205       64439       53772       29835      -20834       46217       39121       -5153       49819           0
           0       67196       60446       39721       59437       -9559       23737     -121787       76706      -38572       21155      -39252       54023        8079      -33524           0
           0       44382       38114       11490       57393      -16152       96573       11396       82517      -67499       20244       21579       10262        5115      -20651           0
           0       -4685        9680      -17834        8725      -18089      -36684      -61524      107097      -11270       13122      -19005       72769      -79217      -59745           0
           0       40978       55693       37640       18005       65075       75380       43743       55533       33761      -38232      -66457      -13857        2061       35571           0
           0      132094      -50906       40427       -6533      -12701      -51218      -50384      -10771       -7278       21773      -25328         551       72228        5487           0
           0      -16043       44901      -91018       11558      -35517       38814       27307       39005       -5376       25265       23904       85249       -3361      -12183           0
           0      -17928      -11492       26483      -33569      -10886       -2848     -106076       30649       -9864       59405      -34396      -85544       62652       20178           0
