           0       -1253      -23254       10591       13854       -6765        2984       -4555       29984       -8022       51606       58018       17190       -7007       22182           0
           0       26282        5224      -37147        -282       57905       30097       -7818       32088      -52182        6686       13813      -49036       -8641      -18160           0
           0       25974      -26051        4272         282        2393       -8474      -29301      -13438       20115       29933        -839      -18891       11185       -4547           0
           0       20078       31127      -28295       34127         199       -7638       42616       14847      -15373       68197        1430       -6814       19540        8059           0
           0       -9128       13105       14200       -4842       -9848      -10414       -2042      -29792       -7763        7983      -20225       16165       -1223       13538           0
           0       10193       -4775       -1071       15063       11534       -3300      -17748        2108       10670       -5514       -9629       26619        5368       11202           0
           0       36599       35547       -1784       -7903      -37634       42611      -10556      -32759       49349       -1656      -10281       -5954      -40951        1416           0
           0      -17012      -12648       -5441       -3221      -28599      -20302       30359      -27135       11694        8655       -6266        5383      -45014       60431           0
           0       -4434      -24470       23188        6904      -19098       39590       -8412       19485       20121       -9593      -11693        6507       -5561       18834           0
           0      -20474      -35122       -6560       16660        4671      -30578       23373      -14363      -26560       29865       12319      -11612      -23138       31304           0
           0      -38746       15178        8436        7967       27378      -38719       11094      -13774        2182      -30341       21975        4853      -21895      -18887           0
           0      -16284      -21819      -33275       -4885      -20107       -1269        2238       21214      -29204       16581       -4830       23598         991       29502           0
           0        4197        8055       22639       -5777        6462      -18001       37558       15191        3799      -14950       25527      -14804      -23577         435           0
           0       14544      -48891      -29867        -126       -9681      -25323       -2110       24271      -24886       -2162       12139       11040       -2481      -20429           0
           0      -17228      -22239        7474      -14057      -32691      -43487        -368       13927      -20222       22220       42552       11010       31348       51616           0
           0       30911        6468      -24647       18667       65654        4649       28955       25417      -67708       12832      -17634      -42798       -9600       15322           0
           0       15000      -45876      -10763      -19222        9108      -21061      -11797       13518       12875       19271       39133      -14779       -3286       -4911           0
           0        4697       20043       -9287       50660       16597      -67720       25043       17996      -20470       98964        6917      -26011       37071       28889           0
           0       17505       24202      -25255       -2473        7410       -6347       -6365      -43740         362       11348      -13938       74981       16010      -23719           0
           0        8973      -27895       -3113       44624       -4857      -34789      -50988       11593      -15704       60055      -28659       32537        2058        1412           0
           0       34021       38165      -62221      -24943      -46815       56838      -54296      -39995       25242        7680      -23257      -11957     -103446       16386           0
           0       18491        3314       -4650       22143      -67920       -2366       18995      -37185       20107       35087      -19748        8638      -31224      103385           0
           0       45019       -2598       31831       17997      -39964       49304       -6301       24063       16196       15786       -8961        8861       -7670       43186           0
           0      -48236      -54247      -34542        6651       14750      -12957       24077        5415      -21879       71953      -30295       -3473       36173       36020           0
           0      -43862      -28867       18721       13685       -1557      -44164       37759       -8759      -22188      -14587       16457        5392      -49202       -8238           0
           0      -14896      -26719        6685        4873      -27694        1007       14007       26456      -34109      -11372      -29631        1505       -8412       51738           0
           0       10246       -9290       19370        2392       -1717       11004       33125       18119       -4295      -63071       27276      -60893      -30670       -5840           0
           0       37129      -40407      -20813       13980       -3816      -15268       20004       34468      -35911       -3913       43300      -29015      -22693      -23395           0
           0       27433     -120883         307       28336        4759      -42688       28280       22176      -19176       43313       10221      -24965      -26625      -23084           0
           0      -44468      -52204      -37146       18177      -68480      -18460      -49267      -25389       62810       -9832       35343       38642      -40554          80           0
           0        5866       -4986       22444        7433       19829       30305       52307       17771       12807       12910      -68628      -76231       64550       64799           0
           0       18427        5164      -36823       27989      -39668       22510       28171      -49620       22858      -21890       95543      -35710      -21898      -74501           0
           0       21823        3419       -2354      -18493         -92      -22182       32110       17161       42457       -3288       35974      -10632       35186       -9717           0
           0       36347      -24083       45887       45951      -59721       50392      -21533       11391       -1144       -2760       64461       22530       58526      -18928           0
           0       -3723       12823      -70971        8110      -27435      -56132       -8387       90987       15915       36705       40967       -5835       45743        8744           0
           0       79348       25816      -21562      -87195      -15477      -14699      -13804      -51368        6233       36909       20696      -22833      -68027       -6503           0
           0       -4283       36786       31944      -21029       24585       22879      -11872       30881       16310       66221       42858       80957      -25842      -12024           0
           0       -5530      103825      -54641       28593       63236        4408      -33617      -24720       -9355      -69969       22280       -1220        5957       20064           0
           0       10630      -43936       44163        6774       64501      -12730       33450       41813       23217       80738       30768       19427       33551       23325           0
           0       30373      -70550      -15952        4003       -1557       32388       26217      -48907       40179       30142      -13432        5253      -62837      -12480           0
           0      -49222      -14693        1185      -39931       51314       45565       -2839      -63762       12335          96      -47174      -31052       12884       -6919           0
           0        5721      -33523      -16378      -43526       -3201       39851       -8488      -30548       58721       10740      -30903      -70210      -23707       22936           0
           0       23535     -110584       -2993       -2273      -15183      -26167      -20300      -13423      -11599       27896      -13554      -20487      -21331      -42004           0
           0      -58020        4056      -62326       27489      -68337      -16313      -38067      -21339       54465      -40670       21415       43581      -57304      -12851           0
           0      -15040       17868       -1322       29898       25504      -12138        9595       38920       38273       -7219     -107459      -52048       59550       45253           0
           0       17474        6024      -58331         459     -105802       31781       23113      -51970        1480      -40972       98109      -48547      -31436     -123820           0
           0       38694        3638       -3371      -30556       -2685       -1745      -11687       27452       46302      -29389      -19411      -18309       51656      -13287           0
           0       48866       -1609       23896       60267      -68248       38489        -920       61870          43      -55933      100771       48697       71209       14639           0
           0        1935       -7462      -66936         866       -8438      -63401       -5269       64600        4440       10703       41006         179       29132      -26319           0
           0       45400       16208       -5311      -78963      -20618      -22054       26114      -55757       49612       35927       28740      -15190      -30456       -5586           0
           0       -7705       -6705       36360       28654       -4815      -17063       11595       84222       39187       58307       45426       75116       -4804      -24966           0
           0        8027      106578      -48874      -34818       60562       38421      -12391      -40424      -61862      -64231       14252      -19281       30293       51645           0
           0      -20467      -80745       53199       12902       56617      -32356       34286       38140       24852       72596       17162       29344       56308        3187           0
           0        5536      -97807      -31025      -13462      -12550       41304       64041      -65127       44194       37128        5642       -1496      -79420         592           0
           0      -63605      -39791       40573      -12214       59600       12204      -10408      -86005       42334       22131      -34431      -31542        9851      -50626           0
           0      -20199      -36595      -14145      -51517        6900       26102      -30445      -77531       68180       26547       -4967      -64524       21212       27895           0
