           0       25520       14535      -13277       -8071      -18263       21464        4083       63904        4444      -35844        3346      -12937       -8689       15615           0
           0       19092      -11637       31307      -54639      -21990       11998       22805      -19061      -21541       42003        6372      -30012      -26648        1125           0
           0       60730      -29023       10218       15754       10895       32515      -21136       20861      -11455       65364          59      -19530        8568      -15951           0
           0       31867       24971       11864      -23089       12796       -6415       17496      -23853        2707      -15267      -14795       24264      -19353      -26178           0
           0       17928       18951        -197       44062        2007       12453        5294        -764      -28447          44        2540       35258         191        9723           0
           0      -11423        2155       12816       -6858        8579       -3701      -37012       27853       24562      -13054       -5193       -5731       -7196       -2597           0
           0        -456      -16171        4847        2931       18397       23745      -15770         146       28013       -6904      -44624       27305      -42804       47204           0
           0      -22934       28555      -30174      -31071        6420      -13505         910       -4423       23135      -20133        3553      -29531       23946       -3517           0
           0       11566       11434         604       23287       37046       14674       14850       53592       -1272      -17988       -6854      -17587       10846      -14035           0
           0        2614      -21450       28850      -17211       34674         827        6796       18344      -22019       34829       10086      -15448        -563      -11489           0
           0       11341       -2790       -6993      -11797       -9039      -24688      -15128      -42824      -15482        7544       28598       66147      -29522       36045           0
           0       39408      -14877      -43395         500      -30455       47193      -17286       65684        8565        8441       12202       -3064        -346      -10118           0
           0       10184      -18123      -18993      -28432       38078      -40570       -2486       -9548       10170       12297       13406       31565       38245       -9674           0
           0      -67360        2581       17050      -12599        -699       18477      -13316      -26509      -17870       15391      -15339       -9485       14339       13984           0
           0       33406        6979      -22158      -51081      -63475      -37181      -15266       79283       -4970       -9583       11781       11801      -26004       -4311           0
           0       19513      -49730       18482     -101828      -21712       15682       18047       12396      -34173       27535       38026       14598      -37907       15955           0
           0       61988       -2149       43141        7048        2735       25375      -11656       50488      -21056       18727      -17450         -58       45089      -31267           0
           0       71388       54150       17206      -27427       26740      -43608       17169      -56753        3095      -16740      -12525       20015      -59286      -83733           0
           0       -3833       28524       -4502       26761        3485       68187      -26752       35683      -13000      -36431       10878       33084       -6963       59448           0
           0       -4768       10397       35860       18526      -21861      -43844      -10392       -1628       56415       15178       15003      -39105      -40616       23400           0
           0      -37408       -8654       84658       39901       10051       32107      -16539       57796       72410       -8402      -22271       61179       -7720       53999           0
           0       -3509      -26724      -33453      -89715        6885      -43394      -24988       23898       -7036      -42564       29541      -82822       63662      -52157           0
           0       16906       -8910       27118       38251       69889        6451      -24455       55205       13456      -19028        9384      -77429       39918        2577           0
           0       33529      -12624        7629      -10078       16366        8891       39939       22605      -20716       39696      -24569      -10204      -44565        5256           0
           0       35124      -34695      -49616      -19432       23241      -20303      -43401      -49856       33086        1134       -6609       93888      -14653       77231           0
           0       72379       11056      -62237      -42710      -16094       23426      -18839       43661        -210      -40902       22745      -20449       11933        4014           0
           0       15639       14247      -16939        1883       93018      -17258        6335        1707       15625       78970      -33321        -657       24514       51923           0
           0      -74393        1699       30966       -3509       -6836       12339      -23250      -43063        -446      -18663      -20454      -37817       46329       37785           0
           0      -20828      -38855       26716      -56162       22605       -9851       -9461       16648       60655      -68730       66152      -47810      -34583       32276           0
           0       16124       27232       17517       30668      -14698       18945       34514       52768      -50419       23723      -23450       53376       26982       19134           0
           0        7435      -48798       33168      -27744        1942       -2921      -38404       78264       -4118      -32189      -11020      -90293      -57209        6126           0
           0      -21958       53207       12573      -25929      -30931       21699       24216      -15309       23938      -19706       -2645        7592       39802      -58370           0
           0       73260       16350       -8484       12605      -17817        2313      -21626      -38518      -12509       20484        5022      -32300      -27852       84600           0
           0      -39569      -52814       22498       57808       31658      -21294       41806      -15505      -63877      -18276       55665       50264      -38191      -33043           0
           0        9438      -43790      -24078      -29957       31440       20104       37070       40181      -43581       22234       18500       -9548       43604       29490           0
           0       58130       10050      -87274       54653      -65242       27672      -61276        5832       67681       23789      -14487      -31777       -9090      -29922           0
           0      -44320      -28460       -6806       10726       30574      -12770       29334       32770       87730       -3497      -60133      -24346      -36808      -47217           0
           0       68352        9742       48021       -5982      -50298       17347       47811      -15832        6878      -32713       39432       38237      -30231        2406           0
           0      -19119        2460       -7962      -66228        4074      -43586       31895      -60074       36103       -5026      -32928      -42649      -22897        8557           0
           0      -12039       -6403      -57706       -7651       43038      -10449      -11603      -36803      -65256      105569      108737       41912       -4640       39109           0
           0      -46831       -5589      -75392      -27356      -13299      -33181        1020      -15820      -16525      -10161      -14999        2088      -35688       13205           0
           0       58450       44794       10274       69622       89498      -90506      -30246      -48358       38155      -22641       83532       37801        7941        9801           0
           0      -15508      -49468       18729      -30208       51952      -61256        1889       39888       39998      -88735       45486      -26416      -68136       42878           0
           0       27443        9869       33339       24343      -70955      -21994       49654       24079      -43156        8364       -4846       89664      -26384       49080           0
           0      -46096      -40431       60334      -45455       14296        2154      -54842       47078       12456      -46109       33026     -123854      -64998        1391           0
           0      -52960         536        5101      -52658      -10286       11787      -19857        7917       41178      -46350      -12669      -45124       -1411      -70306           0
           0       86309       69468       43914      -31124      -74496      -46398      -17091      -27631       -2571       28409       33553      -35164      -62017       55104           0
           0      -89756      -58270       22121       44711          33      -65028       14469      -60905      -96816      -16114        7088       70089      -55517      -25058           0
           0       12175      -30243      -24922       -3041       10219       79400       54966       18397      -50074       12291        7893       -6707       51064       59080           0
           0       70719        6363      -62728       11042      -69916       92356      -16727      -29142       67790       21093        3746      -71877      -14468        -905           0
           0      -73757      -60352         212      -15771        9146       40224       92252        2711       73633      -41162      -74805      -36008      -19601      -72572           0
           0       37083      -17238       34339      -30720      -31391       -1074        7503      -22459       10275       -9960       57865        8516       -8757      -24297           0
           0       -7988       34756       27627      -34684      -22228      -35703       37297      -99052       20002      -60864        1857      -57223      -79942      -26053           0
           0      -55644       -1054      -41788      -48609       49076       33586      -81238      -73600      -73690      108289      115647       56357      -43633       30458           0
           0      -38807        2045      -65109      -36251       23368      -16465      -11080       -4697      -21443       -5576       -4213       -5163      -36185        5434           0
           0       68493       99393         787      114493      105504      -82514       26115      -90553       41714      -32954       90641       25736       45971      -35320           0
