           0      -32461      -50503       32413        7039      -25563      -10053       15837       29251       44997       18598       31173       -9281       10872      -25109           0
           0       27541        4418       -6606        7931      -21487       -6968        2184       10733       -4205      -35543        4161       -3512       -1269      -16652           0
           0       41074        5001       24500       41165        4007        -291       19387        8312      -25399        5839       -5049      -17940       -6591       37698           0
           0       20826        7625      -28140       -8123       14842        2148       -6921       29868       28035       18207       28677        -535      -34995      -12517           0
           0        7985      -14802      -14632       12674       57513         838        9785      -20701        9426       23558       -8388      -65552      -10085       23061           0
           0      -17339       33360      -34331       14091       15110       -1052      -15147        5237       11470         754       29776       -9127       10151      -19933           0
           0       -2644      -16808      -11938       11599       -5501       14034      -20673        8290       -9790       27718      -44997      -41298        8205      -14495           0
           0        6207      -26612       -1101      -25709      -24283       41667       23047      -27729      -56502       15303       23536      -50159      -38492       47030           0
           0      -28077       26306      -32095        7419      -28434        8741        3554        9826        -624      -12834      -33105      -10641       28835       -2274           0
           0      -19892      -22261      -10427      -31998      -20140      -32601      -27663       24027       14653      -10514       56280      -25928       14651         470           0
           0       43855      -13714       23987        8561        9742       24509       18997      -17447         558       38655         161       27689       -2689      -43328           0
           0       -7840       14550       20739      -15139       -9624      -27830       11161        3283      -52245        3074      -38973        1624       -6459        6901           0
           0      -25325      -11788      -38328       -5799       20390       14878      -21469       19249      -24861        9321       23634         808       14898       -1232           0
           0      -21911       28737       18468       -3683       -1038      -17444       16790        9012        3855       31891       23083       45187       16387       30059           0
           0      -38847      -14555       33200       -4638      -30598       24832      -39968       -9802       87330       25269       20348      -54251       19553      -14122           0
           0        4736        5087      -13758       24968      -35914       10013       -7405       -9018       27497      -47293      -42091         516       47996       13641           0
           0       18720        8686       36954       39982       24031       30284       74750      -14273      -76300       53498      -15045      -40334       -5731        5674           0
           0       29552       11765         473      -11060      -27808        5930       21975       36194       46267       38493       58221      -27991      -12950        9389           0
           0       53421      -36807      -48715       14701       62994       23318       25270       -5793       11313       24805       20698      -99110      -17780       12282           0
           0       -7968       40475      -18510      -23896       33750      -21246       -4462        2567       20712      -15197       44766       -1581        8790         184           0
           0        7177       38522      -16682       -2007       -3771       -9877      -53558      -12521       14413       20556        7528      -51156      -10723       38175           0
           0         469      -71417      -31611      -25241       -4656       44066       17289      -44001      -37281        9795      -39245      -46736      -86472       48671           0
           0       18506       75744      -61454      -21529      -69687       18996      -28497       -6763      -28533       -4846      -47083       48850       42957       12650           0
           0       20665       -2235      -44142      -88230       -3395      -15896      -26536       69330      -33071      -13520       48603       -4262       32995       27278           0
           0        9310      -29182        8975      -20741       63271        5826        1050      -16852        6282       37171        8260       -5294       17568      -46351           0
           0      -30256       54965       24528        2021       12384      -23655       52670       -4988      -57245       16998      -69368       16370      -58187       22386           0
           0       21513      -19101      -71529      -25575       -5735        8515      -69444      -30312      -59591       16159       -2512       -3463       10248       -2525           0
           0        2860       69555       28356        7553       10791      -14659       18940       38395      -23489       15007       19528       49612       31627       20592           0
           0      -28129      -12047       19049      -23262       -6045       -6807      -71055       24335      -67443      -18106       24010       29098      -67331      -37846           0
           0       -2129       57112       35963      -12718       70459     -105365     -100077      -20823       43514       40798       13852     -100769       60587       -4804           0
           0       18764       -7126       39314       12712        6769       45189      -33309      -54650       43960       -2452      -65948      -11033       13109      -66241           0
           0      -23318      -35596        2094       36763      -21915      -53179       50188       50735      -16321      -22280       29324      -80611      -23711      -42270           0
           0       20362      -34904      -55681       96349       -6330       47933       27724       22427       25494       65639       -9948       12075       48615      -57822           0
           0       -9420      -12861      -48860       76451      -16953       11003     -104012       48228       -4214       16505       26401      -33816      -55081       82411           0
           0      -70960        7758      -14146       26925      -18757      -30085       14454      -20541       -4524       51790       -6487      -43598       59310       38311           0
           0      -30995       40122      -52316       32216       -7583       10877      -58357      -50616      -10732      -17076       51688      -72930        2420      -16455           0
           0       -6110      -25913       18616       17785       10311       57212       10558      -37714      -56881       22869       77088      -18306      -66544      -20526           0
           0      -49420       23503       11436      -94580       -7183      -50176       23958      -24735      -29483      -42758       67733      -22288       17866      -52999           0
           0       39944       -5122       17732       -6753       31342       48981       55065       12481        4516       25651       57138      -30973       75776      -23243           0
           0       73445      -29098      -42937      -23096        2543      -38625      -39354       49749      -39679      -62645      -23707       11357       25697      -36161           0
           0       32248       15708      -48956       13018      -19719       66699        8174       14808       34481       36711      -70898      -50577      -70763      -56642           0
           0        5230       24523       18681        3127      -40749      -30385        1295      -18859       87535      -51076       36608       11091      -48192       -1366           0
           0      -29025      -26285        6303        5875      -34378       26088      -92142       -3515      -80226       19174        4380       27888      -82039      -34915           0
           0       -4043       67918       31478      -55392      111577      -70855     -148861      -34660       40794       51823       54902     -130602       41316       12177           0
           0       12727      -21312       57355       17823        3933       51105      -75312      -33013       62982       34067      -72377       -6122       43765      -37704           0
           0      -20971      -34258        3635       27035      -41557      -10054       53425       74172      -23375      -34587       49513      -34758      -28836      -17933           0
           0        1292      -42525      -75108       93232       -4726       36243       53960       14694       31582       54188      -52212       25556       18564      -91394           0
           0      -17043      -39317      -46864       45884      -29658        -170     -125432        2158      -37291       37581       43421      -46749      -73214       50905           0
           0      -27807      -31815       -5941        7782      -26997      -50470       22686      -44367       41293       53017      -38222      -36469       61715       14480           0
           0      -33488       36565      -76248       64569       13046       52816      -89459      -76596       26506       14549       47569      -96673       37648      -31517           0
           0      -30950      -44115        9831        9820         254       75252        2576      -19071      -77405       75615       72901        8419      -57557        4452           0
           0      -35918       19067       15774      -88608        8596      -15273       22919       -2401      -29141      -45196       44553        4547       22789      -72683           0
           0       36150      -57744       27632      -16511       40217       67014        4041       23608        4651       42125       37774      -26006      108482      -21726           0
           0      111423      -29686      -19683      -50265       14556      -54299        4243       66594      -61387      -37057      -43170       14216       21914      -43827           0
           0       47301      -29614      -44910       15968      -21737       81230       25989       10743       65996       65937     -101273      -68229      -67273      -44467           0
           0      -32545       28394       46499      -11551      -29210      -33640       -4810      -26858       98186      -38363       48865       27689      -92243       -6660           0
