           0        5766        1979      -42504       -6942       29984        5037      -20593       -9974      -35537       19662        -525      -45401       -1657       33168           0
           0       -7813       -6867      -19098        4041      -36093       -3724       -7806       -2716        3856       26248      -21063        7082      -23342       -9335           0
           0       11347       -1893       -3960       19600      -11536       25958       27624       23209      -47535        3462        5158       10988      -19185       21034           0
           0       14582      -56782       35466       -5741       -9016        7952       11100      -37415      -43581       19115       47477        1643       49429      -11902           0
           0       -5732      -41539       24557      -35646       -3572      -20749      -10589      -16145       33609        4898        6733      -13617        7405      -10690           0
           0       -3745       41961         990        7036       -3844        3412      -38238      -17485       11955      -59676        -417      -21981       31990       21002           0
           0        2812         127      -49437        5459       -4995      -46880       -4695       16883       14527       29507       11640       10806       34751      -61608           0
           0       13681        -269       -6028       27510       42791      -19130       30283      -17780       -1690       48255       -4069       17321        -703      -41558           0
           0       21328       -6342        -309       13795      -13746       32913      -29922      -36783       17075        1841      -34658       27238       -1106       23546           0
           0       30420      -27218       40327       13604       13726       12798      -36820       15826      -14878       22536      -24245       19763       19697      -19100           0
           0       14681      -22332       12756      -25131       22748       -6124       28005       12450      -14489       -7378      -52906       42831      -17874       26178           0
           0       31892      -28568      -12204      -46242       33615       22379      -29124      -16892       -6694       10702       18504       30011       40528        6260           0
           0      -22618       27846       16460        4871       -7349       13618       28305       21049      -10946       70172        2500       16792      -16585       13697           0
           0      -22555      -51223       33237       22101       -9762       10969      -23700      -24876      -19487      -51430       -9478       -2979      -50880        1319           0
           0       12079      -24452      -71228       16069        3333       10498      -24574      -49312      -46835       47028       -3117      -41836       42978       51862           0
           0       -3315      -11368      -21533       58473      -70437       13521      -24712        6355      -24258       24514      -26714      -38751       -9077       42276           0
           0        8908      -16723      -25797       44370      -50279      -16210       34267       -3438      -61322       35488      -32661       17031      -49456       13461           0
           0        3065      -38016       20488       12910         524      -35010       24374      -25809      -49221        8400       23674       18811       79721        6120           0
           0       -2675      -46023       41137       14221      -24254      -40973       12108      -23003       29843      -15960       16473      -50174      -21580      -22684           0
           0       26010       35675       31540       22078       -4495      -42271      -41132      -19329       12296      -59786       26424      -38853       31063       52998           0
           0       23938      -22018      -71449      -23706       39362      -35772       30134       44561       28210       -4940        7792      -70850       12391      -65738           0
           0        3729      -20338       42845       14903        5766      -18081       44737      -14107      -11168       25853       13953       30088       29111       -8234           0
           0       18544      -23263       11653       24104       -6688       66275      -29005      -10117       49440       22237      -41082       20211      -18040       21576           0
           0       30453      -43920       49115       22367         140       27943      -60974       32236       -9704       68397      -27023       49239       34958      -44864           0
           0       21787      -12188       42865      -43281       28930        8798       34028       30199      -51099      -25112      -61920       22521      -47599       12535           0
           0       31581        5472       31427      -89012       50638       43957       -2007      -23074      -20617      -30973       21803       14971       34654       58525           0
           0      -46244        6213       10038       17920      -27448       12371       35453       -2574        5204       42878      -11035       53617      -22759       -1779           0
           0      -51929      -61685      -30200       62319       32916        8066       23458      -24131       -2732      -78418      -17124       16840      -49399        8235           0
           0       -3966      -39321       14060       -9782       -6629      -14529        3587       -6746       -9450        6511       29024       12619       33681       39275           0
           0       -5049       31824       16630       18498        9027         616       -9316       -3156        7835        8650      -15532       22468       -5401      -27775           0
           0       -2507      -26436       59905       29794       31713      -29901       47933         553        -924       55789      -44115      -24738       18346      -15344           0
           0       12345      -25490       11400       15163        8072       -6386      -18586       31006      -23553       38661      -27025       34098       20390      -32273           0
           0       -3960       39279      -25590      -42266        2528       -4617      -25238       35964      -26631       -5422      -13627      -10488       -3837       14721           0
           0      -46494       34489       21452       36158      -19555       18570        9850        5251      -23548       -3925       10496      -12556      -33583       27559           0
           0       17267       57844       47413      -19187       17662      -17033       24033        4226      -24530      -42027      -32641      -39043        4133        -887           0
           0      -17407        4171      -26276       13519       -1239      -14289        1201        9025       -3742      -32735       57049      -11689      -10995      -11345           0
           0      -57164      -17536      -15252      -29920       -3422       -1347       24375        -742       -1195       -9866       29857        1990       17642        7261           0
           0      -10068       13882        4971       34835        4260       14089        5868       -7594       31537       39967        1298        4313       41013       14029           0
           0       -8644       -5954       38533      -17526       -9962      -12552       -7799       -3897        1166      -19901       50744      -17641      -26652       15647           0
           0      -11511       13392       35089       34069       22150       13679        -743      -29269      -17206       -2637       -5700      -32525         182      -23934           0
           0       28940        4801      -49615      -21572       16310       -7673      -41375       27334       -4278       -1239      -10548       -9971        7501       11063           0
           0      -24961       30067       -8506       -9650      -17294       12760      -22719       52923       18520        7768        6385       13512       31557      -13931           0
           0      -34666        1465         750      -54362      -18039      -10450       22416      -33046       -5176       24142       54364       46166       10359       51216           0
           0       12070       12049       33239       27478       50370      -36622       -6410        5022        4494       16117      -28281       55778       13725      -26578           0
           0      -26309      -81479       59960       20117       44976      -10712       43775       26020        3517       10486      -38393      -21561      -13572       31761           0
           0       21638       -5504       -1132      -29471      -12035      -14480      -57546       34820       11870       38294      -36221       43826       25811       12734           0
           0       -6138        -668       16166      -48264      -30977      -33405       -9164       60474      -99155      -47477      -54065      -23631       -8278       49391           0
           0      -18359       47104       57060       36746       -1244      -23301       37615        9866      -31091       21404       15663       21621      -32050       70777           0
           0       31243       60242       75505      -30711       45251      -41869       47158       35224      -46412      -75162      -28719      -38434       16182       -3266           0
           0      -89558       13456      -40726       23411      -12952       -7490      -11551      -12849      -24094      -68169       65339         633       15636        5403           0
           0      -87349       16486      -51335      -47381       13349      -11427       26823       68257       18121      -11351       27985       -8587      -12339      -10953           0
           0         271       41631       32187       44530       10428       13952      -11691       10275       -8793       50268       15183       12386       12273       32968           0
           0      -31798      -12075       13940       -3288        6328      -52970      -27034       -7530       -2540      -39294       30054      -25890        2629       31900           0
           0      -30031       15966       70564       64332       46898       -5578       47088      -30247      -50573      -31792       17399      -31386        2785      -35288           0
           0       20891       -2212      -35457      -46190       47422      -50281      -82161       33505        7576        8696       21039       12897       22591       56675           0
           0       21572       21623       12822       -6481      -33882       40802      -30890       65146       18803        8680       38772        6305       68191        3743           0
