           0      -33672       28513       19446         839      -33135       31535       47341        5006       23997        7490      -25517      -11268       22731       21287           0
           0      -32986      -30299        8763      -37873      -25514      -20933       36549      -19262      -24638        9062      -22949      -43986       34839      -14851           0
           0       10752       13359        7460      -15820      -24072      -21082        6371      -18606        1146       30025      -49760      -42797      -16747       -8902           0
           0       32392      -10456       17935       44268       10043      -13229       36898       33156        6797       60541       18640      -40085        3019      -24304           0
           0       -7369       34376       19244      -12980       -6708      -23939       40395       -3042      -21985        4399       16101       -9342       13852       25305           0
           0      -24990       20296       26412      -13850      -13561       21790       -1849      -10135       18613       -9057       47354      -29550       -5506      -26825           0
           0      -21590      -18564       44001       -1948      -13460       48274       26446      -19628        9777        7365        6623        9461      -29498      -35612           0
           0      -19849       11496       -2587      -21744       -4205       26933       -8326       11343      -35742      -19787        2360       22908      -12333       -9173           0
           0      -33009       31021      -38022      -31660       -2773        9013       14812       -7525      -33171       18924        6773       27525        8942      -10197           0
           0      -21020       44282       -6301      -25756      -21336       14277       -9643       40087        6692      -18703      -11077       25792       -9530       32641           0
           0       20378      -18972        8267       26447       28825       -5728       -1143          90       -3197       -5911       21767       13752      -31367       29785           0
           0      -30818        2840       17750        5063       -4939       -2321       -8601       -9832       29533        4864       18004      -31709       46075       34433           0
           0      -19642       -8374       -2067       13106        1783      -12162       21108      -28999       25078       36501       60563       -3557      -26379         718           0
           0        3346      -25517       10480        -829      -13786        5553       25984       -9098       -6302       -8242       29318      -30362       12730       -4298           0
           0      -32266       11744       28995      -27367      -88012       66942       57700        6043       45694       52855      -11888      -15246       42391       -2298           0
           0      -30635      -29443      -15667      -27759     -101484      -53556       22487      -47579      -69282       57680      -39316      -10736       38399      -43250           0
           0        6645        7038      -12924      -16908      -23723      -11375       -3791      -44842       20830       65657      -36880      -21941      -25766      -44177           0
           0       26183      -13111        7989       32150      -39350      -30707       40758       11720      -19227       49222       72477      -46395       18132         669           0
           0       55434       55039      -10123      -26362      -19664       14565       35474       14476      -20649        4562        2527      -39219      -11255      -14224           0
           0       11163       14422       24598        6261      -16300       45134       58697      -25807       43148      -44682       35224       10750      -27824      -30896           0
           0      -19887      -44522       10382       17363       42133       65474       45233      -38114       32026       23507       15019      -39563        4213      -21601           0
           0       -5139       22021       55594      -55710      -17623       21320      -59306       16653      -24831      -27244       -6591       52405      -28871      -17767           0
           0      -13215       10192      -35159      -14490      -18186       12042      -27018      -48208      -14809        8283       83382       11388       17351       -7888           0
           0      -18392       89532       10579      -62504      -20752       40661      -39885       67243       36106       21329      -66807       16713       29402       81990           0
           0       33110      -21575       13075       12342       57104      -10661       12332      -37724      -10517      -19402         271      -36259      -23258       66465           0
           0      -10592       -6148       -9092       23337        2127      -37882       -1748        2455       69848      -40661       48479      -57634       64934       71819           0
           0      -22760      -11524       -6443      -19543       -5836      -47806       -8802      -65159      -30490       37949       22422        9421      -75766      -34550           0
           0       46693        6793       39057        6003      -24441       -4972       40084       49097       -7970       15989       47126       28708      -11666      -23106           0
           0      -24886      -31359       33599      -51847       76710      -20905      -24480      -67967       48421       86009      -52625        6461       25888      -31711           0
           0      -39719      -43224       20844       10343      -69945      -18830       61985      -32143      -47311       13234      -89758       36141       11269       -5458           0
           0      -31545       19794       65832       45140       11997      -34874      -47466      -24327      -35603      -11243       39222       47860       75580      -20990           0
           0       48228      -17976        5192      -47710      -36007       38489      -41143      -36862      -50837      -74792       60064      -17522       45268       18508           0
           0       36730       26929       54870      -34396      -35288      -37394       51396       13773       17828      -23995        1042      -66984       24742      -32786           0
           0      -29296      -10706       73888       26751       58810      -24944      -22939       25524      -16066       -7763       -1357      -23158       30747      -74704           0
           0       55077       59426      -51221       -9707        8702      -29492      -59929       54125     -118723       49381       31704      -15840        1718       40426           0
           0       17595        3719        1724      -18863       56711       59109       22611       49396      -70967        6513       -3751      -10459       32258       -9792           0
           0      -45604       26943      -27561      -21331      -69776      -26907      -69580        8480       -7758       10376      -17006       12989      -54144      -68795           0
           0      -23477        6739       -7484      -24740      -13668      -20634      -32346      -61811        3011       17134         707       64290      -11504        7271           0
           0       16833      -30384      -16932      -23244       45578      -12696      -51303        9591       -9131       65760        4124      -57708       -2298      -37772           0
           0       -1634       29033      -17756       57301       28797       37184      -33864       -7540        9657      -82570      -36802       30553       -9389       13844           0
           0       63213      -13655      -59387        3928       -1375       24371       20547       19104       27293       16943       -3809       16351       -9839      -12564           0
           0       24075      -20398      -67225       16217      -37395       23426      -16413      -20151       71457       -2781       22398       15328      -18169      -27303           0
           0      -35564      -55254       21586      -49733       63644      -36258      -60734      -45842       45128      105820      -49443       37324       44159      -30002           0
           0       18572      -66575        9746      -24127       -7301       -1636       21942       16566      -43300       26988      -78803       43979       10013       14761           0
           0      -67003       17643      103722       29205        5795      -25553      -48338      -28738      -39112      -19445       15586       27960       71818       -9039           0
           0       23210      -28008       49378      -31872      -63910       45233      -28630      -60419      -69463      -42840       65924      -11235       37648       36832           0
           0       54603       -1719      115147      -27148      -37604      -59973       87753      -19993        3800      -45462      -20988      -72961       -1816      -41269           0
           0      -11922       -1695       48277       -7220       25155      -24389       24873      104619       24354      -20520      -29488        5488       39626      -86620           0
           0       68133       53422      -63457        2853       -9528      -12685      -48840       24735     -113167       59796       24909         590       10931       38953           0
           0       57141        3533        9809      -29112       55952       56802       18448       32390      -39559       10445      -22586      -22286       41602      -17159           0
           0        -394       19233      -20383      -32681      -67428       18178      -85618       53998      -43982       77692       -2587       13582      -47316      -52784           0
           0        -118      -19872       -4122      -38693      -14338      -19257      -36915      -77177      -24320        4668       21921       54728      -13914       40932           0
           0        1361      -28505      -35153       -5993       24431      -17021      -34716        6499      -25592       47714       -9257        -738      -10551      -35054           0
           0       14443      -15412      -25721       36841      104158       77989      -48255       20911      -24214      -50741      -80504       49162      -31949       24017           0
           0       30651        9835       -5511       27707      -15074       56561       29903       60842       39667       45919      -56845        -727       -2689      -14765           0
           0       67654      -25702      -79555        3422      -65827       74854       -9371      -60388       73277        3652       39182       23715       -5769      -13332           0
