           0       10487       43939       -3547       20107       -4979        5037      -28352      -19911      -17083       -9808      -37176      -26822        7479      -41522           0
           0      -15460      -54100       29348      -10601       -2828       15873       -8950       -2667       44661      -22517      -45916       -2542        8350      -34083           0
           0       14894       14936       -2636      -12298       20742       25178       45584      -15170       13080      -39493       11873      -21271       -1473        -737           0
           0       -6271        5378       11537      -18658      -13039      -29575       24147      -38407       29159      -15172       13956        7571         194       24654           0
           0       10399      -26278      -18061       26844       15131       -6823       -9943      -11809      -12093        8382         105       37287        5999      -61663           0
           0       33303        1077      -62272      -14737       38817       25574      -14727        1574      -46538       43490        5919       -6588       34909       13508           0
           0      -18167       -8343         333       23239      -38005      -17467        1245      -14355       -4112       12239      -33831       60739       -7007      -35269           0
           0       22074      -57262       -3478        -403       -6515       33200       -7953       62482       24999       -7296      -12101       -8130       -7011       23681           0
           0        2387       40065       20599       12788      -26308       21433      -38067         889      -35161        4781          73      -19397       18196       34829           0
           0        2506       -5635      -10119       44421       33434       -7714      -47411       11260      -14059       -7976       -3634       17846        1284      -51023           0
           0        4514       16851       20224      -28782       32977       13255          44       16829       -7595        9368       25442       -6648          77       26180           0
           0      -18203       33753      -14674       14420      -10703      -16502       36935      -27665       20996       45952        1756       21610        1790       16225           0
           0        5064       26183      -32820       -6991      -40881      -16261       24720      -17710       18572        7247       17444      -10635      -18160       24017           0
           0      -26398       49294      -28362        7021        3422       -2757        8805       -8714      -22043        1588       10523      -19504       33508        9420           0
           0       21375       72145      -50869       15327       -4952       19085      -69441      -16599       -5602      -12514      -23786      -39570       -3102      -68369           0
           0      -46141      -71709       23453       -7819       15697       48164      -17398       -5412       60412      -32677      -77833        2508       11671      -35319           0
           0       20422       20474        4368       27734       38553       44444       39181      -30171         126      -67729       11418      -48546       -2849        1422           0
           0      -34976       35358       11908       10516       -8225       15481       53133      -83587       16743       74204        3791       -4287        6516       40974           0
           0       10974      -17609       -1861       -2135       13946      -17065      -11041      -18249      -34576       27371      -45406       17463       17190      -93593           0
           0       39100        9121      -49794      -28849       61065      -14625       13600       10513      -33323       61944       24898       14232       23426       34470           0
           0       -8834       22101       12392       25957      -39018      -14793       23574      -13362        6736        7043      -55303       62816      -22018      -16335           0
           0         212      -79170      -21233       36786        -361       50755       50865       47129       70314      -19469      -26858       33828      -12710       -3653           0
           0       15476        3085       17367       17952       -1450       27171      -44522      -16816      -10357       18801      -19042       -9792       30010       52785           0
           0       16021      -47630       14338       59099       24626        3032      -57444       33922       -3924      -48094        -906       37046      -23076      -74980           0
           0      -14023      -15574       20960      -42634       36530         150      -46269       14064       39889      -28246       29928        -566      -10431        2509           0
           0        4182       53409      -25217         -27       -7221      -12122       62704       20449        5752       18063       23143       19253        2976       50303           0
           0        3849       82263      -25208        2488      -46290      -34222       49378      -33427       18610       -8854       42466      -26555      -11184       54175           0
           0      -25099       51363      -35627       47003      -30625      -21180       11706      -31160      -14277        7662        8013      -16948       43551      -15492           0
           0       21812       24317      -49951      -54861       19705      -19496        8504      -25109        6225       -6422      -10718       -3104       11165        -399           0
           0      -14987        5587       27377      -54765       23719       -8443       16240      -23440      -28659      -13418       12179        -570       -1802       -5744           0
           0       28245           7       -7875       21740      -23379       -1404       -6833        9833      -13337       21361      -42849       -6633        3269       -1517           0
           0       11692       21279       13676       14233      -11474       10021       40336      -20817      -24349       -4038       -7852       -6510       25080       14540           0
           0       25757        6364        -849      -16738      -24940       30770       11347      -13818       21734       -7619       -6869       -1977        7891       37057           0
           0        9716       -7459       -5209       -7331      -19974        7247      -11394      -17323       -4582       -2502       -5909       47278       10799      -24513           0
           0       39833       -8785       58448        8066        4611       -4279      -13182      -40057       -7184       -4699        -565      -11194       10403       25669           0
           0      -33617        6648       -9812      -18255      -32870      -17316        -710      -16775       -1576       14431      -13378       30996       -5193       27460           0
           0        3753        2443       -2545        4763      -12372        7468       17905       16810       -6602      -14336       -1605       19534       -2397        6285           0
           0       11415       20388       -9355      -10988      -18786      -10980       -9395       -3402       25941        6841       17874      -33185      -10360        5824           0
           0       33505      -26382        1272       10223        7470      -34973      -22781        8477       12194       26284      -18327       32814       25049        3137           0
           0       20070        2004       14089        2628       29092      -11371       17681       36595        8258       31847        6561      -11029        9283       10653           0
           0       50159        6060       -1207       25781       21708        2539        8750      -41618      -13077       19823       -3514       13012       54285       16499           0
           0      -23631       22146       48406       15932        5121         757       47914       -9724       27323      -18132      -17309       13805       -3021       21247           0
           0      -15014       14033      -60283      -82206       23392       -7412      -18271      -16290        8888       12971       -8986      -32732        4308       20647           0
           0       -6126        8122       28415      -53205        2743        5417       17910      -66167      -18259      -32608       29645      -26869      -18827        4463           0
           0       13715      -25353      -16185       34897      -40405       12257      -45628       22089      -18594       25738      -39088       -1356       16399      -10266           0
           0       30462       44403       19450         635       29282        8924       27222       23999      -35417       19746      -10200      -28108       34915       29262           0
           0       -1421       33495      -35938      -19464      -40620       21701       -3953       -3821       33685       -1316      -18521        9710      -40372       47982           0
           0         349      -11843      -21449       11752      -55666       14697      -11426      -28003      -55428       -2160      -27417       40128       22053      -32126           0
           0       55994      -24009       72693       43802       -7333        5243       14679      -79962      -15876      -24065       -2487      -31306      -26472       17708           0
           0      -21408      -29194       -5300       -9898      -22602       19030      -25891      -11761      -22136       17789       -7970       30302      -25355       25495           0
           0       22011       -3176       -2674       -4975       -6868       -3310       27543      -17126       -9201      -37535      -19573       14208       20261      -10658           0
           0      -33050        8302       -1761        1830      -15486      -11065      -42941       17781       22892       27779      -15547      -46741      -40710      -53147           0
           0       27996      -36168        3077       -9876      -15594      -30644       -1768       25015       -3053       44114       13014       40269       22636       27350           0
           0       19649       -4809      -25044          27       18606       10309       39470       53575       38744       39082      -13317       -5843       22187       15608           0
           0       74532       16229      -25621       45120       26992       15430       40993      -40838        5488       24601      -60652       52933       54126       59702           0
           0      -51920      -20020       73661       -1513        7373      -22866       67514       -1597       27307        1243      -54270       36631       13195       -4667           0
