           0      -29673        7187       -6466       -3427        -611       19083      -19097      -12949       18461      -12273       27763      -28404        8190          59           0
           0       28457        1880       -2543      -33726       -7491        9675      -21177      -12599        2593       24958       18990       -5490      -12844       14699           0
           0        8748      -13470        4822       64800       -3847      -13292       44840       -6448       24912      -41565      -32483       30898       -8661       15151           0
           0       -9748        3456      -33534       14623      -16090      -17593       24967       34308          11       46585       -5509       18832       -9567       11058           0
           0       33932      -14455       22481      -40544        7818       11310       15680        4073      -19659      -14350      -35344       13924       16038      -31171           0
           0       -4824       39576      -32637       19297       21585       -3743       -4994       -8015      -31932       41991      -18690       36550      -41436        3812           0
           0      -17877       48586      -38241      -22062      -16737      -40402       11254      -72790       30167       19977       22855        -782        3276       17468           0
           0       30750       13266       24318      -11795        2524      -55559       42547      -18793       -7723       20320       13658       -6128       -5388      -25264           0
           0      -40502       -4808       17879       15293        9069      -25758       39136      -30263        9988       30321       -3023       18267      -13935       20766           0
           0      -13935        9544      -17588      -33481       -6039      -30102       34335       -1629      -57639       -4640       21004       17577        3069      -14328           0
           0        9901       32565       15054       35559       28705       51888       60312        2693        4479        5375      -10691      -13136       -4222       40021           0
           0      -58854      -10669       22479        4616      -28975       11570      -26185       -6395       -4501       25440        1443        4981        2070        7443           0
           0      -16736       24106      -20462       -1517       13022      -34039      -22342      -10776       16319       20827       18834        7124        1246      -20222           0
           0        9866        5932        4722      -25629       17944       14240       -5800       36064        7244       39242      -24796      -22670       24870        3803           0
           0       24249       41604       -5564       19947      -14297       48780       22743       -4310       10276       -3412       29963      -23052       26552        1459           0
           0       29854        4985       14375      -27123      -21114      -10444        1960      -31849      -25504       48300       32986        4043        4695       49411           0
           0       38344       -5970       18235       49429        4548      -36049        9960        1048       -1183      -35503      -24994       34867      -31954      -10160           0
           0       -5417        8981      -49368       43517      -11208        -323       33814       31673      -20428       77269       21943      -13519       16501       17957           0
           0       34874      -22849        9317      -62491       -4532       -5023       23123      -45488      -33029      -62019      -16850       36556       29518      -45019           0
           0      -18993       -8970       14687       53786       22383      -34263        6720       -1340      -29470       50009      -27764       42246      -46177       -3372           0
           0       12267       42045      -23888      -29210       29652      -37998       26891     -102694       23681       22048       72042       -9854       67050      -18367           0
           0       37827       -2147        2599        2526       -3303      -62239       40439      -30266       13079       17416       31429      -12913      -26227      -16085           0
           0      -12399      -55835       18245        4403      -10686       -8541       18168      -66587       39760       31388      -47612      -21526      -24049       36234           0
           0       27229       27210       17915       -4218        7108      -44116       17065      -25061      -25924       15229       29267      -11188      -21636        6082           0
           0        8444       60143       22095         -51       19259       28926       69229      -11697       -2887      -17025       32755      -74635      -43604       62849           0
           0      -70965       22724       40127       33342        -569       -6927      -17252      -15983       11940       55913       -5406       42031       11258       30992           0
           0      -12776       20754      -24441       35980        8157      -24477      -46420        7923      -21726       31275        9312       36963       65003      -17165           0
           0       10996      -38117      -26188        6746      -17608       16974      -31910          97      -31304       60182      -48211      -41777       15814      -17994           0
           0      -29133      -20424        6406      -23375      -13113      -43314       19939       25009       53775      -34988      -30185      -67854      -45375       -9356           0
           0       -7973       42571       54081        2348       32850      -17773       11750        -872       41404       14850       -9353       24564       26441       44897           0
           0       -5991       30500        4904       -2569       30602      -43096       93710       -2155      -89843       76548       60025        9355      -15826      -28163           0
           0       42173       85841       47787      -27481      -33609       27766      -29789       -9864       73681       -1750      -10231      -35948       24041      -28876           0
           0       61581      -56688       31765        5289      -50690      -42232      -17967       34292      -13934       12326        1652      -43609       24425        3858           0
           0       72372       11888       14885       49394       26413      -40350       53010      103235       -6050       20568       29400       32448      -36701      -33419           0
           0        4293      -23350       24183        2879      -42633       23993        4635       -8889      -26363       36364       43144       38214           1      -14090           0
           0       15887      -49813       31213      -21347      -17569      -68432       59377      -18651       -2372       27833      -44411       21802       60623      -28258           0
           0      -14967       12539      -18258        2550      -38150        5099        9672       26495      -36985      -35346      -30096       46062       42609       33588           0
           0      -20180       -3684      -16900        2841       58096       -4632      -29082      -36443      -27718       36687        5352      -12832       -4771       26497           0
           0      102014       -4863        3977       66231       -9244       -3690       28761      -34496       32552      -12257        3438       84541       18203       53214           0
           0        3831       46324        5575      -58083        1865       37947      -43527       37175       73996       29847     -102917      -31609     -126047      -54081           0
           0        1967      -71987       25911      -51242       18627       43671       21003      -16048       43555      -14008     -101455       37891      -32710      -48683           0
           0         661      -44119      -35785       23879        6645      -31165      -68984       20771       22440      -40645      -52593      109492      -22216      -94986           0
           0      -34283      -43819      -35893      -37659       -6730      -27933       25698       21986      103320        9208      -45959      -48281      -25135      -19095           0
           0       12875       40492       77373       39445       49136      -20413       10113       -7385       44340       38680       15591       39179       33704       53351           0
           0        2349       35651       56950       28589       33716      -98020      106670       20163     -112634       73771       50440       26643      -22418      -28177           0
           0       60667       72914       24995      -13916      -79685       -3652      -13565       17807       94864      -20475       -2454      -24159        6025      -32695           0
           0       25034      -59069       17433       22266      -77234      -76265      -15044       30388       -1550       48304       -4421      -32188       23639       21814           0
           0       73602       31879       10380       67356       39050      -66874       94440      121496      -13111      -14633        -295       38518      -32633      -70762           0
           0        3675      -24646       14214       -6410      -28125      -13115       10044      -21689      -45346       29192       74403       35287       34244      -33413           0
           0        6256      -47483       44591      -44582       17959      -48513       62522      -23165      -56193      -14681      -32137       17868       39016        1602           0
           0      -53948        4267      -15648       36475      -47423      -16005       -4113       75329        2744      -23517       12427       61070       23181       12776           0
           0      -29843      -23678      -29303       25051       42792       -9833      -19098      -54259      -11466       75633        4622       18609      -16421       16028           0
           0      134512       31627        1461       73426      -16561       -2285       11068       -4832       45422       13558        5349       80000       10434       27908           0
           0       -3223       35982      -23008      -60068        2975       48834      -27665       34110       69801       19040      -84119      -34843     -123425      -26948           0
           0       12662      -71480       27146      -75955        1412       21708       55063       18957       32403      -53662     -135192       32990      -13454      -49121           0
           0      -22329     -106181      -35845       31616       41319      -14940     -106479       72264       36608      -45839      -68027       88146       21315     -102684           0
