           0       -5765       21010       13204       11134      -12201       11188      -16489      -36095      -23471        9698      -33077        -797        3111        9926           0
           0      -32883      -11415       -7603       -8296      -15448      -19278      -14519       43804         716        8133      -15239        6458       12403      -27424           0
           0      -32124       -3441      -28706      -40874      -13642      -11105      -11577      -42467      -33848       -8820       37312        -458       13034      -11436           0
           0       18564       14342       -4098       11964         277        6913        8820        4616        6416       -9816      -19909      -23861       27428      -10865           0
           0       -9766      -43047      -22257       -5133       32146       -2851       -7800        5234        7629       -8005       16700        1701       12401       33836           0
           0        8020       27664         558        7444      -23247      -24569      -30862       15603        4625        4393       -3894       19097      -26692       -4522           0
           0        8596      -27345       -2070       -2023       13139        6360       -1963        6502       25901        9507      -10458       -6006       52541       26837           0
           0       35806      -17911      -20870      -17687       -2696       31788       -2722      -40498       -5201      -28788       21305       -2420      -14418       23069           0
           0      -35614      -18518        6654        1594       12012       42795       19765       -4715       19950      -27968        3859       -1902      -18935       24435           0
           0       -2294       17695      -14338       -6073      -28149      -15525       21717      -28738      -78462        1135        6553      -26386      -12042      -24271           0
           0       33846       32350       38037       20035         831          25      -17506       31381        3986      -46307        4611       -4775       18845      -39180           0
           0        4918        6273       24608        7171       -2373       -2396       28304        4257      -35968      -34512        6001      -44246      -17245        1012           0
           0       -8441       42068       -5731       35305      -32719      -30804         869       15028       11272      -37039       23174      -27961       15732        -139           0
           0       10736      -13492       11658       32600        4358        6844        6935       33094        7644      -15528       31305        3127        9652        2113           0
           0        6566      -36105       -9816       33907      -18323       69610      -28486      -27173      -38915       38876       -9284      -47467       29218       54324           0
           0      -45724      -28461       18170       -9931       16648       23020      -36319       26970       37967       43040      -42301       -2750       30472        1162           0
           0      -19644      -12134      -30701      -31556        -695       -6891      -14527      -62754      -39504      -47158       65896       26244       44844      -35155           0
           0       52710       25670      -30969      -19413       50264       20326      -17411       35521       34605        4688       -6815      -48575       31524      -64828           0
           0       -3877      -51258      -14428      -45579       -4571      -34361       -9782      -31709       17489      -30097      -26407      -32731       -9240       23714           0
           0      -34241       -2192       30895       53125      -13640      -45280      -30373       33582        4555        5235      -25014       28331         961       12670           0
           0       15244       -4451       17594      -18561       29858       12287      -13953      -15919       27819      -19148      -27392      -16595       47710       21508           0
           0       46442      -18587      -39784      -26202       11067       11490      -74562      -54353      -19136      -10908       10345       78914        1148       55704           0
           0      -45849      -14695      -12988        7207      -20973       24784       10410       17659       33672      -26496       -3840       -6563       51683       -6142           0
           0      -18953       -2010      -22140      -11394        -894      -34655       -3010      -14995      -79858      -17490      -18359      -53138       15197      -57956           0
           0       38716      -28380       -3555       16555       26022      -11723      -21475       59570       -1541     -101574      -11366      -25113      -25763      -68036           0
           0      -21895          -9      -18593        3090        -868       22704       52567      -17001        8301      -18760        1280     -101122      -55072        2984           0
           0      -23580       54911       41456       97314      -27670      -43523        8740        4536      -10811      -50107       14585       -9918       22973       10465           0
           0       -8100        1085       32491       53407      -29439       14968       -7815       39911       48334       -9081       15369       37476      -14423      -13439           0
           0     -101744      -24145       18723       35940      -60210        3875       60063      -10629      -41028        1149       22801       -9897        4586       47695           0
           0      -12100       -9021        6033       60191       -5529        2636       40919       10130       26587      -86993       -5843        6008       -4732      -26174           0
           0      -20065       25948       12946      -20944         283      -60667      -65016      -60661        4761      -36523       23231       13092      -52686      -35105           0
           0       42893       -6016      -30581      -36360       62930      -19673      -16579        2269       20898       68628      -64941      -14448      -42460      -21678           0
           0        1744       13568      -65484       75204      -61842       -2524       21101        7931        9577      -41329      -12980      -30581       37863         -17           0
           0       38461      -81513      -80409       -5085       19737       -6134       15548       -6505       -9417       20918       51117      -24390       32079      -10086           0
           0      -43027      -27081         268      -14601       28589       17906       47153        2484      -17725      -26386      -46515      -45228      -36841       13003           0
           0      -19435        5566      -13244      -25067       -8858      -92795       21849       74909        2975     -167285       17728       11329       47274        9142           0
           0        3829       17628        2461      -25950      -67631       38990       34710      -48784       -2177      -16695       22593       47954      -29749       52347           0
           0      -37289      -37374       55268      -14659       66265      -12998      -58929       51120       66381      -10742        3295       61217        3882      -45781           0
           0       36584      -20355        6683      -13379       58135      -32025     -122084      -24034      -12497       25280      -33952        9906       26936       34758           0
           0       -3432       53030      -48588        4053       31751      -44957       17773       13490      -65020      -74796      -32214        7661          87      -32195           0
           0      -36585       67921        4523      -18613      -28100      -35352       20884       33508       34791      -57477     -102329       16105      -74850      -28813           0
           0       38628      -15630      -28771       16413        8055       63308        1365        1571        2747       24807       13312      -10402        8441       -8506           0
           0     -120976      -16821       20103       24575      -78188       24665       75946      -45227      -54377       10785       -3189        3069       -2568       36347           0
           0      -27684      -18477       14660       98471      -23974      -14763        4058      -12821       -2617      -69261      -17455       27566        -518       -5691           0
           0      -72385       -5484       33196       -2030       14698      -72315      -50485      -78335      -22166      -46733       -3181       10983      -68961      -51167           0
           0      -12545      -28719       -4055      -46682       57035      -48991      -35419        9531       11277       41833      -61277      -39303      -53152       20442           0
           0       -4816       12907      -16995       91578      -60884      -15831       20332      -15970      -14474      -25814      -56059      -52642       15255       39415           0
           0       78359      -89988      -93769      -15624       36647      -18208       -3675       -5662      -21343       37889      105223        9239       26556      -15550           0
           0      -25816       -2767      -10225      -25597       48192        5485       10949      -17493      -10837      -14318      -35596      -71598      -50584      -37938           0
           0      -56442        4300      -39868       -6914      -35216      -61769       35654       48511         607     -166953       40883        6446       39054      -13552           0
           0       44149       46183      -11896      -40541      -62298       20916       38103      -43048        6580      -37133       42507       71714      -59049       29069           0
           0        3371        4290       64199      -47376       88309      -19936     -104078       18844       76632      -30996      -35676       56201      -14487      -46411           0
           0       27960       -2427      -11825      -31580       29278      -49315     -168008      -33697      -33261       39583      -18444       10201       10429         527           0
           0        9790       78608      -59545       10012       50234      -38715       43863       -7802      -60723     -117803      -24272       30094       11123      -16264           0
           0      -33790       95959       24317        1373       19947      -66416       38782       28908       61122      -14245     -108672        7657      -79658      -16161           0
           0       62483      -30190        6925        2220        4224       65669       32726      -16032       -1067       17034       27859        8676       -3588      -36800           0
