           0      -16224       -2903      -13209       -7118      -16003        9481        1966       -2610      -29387        2756       -7639       22070       -4690       -6041           0
           0        1065         959       -6692       21294       18354      -46899      -17825       19866       37725       23498        -795      -54684        7098        1027           0
           0       -4832        6088       21744       20120       44021       -1430        7379      -47836       22866       -9904      -46760       21339       30930        -472           0
           0       17809      -38882        4032       15305      -18144      -11220       54336      -11579       64059        6456        2393       -8844        6260      -11441           0
           0       31230        9123      -31862       42369       -6500       25278       32666       35405      -23583      -11492       -4562        4932        2802      -18385           0
           0        8604      -25166      -45303       20927        6970       23990      -68516       -8918      -18933       38194        6661      -43659      -21438       27002           0
           0      -16105       12206      -24013       11112      -14351       43311        2109      -13031      -24193       54550        1900       -2128       30888       15039           0
           0       43448        1600      -11602       30882        2050       21923        5177       -8627        7190      -24445       21562       -9409       37313        8025           0
           0        7656      -12918       33147      -14269       -8752       22259       18745      -38681      -34780       12059       33210       -3813       25949       -7649           0
           0      -31118       12860       22321      -41724         408      -29282       26832      -16661      -34720       43128       35488      -10235      -10951      -80148           0
           0       29320        3952       27608      -20020       44917       12000       32967       10537       -2608       19969       23106      -10683       -3993      -28090           0
           0        5254       25613       -7325        1696        4043       -5210       12042        8203       -5850      -45934         975        1188      -12391       -1379           0
           0       13880       31803      -13488       -2777      -15995       15274       -2124       20432        9146       71578      -56850        6351      -22155      -19840           0
           0       -2881      -16322       35742       -5431      -10129      -27051       -3605       -2152       29289       28126      -14317        5559      -12579        5655           0
           0      -24689       -6150       24584      -16811      -24563      -25066      -57881       27724      -43805       -5038       25902       18691      -17886      -39323           0
           0       15319       43520       24672        9622       72283      -79141      -66835      -21169       29007       28935       -7305      -57765       12557      -22244           0
           0      -23097        9547       46126       -7829       43655       27596        7266      -75290       27634      -24933      -60876        2937       18956      -38861           0
           0      -16681      -44267       15508       28542      -32026      -35429       54109       39801       -8680      -10721        6073      -66089       -6705      -37786           0
           0       64849        3117      -47695       65804       38955       13441       48381       23719       19706       77879      -26815       51657       48518      -51229           0
           0       -2768        5109      -51083       46282      -26871       26618      -87518       29510      -35449       25968       21833      -53384      -13495       53170           0
           0      -46376       22634       -9719       16056      -46010       -3906        9847      -12237      -10616       53678      -39407      -14667       30705        2612           0
           0         854       -8346      -30066       67543        2995       -5047      -37660      -17810       -5553      -11199       45460      -52266       10475       12123           0
           0      -12482        1657       25894      -12186       -7930       57343       12357      -13159      -28926      -11026       65618      -40403      -40163      -16194           0
           0      -32619       27938       15991      -47894      -11507      -18002       26093      -24495      -57856      -12755       62614      -10657       11998      -45916           0
           0       59898       17969        7667      -20929       35617       24386       24087       19462      -13885       32157       35364       -8174       43949      -21208           0
           0       46531       13665      -13871      -12746        8820      -25462       13948       30954      -31816      -48745      -24432       19212       22306      -13129           0
           0       41642       15566      -36877        1031      -35376       43151        7916       31662       20004       15504      -52937      -52103      -17297      -60597           0
           0       14268      -14101        1609       -4455      -32981      -22183         900        8086       67173      -11669        6230        4184      -42044      -25007           0
           0       26192       66318      -55261      -21334        1494       16646     -100135      -23554       33498      -40575      -21374      -46270       21960      -98890           0
           0      -43629      -91320       33451      -21307        4883       26980      -34359        1993       61145      -75774      -82518      -30898       23113      -49220           0
           0       10219       18266        6930       64988       46698       35906       62623      -48544      -38316      -53371        1514       -6679      -18075       18853           0
           0        -408       43708       31254       10690      -50262       15880       72682      -64152       -3474       90862        7529      -18787       23676         491           0
           0      -46158        6153       24639        8761        2602       28539      -21828      -25545      -43462       18207      -64447       28057       64867     -101902           0
           0       19721       26960      -33411      -23040       39531      -11636        2396       20400      -20307       75412       14729       -6419        -391       -2818           0
           0       16600       48033       36635       12117      -24630       13436       44243      -34068      -24900      -11796      -39294       19150      -11639      -21760           0
           0       -3064      -48967      -33181       13248      -10388       51363       17302       50052      117928       22951         543       46370      -10057       -1459           0
           0      -26015      -11752      -18181       20834       -8745       49589      -57796      -11887       -6111        -757       -5887      -16323       45967        2295           0
           0      -25338      -18021       -2147       55317       -1569       33181      -75981       37003      -28747       -9861      -13395       41332      -17074      -92821           0
           0       18505      -33666       11972      -49196       37891        8438      -27842        5224       17607      -56540       64381      -33016       23414      -27020           0
           0      -14016       39505      -20973        7889      -26009      -40798       55299       43622        2212      -14826        4198       -3766       35709       -2015           0
           0      -27998       87476      -48757       20966      -30434      -64264       48150      -95177       22893      -17820       52952       18341      -26437       27761           0
           0      -24661       55274      -43858       59199      -62325       19613        7588      -25412      -11633         719       20961        3987        5583      -63787           0
           0       66315       58285      -30424        3782       16803        5140     -103119      -60514       71329      -92843      -32993     -109871       50583     -138475           0
           0      -49220     -100831       19432      -43752       -8135       30936      -21324       -9717       65165     -107199     -105850      -36464      -31243      -33603           0
           0      -28639       75155       -7055       25608       28101       58847       65295      -55578      -39435      -42736        -230      -10403      -40490       21257           0
           0        5209       51343       53126       17099        1621       17727      136807      -85604       11524       93452       46198      -54376       38817       36060           0
           0      -77848       42242       16839       16465        2375       33985         -21      -23413      -20170       32326      -80860       69238       60587     -105789           0
           0        5814       25578       -2761      -57650       32358       13077       10193       77786      -10414       74784      -10930      -10433       24408       -2966           0
           0      -29569      -12922       24805       -3667      -29232       16419       45126      -17573      -27399      -40731      -17016       20860      -65347      -38779           0
           0       74958      -42143      -58856      -27383      -30711       52042       16399       52962      161428        6267      -15348       42078        3370      -11660           0
           0      -27595        7235       14988       28992      -21727       72479      -71454      -46584      -25942       21783       -4252      -25217       57584       15375           0
           0      -55613      -43204        3816       49054      -16686       11874      -36386       41305      -14020      -18734       -5529       25075        8897      -81365           0
           0        7557      -58234      -11415      -69537       84999       26299      -41749       31679       -8149      -40534       45355      -10550        4673      -15786           0
           0      -31696       58986      -49083      -14624      -37730      -72934       32100       54854        9785      -52363       -4391       -8188       59948       27552           0
           0      -24389       91610      -34743       66092      -12824      -61987       51821     -135428       30561        -906       20639        8966      -35277       21621           0
           0       28108       38106      -64347       64450      -69261      -13210       35862       -7661          81       -8094       43148      -21759      -10541     -119942           0
