           0      -27613      -39063      -21180      -14003       -8107      -21596       28693        -210       52547       -1699      -17430       55395         904       31452           0
           0      -17238       27130        2598       -3556       35057      -21957       -6327       10755       18674       -4911       37264       23552      -14107      -21967           0
           0       -2302       26192      -13999       -2790       52653      -36204       -2927       -3183       32618       -6790        7808       -6162        4529        4783           0
           0        3922       -4316         155      -34128      -10425      -10570       -1458       18360       -8192      -27665       18589       -4786      -18713      -34111           0
           0      -20538        3664         591       -6317        8691        8726       28295       28940      -21538       14762      -16970      -30616       40728      -34070           0
           0      -25078      -17241      -14444       -4138       10229       -2970         114       36597      -33874       39968        2335       30611       26507       -5288           0
           0        6333      -18875       -9897      -14377       25774        1111      -44817       77249      -37339       17676       13099      -34812      -12863       -7518           0
           0       11451       28948       11796       20541       -4874       24138      -31583        3589        4021      -12809        1858       15661      -38820       23237           0
           0      -35246       18398       -3668      -38310      -47085      -14669      -44349       32470      -26792      -11154       32003      -12987        -595      -14307           0
           0       16050      -25534       11266        8062      -12241        9419        1192       17446        4445      -40003       -4040       -1227      -12484        4559           0
           0      -10944      -13168        6254       23891      -20913       -9815      -45136       62290       12167      -20013        4942       41227        -652      -29799           0
           0       -7104       46820      -14507      -30032      -16712        6629       19952       -5888       -6531      -16737       27113      -59047      -11546        8671           0
           0       19181       21405      -35858       46167      -46414       42554        4942       17120       35458      -10637      -38570      -34529       37963      -17563           0
           0       46979      -10392       -3486         739      -12426       26594      -26632      -35892      -13704       -1123      -10668      -13266       -4945       35191           0
           0      -34996      -26643      -44650       12607       11121       16515       29765      -15977       71662      -14861      -31396       79287        6315       42158           0
           0        -538       35442       13443       -3649       16775        -356       -3211       19318        5808       37069       84796       50297       -9774      -15014           0
           0       12595       39861       -1431      -15871       46533      -41025      -17669      -10255       40112        6021       15621       27901       40618       -6787           0
           0      -47035        -957       15873      -29229      -27926       29574       24851       27964       -5163       -4079       42732        2792        9005      -35811           0
           0       -9635       13687       34932      -17955      -25421       -4293       51421       -1536      -34935       26461      -16076      -44209       39710      -35810           0
           0      -23919       17455      -80244      -11828       14551         198        5179       47468       -6788       30365      -14461       44116       25938       -2702           0
           0       80040        2588      -38805       -3046       19931       37740      -61034       41126      -44629       21621       22476        3566      -24682      -42394           0
           0      -11518       26667         555       37409       32174       74510      -20180      -26794        1034        4352      -56764       40208       -5339       28829           0
           0      -31827       34054       -2711      -47942        5400       14993     -111518       26595      -43738      -10554       34828       -5705       55135       -5140           0
           0      -11232      -33204       26272      -11130       27363        8505       12940       13328       12529      -10987        7166      -13418      -42559        7347           0
           0       -4553        1444      -13022       21858       35624       15900      -37042       24948       -9751      -12011        1431       40768      -12682      -52076           0
           0       13619       57760        5469        2003       -7682        6200        9609       32607      -20032       12747       24178      -59737      -64296        7978           0
           0        7619       -7350      -40260       94543      -66145       41459        4893       40896       10788       12964      -34951       15817       30177      -19147           0
           0       65648      -32923        -555      -10494      -54044        -781      -20782      -45019        1723        8615      -45594      -12839      -20048       67499           0
           0       -6666       24258        9960       -8430      -10516       49713       16086        8596      -22535       49743       62358      -38818       72740      -69558           0
           0      -35807      -11763        7759       60827      -18708       18814      -52287       15733       -6229       -9967       -7636       48841       17866       -4525           0
           0      -14088       12789      -38474       12219      -35931       46499      -29270      -39652      -63947       -9553       -4913      -36234       24918      -14605           0
           0       34186       31360       47423       26337      -20053      -38405       31841      -36157        9313       -6416      -23649      -19167      -41679       27437           0
           0      -31957       22747      -21179       47875      -12972       18631       22364      -55822      -32885       -2173      -11802       18566       -8327      -41437           0
           0       47523       -6215      -63447       40383       60805      -57484      -30775       -2484        2164      108665      -18697       -4603      -29435       -4743           0
           0      -48428      -36694       33075      -40094      -69856      -32526      -17812        5942       33212       41490       -5529       12188      -10312      -51251           0
           0       43347      -31675        5722       20748      -55800      -24368      -49652       23527       52097       -6309      -45227       29920      -40527        5156           0
           0      -16777       60297      -10583       18195      -19207       28379       -3398       44700     -102668      -11111        9164      -47158      -10377       58047           0
           0      -16648       54857        8490       38586      -13221      -37209       20069       39061      -22755      -21769       18149       40098       -3624      -29411           0
           0        3877      -31297       -6733      -33810       36222        8301       42475       -4658       33805        7564      -42823      -44877       49062      -17051           0
           0        9306       14248       25421       21442      -17452      -13831       46812       22836       11740      -51320      -25864       48309      -14961       13025           0
           0       -3976      -83558       -8905       51632        3481        -176       52141      -24914      -61616       -6359      -18525        5806       65803        8064           0
           0       67633     -110175      -31522       20247       19865      -17650        -954        7146       14930      -96070       57795      -72308      -31833       10948           0
           0      -45679       19405       36214       16966       -5534       73767       11503        8976      -28904       38709       91679      -31230      122925      -81813           0
           0      -14712       -8715       41666       94069      -14294       15190      -45404       16903       20200       -3179        3416       23126       -7334        1105           0
           0       -4045       18808      -55396       -3531      -69650       80535      -41430        1086      -66706        3358       -3560      -31102       37123        -777           0
           0       31494       63513       26249       25800       -2896      -19428       54612      -50006       36262      -63107        1009      -40935      -33454       44035           0
           0      -41328        6700       -8189       31890      -24912        7123       39142      -64518        5742        7109        1068       -4199       22802      -81581           0
           0       14032      -20388      -85981       69216       25239      -50665      -17304      -19281        6534      116838      -17871       21105      -28971      -53600           0
           0      -53975      -74037       36440      -54606      -42983      -58997      -18062       15792       33871       10717       -4300       17960      -34368      -62734           0
           0       50336      -39777      -41921       40122      -55336       -4713      -76022       20780       48502       -4085      -40946       44042      -11103       19918           0
           0        6296       76151       16669       47776      -11459       25620       23042       72960      -38898       29235       -7711      -39379      -14879       34955           0
           0        1135       57299       72367       39577       -9510      -26155       27734       58361       -1107      -14202       12097       49138       -2482      -40367           0
           0       61589      -51481       -4670      -47459       34269       -8608       44071      -19156       26982       -9855      -44052      -45679       61958      -40019           0
           0       29412       52103       23544        3240      -63389       16633       85609        7520       17228      -63322      -21825       59284      -27800      -22415           0
           0      -13278      -85638        7393       66631       12249       20969       33050      -11492      -63672      -14974      -20305       28721       68089       -7040           0
           0       35042      -98363      -24974       28434       24101        6100       24347        9799      -27242      -77973       47237     -104891      -49630      -30322           0
