           0        2883      -38827       12612      -33362      -12179       -1296      -42624       13912      -13140        7422      -67966      -27857      -21176      -20454           0
           0       -4412        3616       18648       31265       -2785       24074        4560       24566       47527        5858       12407        5113       -4852      -19958           0
           0       36978       20765       14509       -2230       18363       19991      -32245       16517         340       -9067       20272      -22735      -35649       19172           0
           0       31421       27878      -12813       -3003        6358       16635       -2475        2528       40446        6240        2217       -2178       14421        3928           0
           0         941       35829      -28457       43635      -25019       23332       16535       21376      -13960       20419        2569       11347      -15156      -26907           0
           0      -12501        5754      -19271        7991        1589      -28402       -6986       26727      -14959       23948      -10288       -7684      -12402       -8002           0
           0      -35856      -70414       21811        1520       -9780       31350      -40108        6622       30958      -26606      -39160      -21371      -23945       27070           0
           0      -18391        8222       32313       29537       52014        1479         586      -68415       23066        9489        9997       -6836      -28222       19680           0
           0        7503       14401        -551       24554       -2648      -42214       21996      -16961       24834      -42767      -11569       28755      -15305       19379           0
           0        -331        3988       19061      -16512      -22568       -5444       -2119      -51779       -3251        7399      -10436      -16338      -17736       20617           0
           0      -36091       -7788        8599      -14158        8102      -29966       37898       -2552      -19134        7341      -14811       60789      -44904        7325           0
           0       20792       33169      -22668       42919        1224      -31990       18620       39736      -27112      -59322       21061        3178      -38391       -9380           0
           0        2368        6512       -7411       -9286      -23111       41279       -4250       -9708       19710        5220        5238      -27228       20485       -2651           0
           0       14500      -39424       12080      -14359       36915        2731      -15033       -5162       26552      -15686      -36023       -4630       31622      -10544           0
           0        6753      -38454       35825        5980      -22269        9488      -52648       36977      -27004        1444      -47449      -33408      -13735      -15962           0
           0      -12563       -9643        9219       48673       18606        -217       14802       35428       68775        4515        7666      -15802      -21045      -62623           0
           0       59483       23393       11767       32026        3097       43108      -46628        4383       -8062      -23852       24088       16653      -35966       12135           0
           0       69672       33069      -20542       -9157       31030       41692       -6220        -785       42605       17533       -9247        5275       69383       29617           0
           0      -22480        5285       -5090       75143      -55198       14883       33464       91561       16552       52274       58317         853      -40680      -17212           0
           0       12485        8455        4811       48533       12882      -26705       -6948       45714      -32142       10453       44688      -25306       -2971        2776           0
           0      -57366      -68226      -13882      -48102       38833       26380      -45224       10137       30263      -30941       22179      -13422      -21794       13560           0
           0      -45629      -12313       22915       47686       47475       -6694      -45834      -56236       27278      -34477       38090       -4622      -56302       11877           0
           0       33909       34688        7730       42676       -5942       -1299       40143        2948         736      -50106      -39387       24507      -13498       21377           0
           0       19526      -16617       37445       44220      -60879       -6821      -10925      -40721      -23610        3683      -20315      -35929      -44271       25676           0
           0         246       28517        -559      -19602        4281        5112       47786       13652      -46148       12274        1074       11544      -19247       19833           0
           0       21311       41410      -44212        9247         -61      -41908       36770      -17908        5190      -13375       36399      -21080      -18094       50363           0
           0        2323      -49945         335      -46836      -33169      -16720      -13796       11778       12569      -19657       -4294      -27852       77319       15966           0
           0       51511      -44125       17462        6091       54230       23739      -22856      -14095       23983      -45963      -34614        4201       30922      -46749           0
           0        4854      -21476        5311      -40713       19221       -1690        2961       -8916       14323      -13226      -17259        7218       -2185       26796           0
           0       -1610       15853       11440      -18857        3571       24445       26531      -31439        5785       -2809       -6309        9962        4690      -21878           0
           0       13757       29239       28491        9637        8144       -3754      -10475         890       31713       26617      -50655      -41618      -25855      -11302           0
           0      -37089      -16129       -7048       19388      -17538      -18298        1583      -60470       32877      -10729       20160       24209      -30144       -1405           0
           0       12372       45592       42904       52173      -25052       -2066       21769       -1141       10058      -28586       52291      -13139        7987       11395           0
           0        1310      -17529        6476        9718       26245        5933      -25253      -37628       -1429       18451       31880        7614       14552       27814           0
           0        1019      -35986        3000       23898       21013      -11938      -35814        3071       -4387       11391        2821       -7153       -6235       19074           0
           0       17556       25482      -11889        6391      -31474       21149      -20286       10356       -9857       19417       -5085       38933      -27006       15670           0
           0       51989      -16360      -31995       -2786       28417       -6958        3582      -28101       60378      -50350       20942        6477       -7323       16754           0
           0       27965      -34177       37420       62931      -18852      -25905        3356      -18359       13123       14116        3007      -49698        8257      -10606           0
           0       16765       22255      -30249        3623      -26658       16659        3369       28866      -10457      -11772      -18052       -3624      -35544        1793           0
           0      -10348       11155      -11492      -23459       10124       16396       15949        2050      -31587       11931      -19069        8919       -3082       16468           0
           0       14931      -11810      -31156       12934        7934      -35807      -27157       -7895       10737      -10709      -27240        6332       -6419       31406           0
           0        7065      -11825       33888        3476       10547      -11002        8167       -9102       30416        7237       23009       29128      -10908      -35332           0
           0       53988       16367       16700      -44734       52934        8311       -9800       37709       50817        2876      -25680       -1807       -2621       29963           0
           0      -14896       32595      -12095      -43329       25188       35382       11026       -9821      -19137        2654        9460       17234       15007       -8330           0
           0      -17948       10932       36528      -16315       46315      -15798      -60647       36046        3555       28452      -53226      -49982      -35401       10543           0
           0      -43787       34019       -5950       33782      -41749        9147       12109      -14814        1274       -5190       50350       24565      -72322       -6076           0
           0       36082       56424       91379       52068      -16639        9857       14091        8578       30966      -17310       32528      -23675      -14886      -28785           0
           0       14270       -7381       31697       19574        3224       -1159      -44955      -69997       12462       54858       11736      -37046       31485       35078           0
           0      -17371      -58776       34923       24379       41221        5692      -27631       54198        2703      -17921          47        1874      -14717       -8446           0
           0        6815       43388        1880       10462       -9229       32767      -47329      -33928       10506          29       -2525       40443      -17524       11022           0
           0       41660       21473      -46583       -4818       39012        3734      -16788       -5330       52642     -105694       60335       -4969       14805         943           0
           0       45364       -3796       31223       76921       19716      -21031       26732       12998       42415      -43658       14239      -55934       28931        9078           0
           0       -8421       10853       45119      -11901      -30239       40264       14213       84682      -64969       -6398      -19703      -15328      -66251       -8142           0
           0        4735       18681      -18529      -71696       22914       16910       27149      -21188      -61294       -4787      -51769        5418        -694       94021           0
           0       -9636      -27576      -33614      -18803        1211      -43943      -18458       24325        6961       11089      -16915      -31507      -14262       65507           0
           0       31642      -18196        6358       13004       16271       -4172        5569       33164       67605      -19064       18785       37768      -34467      -76992           0
