           0      -10536      -11327        2385       -2242       25430      -13395       -9600       12696       21065       37950       -5380       15834       23230       -4410           0
           0        7166       -9962       -8699      -27955       23325        5777        3046      -22325      -14099      -16537       23850        1082       13134      -12465           0
           0        1679       -1541         300       16811        8419        2837       -8530       14467       -8206       28969      -21712      -50508       19916       11136           0
           0       -5487        7905       -4599       -6020         131       -2668      -34372         285       10332        9848       28023        4764       -6494      -13253           0
           0       -7492         250      -43384        1635         340       15826      -16543       -8939      -11314      -23881      -30230       10795       14368        5539           0
           0       -4679      -25084       17376       21899      -11344       13384      -11007       -5737       -3628       32162        1528       43815      -15453      -11620           0
           0       18602       29048       -9912      -10698      -32191        5702      -28492       31899      -10991       26888      -50391      -14120       20179       23807           0
           0       27139      -22524       30312        7726       14820       48659      -22600       -9171       -5653       16421       18951      -16470       -7631       47237           0
           0      -13847        5184       16951      -10192        1805       27832        5428       20931       -1105       -9402       29132      -28214         701        5225           0
           0        -642       12704        7463        -520       10636       22048       17032      -33028       -8074      -15910      -10412      -10300       62894       23884           0
           0      -24601       17999       12134      -26355       -9744      -21127        8471       14902       26749      -20912       28802       15138        9596      -21242           0
           0      -14094      -20537       -8984        8470       -5984      -38985       10424      -22662         888       27912        2405       21146      -27533      -14829           0
           0       -6181      -33829        1291       15417      -28216       45995        3327       31053      -60197       11532      -31237      -31481        3151       -3464           0
           0       48619        1234      -27017      -13905       -5318      -36545        5092        9509       -9236       22571       -6792       29430       11265        6418           0
           0       11419       -1669       27242       20621        7655      -11664      -50281       26958       10551       45126      -19104        4702       24921       16916           0
           0       11735        1602       -6392      -39049       11353        9869         588      -36393      -35708      -15198       -6507       20771       25121       13486           0
           0       -1215       11236      -11962      -24127       29783        7352      -28751       22816         711       62292      -22859      -34918        8186       13042           0
           0      -37717       -3510        4695       15561       -3958      -16367      -36445       18358        6025       21789       36949        3804         281      -33641           0
           0       -4796       -2930      -62489      -12259       18428       23145      -30000      -22752       -6865      -14082      -35851      -23896      -12560       -5503           0
           0       17910      -29867       41219       60376      -43830        9417      -48677        8706       -4488       23273      -19587       59583      -29239        7988           0
           0        2428       33845        6560      -28787      -15710      -32880      -15541       24407      -14424       -2046      -59984      -21160       -1481       49382           0
           0       -5810      -28113         584       12795       32496        5198      -27777       20144        7050       20929        8002      -47022      -22432       72022           0
           0       14076       -2841      -16129       -4345      -43129        4390       -2821        7631      -41600      -19706       -2832       -3610      -36335      -28175           0
           0       33852      -13909      -35700       32231       -2129       16377       47900      -42746        1475       -9078      -17622       65712       75982       12212           0
           0      -47579       26296       24970      -73514      -38847       -9348       18363      -40330       29124      -56327       40680       22577       25960      -51739           0
           0      -45785      -13843        8364       10079       -2289      -57096      -17832      -14622      -23534      -10709       47596       13348      -44827      -25867           0
           0       20197      -45493      -29211      -10178      -12012       62579      -10466       18783      -55562       27027      -38885      -59148      -39595       44157           0
           0       50970      -26446       14372       -3388       15510      -73950      -12533        7775      -15625       29844      -11423       27778        4573       -4503           0
           0       23708        3703       20612       22525       46603         234       40547      -23107       80385       12265      -15377       35736      -11034      -54708           0
           0      -13979       25703      -22065       20221      -48431       38017       19547        6143        9115      -56314      -20646       -4589        -977      -26829           0
           0       25996        1962       -3738        3383      -52290        3246      -82146      -26245       15032       79927      -15600       28769      -69774      -24705           0
           0        9713        8121       -6656      -29290       21786       -9670       28255      -18793       34357      -61422      -54329       42189        7407       31386           0
           0       34235      -26932       13614      -25333       21602      -30614       -2339      -36651       15831      -44759      -59322      -91717      -14195        9176           0
           0       24919      -54640       25272      -15475        1982       12877       28286       45057      -13437       -2625        5543      -83649       35832       48214           0
           0      -43769       -8436      -51421       -5621      -66042        4795       29455       19340       37430       12266        4197      -68542        6790      -56278           0
           0       14166       38750       21394       41447      -52337       -7669      -35181      -29100       11856        7933       -2840       31793        8582       -6677           0
           0        2198       56171       -9364        2740      -16087       79288      -25565      -60095       40084       37332      -37770       19400        -537       13638           0
           0      -61122      -35687      -92689      -30875       17254       64839      -13132       17327      -15158       -1012      -12786      -55487       27937       20602           0
           0       27352      -66234      -32889      -43108       26216       -2890        9726      -20426      -25455       16940       20215       -5780      -16558      -55487           0
           0       13692       -2421       19393       68525      -68124       -2687       13516       60735       25125      -20299      -34692      -81225      -26716       39372           0
           0       29254       56779       51289      -16759       -2070       39816       47097      -63188       57532       50941      -59248       21708       19670      -45342           0
           0        5098       -3837        5083      -11951        3348       65594       37993      -25213     -103259      -44874        3421      -34493       50271       12527           0
           0       42566      -15439       -9191      -32276       28199      -11059       38999       -4841       79777        7724      -41546       70003      -23854      -66347           0
           0        1736       15669      -65252       20304      -58525       20983       25003       34239      -32939      -39100      -13466       -3429      -23633        2624           0
           0       56930       -3513       25276      -28164        6369        6619     -112026      -15273       12972       66163      -21533       57241      -73521      -45465           0
           0       18245        2687      -16561      -44221       15391      -23811       22763       29425        -503      -90162      -53115       51009      -13955       43770           0
           0       44596      -42103       -3739      -19192       42412       -8037      -19824      -27508       -6131       10127      -87929      -94963      -16488       22845           0
           0       20236      -79852       38843      -50947       -4959        5454       42320       65846      -21942       -1442       12198      -93480       19291       91285           0
           0      -61155      -27568      -33393      -10277     -121874      -26121       22574       41325       57024       19325       10020      -60911       -8617      -52205           0
           0        7167       52222       24211       54234      -50363      -25024      -10775      -27052       10772      -11140       -8766       53281         640      -35471           0
           0      -14678       48950      -14073        8897      -30379       70149       -8846      -44043       85917       33111       -8926      -22399       15168       54394           0
           0      -60163      -22094      -94537      -68013       27296       71845       16134       22708      -28301      -10385       35209      -81485       67940       37000           0
           0       13930      -76557      -34725      -31855      -12593       -8947      -28011      -20181      -65286      -30859       13374       43918       -4963      -42986           0
           0       23864       10845       28239       80633      -67619      -54141       39261       62338       20533      -25579      -48360      -39609      -41811       69450           0
           0       54375       42422       56973      -22858       11623        3669       60313      -36714       49084       52669      -86757      -12841      -12061      -30778           0
           0      -31663       23330       22944       15049      -22085       60892       34125       -2817      -76510      -58644        5856       20846       25719       29305           0
