           0      -18883       38205      -18648      -13770       31911        5429        9909        1032       49517      -29599       11875       -9120       31100       13686           0
           0      -17490       -5094       16206      -21330       -4962       18238        5283      -16298      -18366       -9078      -12797       -9423       38928       17979           0
           0       34014      -27604       26542       13661       21326      -16018       -3338       38359      -38761      -22276       10508       11619      -24571        -414           0
           0       18450       29209      -17439        9769      -36807       43263      -20662        9204        8948       -9895       31119      -23718       34992       -4495           0
           0       -4140       17568       35140      -30209      -19820       28783      -38608       11860        7730      -18253       -3706        6931      -23949      -13892           0
           0      -25021      -25804      -32795       30334       -8344       15378       51612       20820       -2603       20101       -8290       49561       37269        8116           0
           0       -6626       30890      -28279       -6485      -11325       -2592       18337       21876       42596       -1619      -10227      -18577        4851      -31191           0
           0       22890       -7010        7855       22051       26427       -9470       -8657      -20619       42660      -27740       10377      -18470      -42091       -4692           0
           0        8265        7154      -58137      -38828       -8427        -562       35081       14693      -20552       10997       -2493      -33506       -7023       -8341           0
           0       35437       16541       38580      -21067      -21757       26052       -1271       35207      -20125        1052       19711      -21681        9345       -9738           0
           0       -4142        7002       18084       11722        6766       35307      -41654       -6373        9772      -21454      -16715      -38241        -570        7483           0
           0        8484       24341      -18475        9314       31096      -37430        6880       -4265       19790      -16459       15602        4569        -397       -9126           0
           0        8308       14931        3567       -8360      -18823       42979      -16505       -4480        9030       -4091       -3264       15927       -1681      -13324           0
           0       -5819       13671        5784      -37725      -13992       10361       -4320      -15546        7009        8321      -26101      -23710        8928       -4279           0
           0      -17926       28342       -1048      -16043       46159       36388       46211      -11052       62723      -53568       22594       -3550       19043      -18824           0
           0       14097      -19774       -2126      -15608       38960       52354      -11546      -42681       -1144      -16252       12120      -13266       78279        6412           0
           0       55207      -32721       62415       11476      -21302       11678        4338       17051      -38227       11780       27981       -6683      -17572       25550           0
           0       35862       18091       10458       21283      -49695       13259       25967       10018      -16637      -11295       85176       -1907       26447       -4330           0
           0       -1681      -36082       61438      -24427       -7511       10359      -54515        7870       52627      -77120      -13062        3695      -30320      -16162           0
           0      -42832        9528      -48216       54714         -24       59676       35896       37845      -26794       33905        9719       25672       12749       -1899           0
           0      -39284       41916       -1253       16492      -10259      -11352       51855        4733       71362       21624       13520       10087       -9464      -53977           0
           0       -9568       11445       -4805       77736       45161       43226      -48623      -31752       24708      -42560      -24224       47810      -72346      -28561           0
           0      -27107       15705      -17970      -42109      -31534       -7127        8475       36265      -28597       16054        2697      -11331      -16890       18881           0
           0       48761       55326       26042      -57043      -21009       -2926       27987       -4648      -29109      -27998       -5648      -75239      -17273      -17792           0
           0      -40071       -4907      -22060       31175       25754       34989       10084       19061       27268       29538      -29879      -38431       -8299       20799           0
           0        -493       73703      -67327        -570       25657      -27129       21098       -8795       48963       -3026        2958      -19281       10041       -6552           0
           0       -5538       34020      -44597       47537      -60026       37023      -29780        9517       23483       53762       22951       55075        3575       -8670           0
           0        1598       -7565        8679      -83039      -72401       11966      -24813      -11118        9501        9995      -25188       24440       30486       21823           0
           0       43303       -3925       -6718      -29512       27983       34614      -38508        4988      -46170       82847        8976       16804      -51430      -44265           0
           0      -57346       -2603      -11507      -27194      -34675      -71308      -25181        5003        5346      -25867      -18799      -83334       40422       64373           0
           0      -39201      -29801        1384       49015       27173        1768      -86365       24345       42065      -77412      -11576      -34125       27143      -13216           0
           0       18124       18552       16884        4627       46409      -12404       -3928      -52172       36637      -31471      -48514        -884       -8735       32153           0
           0       37199       38942      -27326      -66880      -33594       -6713       31397        6724      -65986       42657      -45953      -33747       87177       -8601           0
           0       28154      -18230        3114      -36635       34958       -3579       31284       -5385      -52475      -23547      -32828      -38766      -38383       15642           0
           0      -21590       11637       25141       17465      -50117       -3375      -40770       68558       22134       39698      -37055       68149       17339       24443           0
           0      -21498        5974       17467      -38754      -19406      -12544       43347       56204      -43293      -21884       30510      -54598      -73493       -5125           0
           0       10682       26896       47233       75270       13562      -15047       99472       26765       38335       30825       11147       11452       24145       -4476           0
           0        8231        5667       20962      -35760      -39533      -41717       85252      -37896       18951      -29372      -17619      -12561       18347       -3188           0
           0       14683      -47075      -70263      -35820      -11459      -37534      -24762      -88356       28063       14300      -37758       45515       45083        6281           0
           0       42679        4688      -58179      -34368        3676       -9954       87320       40749        4693      -26633       23415        5184       66092       76115           0
           0      -24128        5540      -63143       20154      -74650       17840       98819      -11100       24924       16097       44235      -40411       43651        5087           0
           0       63198       84036       17432      -33270       28801      -15541      -26328        5719      -54660      -37181      -59639      -27937       52337       18705           0
           0       49503       11008        2053       -1241       50800       27008      -43423      -10474      -62458       73352       22557      -30031      -27773      -53443           0
           0      -71184       35211      -31421       20547      -47142      -49122      -27678       30806      -80101        9345       -8347      -82478        8089       76335           0
           0      -47617      -24657       -2143       35042       51837       28208      -82761       40709       24952      -69913       23095      -58900       44029        6167           0
           0       -6191        6045       -7283      -15613      104911       14635       53393      -45388       59433      -60929      -25152        6747         923       -9463           0
           0       24349       23948        7907      -76003      -40790      -17952       75807         802      -35249       67562      -56766      -37946      110829      -46316           0
           0        3457      -21990       35545      -59695       13239      -16339       34404      -50370      -32844      -16156      -50454      -49270       -3503       -5094           0
           0      -11473       16925       42866       44928      -84352       17976      -35130       98420       32220       46776      -39766       92506        6596       36540           0
           0        8170       38771        2299        3313      -22392      -16214       50527       23561      -93228      -47628       33973      -65406      -54157       24277           0
           0      -12128       37427       54888       70017        -189       34609      121631       34523       65228        3529       30835      -11740       21545       27109           0
           0        2453       25601        1649      -76228      -32528      -60546      149560        4995        9147        6625      -40703       -3316       10397       -9786           0
           0       -2341      -73037      -41905      -65197      -37591        -709      -28615      -61497       88961       29329      -22708        5610        8752       20044           0
           0      -17130       27397      -96496       -5992       -2187      -16624      106266       49514       30168      -28297       46232          16       83245       72425           0
           0      -18279       -4866      -46550       26295      -38801       -4049      124600      -33028       40207       18809       14950      -43212       66708      -36448           0
           0       33249       86014        4778      -49453       48049      -37172      -43214        3408      -64645      -32049      -47350        5868       42541      -33578           0
