           0        2228        9728        1715      -16116       -4787      -28111      -27625         154       13614        1138      -12701      -42749      -16784      -13025           0
           0      -46328       43644        9453        7402       17442       -1112       26509       12881        -547       13980       -1098      -17579       31712       29872           0
           0        2997       11039       28338      -22592       18367       -1510       22943        1456      -51834       35663       27391       18929      -13591        4703           0
           0       14066       19161       11514        -105      -11767       28631      -23077      -28189       11403      -23201      -15868       -8507      -14370       -6378           0
           0       31932      -39457       11512       17722        -584      -31005       -7280       34896      -14343        4020       34555      -21011       -5006         336           0
           0       23210        9850      -19807       38348      -16758      -52865        2648       58003        8055       16404       -7284       25663      -43520      -35225           0
           0       -1926      -24519       35408       -3801      -10174        1420       -7300      -20610       11158      -15157       -5915       -5817      -10813      -21539           0
           0      -13039       10706         753         745        -813      -39326       89971      -23112      -33294      -19264      -21962       -4658       21566      -12000           0
           0      -44925        2405        5425       24360      -12731       -7877       -8094      -20042       -4835      -43709       14135       -7506      -10147        9279           0
           0       -7630      -42075        1946      -13933         413       37002       -4472       -9083        3829        8049       -8124       -1894       15760       18362           0
           0       31095       37024       -1017      -11774      -15184        8916       29509      -47181        6111        8876       -4471       17158       -4995       37676           0
           0       18400        2218       13080       -1570        6608       24857       16179       24494       -7298       -1549      -47190       -5016      -54054      -19116           0
           0       42732      -46246      -13620       -5464        9306       -2636       16663      -27001       29666       -7681      -53910       -4755      -16692      -17986           0
           0        -103      -28696      -30112       37625       11225      -33074       10199       10634        6886       12874       -7898        7230      -32070      -51911           0
           0      -33199      -13568        9409      -23653      -17084      -37611       10792       10642       27895       17429       27981      -62161      -36116      -25413           0
           0      -26122       50471       46887      -28109       28049      -10583       16066        -669       -4951       16255        4082      -18333       34190       40396           0
           0       10862       22954       10703      -10978       20769      -50263       48149       -7121      -77916       56135       65577      -16839        6448      -19681           0
           0       45910       27602       33978      -17426      -25198       35740      -41127      -25200       15881       17750      -13233       -6588       -8617      -34723           0
           0       78371      -67248       19433        4569        2241      -46768      -33057       38100      -16521       21017       35698      -31178      -25153      -30231           0
           0       50957      -29756       -4239       61325       12580      -39033       16074       70626        7390       18505        8214       38291      -47278       -6746           0
           0        6029      -25154       67224       -1397      -24542       17461      -12377      -13422      -10620       14397       43071       28594        2210       -9615           0
           0      -40496      -36398       25206      -29540        8201      -58363       87177      -37227      -19152       -3518      -30785       28024       44645       -9190           0
           0        -124        8820       -8609       24124        6659      -12153      -20058      -20237      -26177      -46439        -536        -990        2704       36686           0
           0      -31150      -26784       -1186      -23981        8608       13686      -54699      -52895       17512       41478        7268      -31965         -88       23500           0
           0       65310       30182       -8950       13920        4272      -18836       37836      -63779       27514      -25775        3890       77510         704       51848           0
           0       22071       27738      -18823      -53104       -4124       26072        7798       25049       50606       16177      -78771      -12484     -106432      -45056           0
           0        9192      -51507       11963      -24006      -13780      -15631       17668      -42790       26630      -23667      -95054       -3556         303      -41386           0
           0      -12157      -36328      -32361       28436       36178        4710          62        6367        -494        5150      -14238       50787      -15277      -85776           0
           0      -34506       29286       68741       -2923      -12278       61658       89923       46538      -25683      -10508      -20228      -79523      -83424      -52863           0
           0       -2872      -45846       17018      -20968       15077       75472       30875        8136        9810      -17713       46812        3223       35419       12511           0
           0        7467      -31653       -9488      -36164       22048       14673       12106      -24064       18332      -48122       27785       -6758      -28433       32822           0
           0      -43585       -7031       10332       26257      -51168        5848       27639      -66699       35261      -25978        7111       62177       72715      -70988           0
           0      -11012      -14103       36592       15886        3689      -31191       14406      -24047      -26545       60607       -1556       -4250      -24590        1566           0
           0       43155       -1590       48357       85065       15329      -44017       11431      -24468       26966       -2664       11389       32205       18705       16633           0
           0      -48852       22712      -78842        4375      -27243       58570      -27985       26619        5862       63114       -1100       52068      -45303      -32882           0
           0       39605       -5538        3191      -16139       48132       30564      -78252       39985      -57349      -66647      -56256      -50880      -26982      -41869           0
           0       45420      -27257      -25475      -43864         488       -2787      -44554      -21164        -959        7918       16737      -26345       20363       19341           0
           0      -34663       54769      -67236       51572       51753      -46549       17510        1013      -26426       44597      -28270      -16609        4269        3383           0
           0        1950       62268      -48759       59786       57087       92202       15004       67427       72853       53750      -68507       43909       93019       13575           0
           0       73241       -5341      -24050       35186        3402      -47588      -50586      -28624      -42171       71056      -13554       17936      -45084        5937           0
           0       -2725       21917      -27733       20670       10762      -75429      -73048       59714        5558      -18764      -65091       25696       -6924      -10575           0
           0      -26036       61453      -46650       60939       -9717       72768       23021      106168       28144      -38289      -36355       61418        2974        1609           0
           0      -26970       32288       77449       -8109      -34133       68701       82298       25880      -17439       18444      -32447      -55099      -52271      -49879           0
           0      -29194      -64632       12881      -40104      -24627       52588       -5729       25777       43122        3702       70275      -16642       28962      -26169           0
           0       -9018      -54125      -12505      -21870       23004       20064       22231        9197       23880      -28298       41111       -5228      -54538        4544           0
           0      -80354      -11152       15093       36479      -14424       -6452       12085     -118176       33313      -37231       -3903       31139       36551      -55805           0
           0      -18877      -17901       57169       38520       -4044      -12948       64363      -14498      -66094       27663      -32923       -7224      -46417       -5427           0
           0       57163      -19306       50759       42694       25885      -48256       19558      -59155       31922       24338       43114       22853       24885        6790           0
           0      -65853       45321      -94831      -13097      -16827       70004      -71861       40990      -41605       62978       -4211       48954      -42322      -51202           0
           0       44134      -31636       23528        1560       44188       50377      -29754       32856      -63943      -70399      -56764      -44684      -27713      -38904           0
           0       55110      -14811      -29022      -89173       42163       23809      -25156      -45486      -19001      -26726       28808       22800       14236        -352           0
           0      -52614       72159      -96751       58784       86404      -25690       13683       12810      -21372       -4274      -35014       -2891       11790       21997           0
           0      -31372       83000      -70884       85141       54745      102545         380       54193       46972       48393      -96797       56490       90709       20086           0
           0       76006      -16296      -58867       20694       31034      -39314      -73049       -1286      -62882      104046      -25384       63110      -69831        1578           0
           0      -54534       12435       -5497       -6915       17848      -52957      -85024       85984      -12505       -1318      -54090       55041      -16945       29893           0
           0        7120       34020      -66046       44194      -27651      100786       19656      138514       37027      -31374      -46348        7812       20036        2662           0
