           0       25082       -7661       10427       18524      -25494      -12307        4042       11332       -6972       14718      -24884       21021       15314        6941           0
           0        -951      -17543      -13270        4905      -51852      -16269        6977        5107        8719      -20147      -11935       -5932      -26907         780           0
           0        5200       17720      -30108       23676       28810       45235       -9357      -14337      -21912       19050       -4485       -1377      -11554       18179           0
           0       28856      -19385        9630       -9821       38997      -13026       -3858       28020       49850      -12993      -68124       -3209       17602       -8802           0
           0        7428       30298       -7000      -30445        -750        6295        4227        -254       -1208      -37494      -19599       37752      -20021       33991           0
           0      -18022      -33118      -13771        1436      -12905       -8112        4405      -19407       -7091        7933      -29303      -26152       27056       36453           0
           0       10371      -10167       43019        5502        9805       48297       -9944      -34729       -1228       -1531      -47447      -13329      -14655        -662           0
           0       10743       34995      -23687      -37402       15998       -2402       40948       10586      -44086       -3676       25122      -48238      -23607      -13192           0
           0       -7427       31430      -23705       60173       12188       16274       27242      -35906       -6048       -5424      -40433        9142       16653       10320           0
           0       33715        8218      -34460      -29041      -19986      -41221       14489       -4752       27349      -27456      -16511      -11511       12415       17386           0
           0       12273       26829       19685       -6561       41364        3484        4044      -36404       37440       27542       42567       37392         368       -5790           0
           0       -6924       20905       30623       -2005       -7408      -14772       29296       37769       22231       -6849       40395       11153       12299      -11972           0
           0       10619      -38833       15115       -4358      -28465       -7817       -9419       11689       -3090      -15486       -9950       17407      -17893      -22104           0
           0      -29512       -6022       17820      -24732       -6366        8600        -541      -20302      -30104       29296      -38343       28668        7612        7142           0
           0       20554       27107       39712        3200      -49093      -23735        3340         203      -12408       18146      -26801        5679      -17130       21239           0
           0      -29412        9503        1696       18133      -78457      -49396       21069       -4885        2832      -38443        3475      -23724      -30067      -10168           0
           0        1848        1714      -14574       37754      -13442        7077      -12169      -38125      -40108       13822        4959       11343       -7302       20522           0
           0       20044      -36953       48322      -46590       62574      -30791        4954       57306       14744       17472      -77786       37657      -19520      -20853           0
           0        2362       26406        1111      -26860        1670       -6773       13607      -31351      -41479      -52234      -26457       41066       14315       42362           0
           0      -28838       -9963       -3696       12940      -11355         626      -12347      -16035      -24497       -7261      -11100       -6894       37269       14387           0
           0        9480      -21509       48375       -1630       -3970       72307       10705      -32400      -28707       20352      -92048      -47164      -36785      -54434           0
           0       -6684      -20129      -82505       20593       40435         131       40644       -4715      -35642       13251       40164      -73448       11247      -25874           0
           0      -28050       34922       -5395       86609       45432       70039       21040        9359       -8367         580      -38521       19721        4180        9890           0
           0       37076      -24150       -2751       -9934      -29325      -43154      -40674      -39651       -4254      -61047       12464      -22852       22238        9551           0
           0       29642       67165       23218      -51932       67785       52148      -16987      -43980       36301       44229       64055       33934         857        4654           0
           0      -10027       44108       31987       -6623        4264      -43494       19414       58416      -23338        4648        7143        -637      -27867       23963           0
           0       15762      -43266       48586         900      -14809      -13397      -40646        7281        5625       -2965      -20008       21829       35610      -92187           0
           0      -79701      -20114      -18364        4635       -9590       41825       -2008      -35056      -20180       64071      -34718       23496       17067      -29406           0
           0       38117      -36779      -10087       28770      -78351       -5020      -20170      -17555       35409      -79676       70927       33964      -12165       14126           0
           0      -28827      -36027         152      -30727       54867        -221       15804       17398      -17532      -21585      -21793      -25811      -65238       31860           0
           0        4045       -1092       25831       27949        5976      -38274      -47235      -63600      -29379       21896       50047       13051      -31182       40048           0
           0       76318       28702       21027       21339       21872      -98686        2859       65871       28276      -44732      -12368      -25974        4310      -12897           0
           0      -59821      -42165       13182      -24435      -23213       26993        6148       -6068        7017       -1331      -47740       47776      -51518      -50286           0
           0       38700       45017       -9518       24174       32458       -3356        6729       12583        5672       -5634       25990        9779      -14636        3895           0
           0      -23771      -73703       48036      -12389       76775      -10464      -39585      -53595       13802       54421       26856       20706       22212       64381           0
           0       16770       33355      -50873      -24286      -26388       25324       33717      -37441      -27189        4509       21699       76962       39509        5652           0
           0       12549       11930       21407       37369      -22861      -12356       40272       68657      -77395      -52807        5292        9086       21427       25252           0
           0     -109040      -36040        5467      -30969      -17522      -41788       -4597        6535      -28766        9480      -16682      -37752      -47443        9705           0
           0        7617      -21267        7330       -4095      -12013       26532       27099       -9370      -27735       -7584       30989       88464      -28314      -27393           0
           0       28798      -43092       -6554      -29964      -27705       55621      -24752       84665      -46870      -45785      -29862      -23406      -15387       24679           0
           0      -17067      -47680       51625       14712        5862        1611      -28274       24393      -69210       51382     -133239        7352       46231       -2754           0
           0      -18965      -11750      -55228       -8961       29647       40240      -76138      -48967      -25240      -11062       -6894       20293      -59202       25858           0
           0       43871      -85575       -2350        6072      -92425      -31930       -4236      -23012       38068      -90468       94169       22254      -14597       11155           0
           0      -42878      -25749      -16374      -13265       34602       -7357       14874      -20462      -33473      -29196      -54113      -29815      -64167       11604           0
           0       11386       55767       28790       -6048       19476      -38574      -25822      -43187      -41207       33398       47735       39064       13407       26208           0
           0       77021       22411       64432       33911       39852      -58422        7068       91786        4618      -58349      -21618      -16736      -18248       30937           0
           0      -91031         885      -21418       -9757     -112624       16071       23429        7203      -35265       -1665      -23623       39618      -80448      -84561           0
           0       35724       32989      -17022      -10557       21507       -1407       32982       20783       32145       22561       46531      -22570      -17021        1173           0
           0      -38334      -78959       83674      -32516       82294      -23006       -3428      -31976         655       -8072       13268       14610      -10478       43983           0
           0       39441       33866      -72987      -44061      -26374        7742       38963      -21695      -39505      -30641       18649       95823       73447      -11965           0
           0       12954       35074        7512       56962       -5191      -30153       26751       42221      -52388      -76987       29431        3958       20067       10816           0
           0     -152135      -12027      -21713      -37146      -51437      -45425       40953      -20931      -12145        4272      -21501      -49856      -47593       19040           0
           0       55911      -22817       -9386      -13026       18160       35154       19894       -8136        8963      -12979       23926       82581      -18307      -15358           0
           0       21597       -4949       18067      -38440       -1130      103739      -49099      117858      -36511      -26529      -25858      -20916      -23133       29047           0
           0      -32689      -63773       80789      -29587      -15322        -661      -10136       23572      -89845       76952     -158630      -24883       70133       17620           0
           0     -106223       14567      -86870       -2025       51684       16081      -66636      -29929      -12129      -15122       -9043      -21490      -82682      -45022           0
