           0       -1630      -18954       17158      -43237        -422       22773       24930       -2370       46115      -16151       30039       11895      -20942       -1977           0
           0      -20177       17935       31838       30432       -8821       27274       27220       12581      -53161       20061        9444       34730        8249       11011           0
           0       -3548      -15872       20758      -43433      -26993       -3459      -24178       39237       33654      -58108        2532      -45277      -10361        3971           0
           0        2168       14148        7384      -12411       -9268        4262       27735      -52960       57953       10738        9136       16756       10424       -9620           0
           0       31693       32762        -208       19553      -15356       -5157        1267      -19755       14632       10798      -23779       -7720      -22939       41203           0
           0      -20078      -24258       10653       25248      -10985      -37007       30277      -50738      -23774       -7881        9783       -1606        2971       17586           0
           0       40713      -31591       -3661       -6154      -14077       34383       11805       62571      -55091       25010      -10949      -16418       53422       46209           0
           0       28571      -15978      -30446       17601      -75249       -4455      -11253       19210       47593       22096      -14527       30252        9401      -48509           0
           0      -18447       12377      -10902       -9031       43371       -1865       23786       54543       47086       20998      -28347      -48388      -31896      -17757           0
           0       44225       26438       19171       -8695      -31579        6899       27216      -12606       21911      -29699      -11400        9758       16992         337           0
           0      -24108      -20806      -18396      -23520       -9424       -2073      -23565      -20611       50997        4298        6849      -17555      -29170        3174           0
           0      -11657       -1872      -52114      -19664       49753      -34805        2624      -34095      -32784       48153       54259       30012       26340       24222           0
           0      -45040      -16607      -14670       26078      -13161      -16721       17290       -6433       28222        5466      -16173       25960      -33752        4845           0
           0        7887       42983      -14707       30963       35514      -27524       -1211      -39909       25194      -24886       89434       35026         217       21218           0
           0       17066      -25809        6000      -36584       26869       28908        6982      -22276       63520      -48702       28322       -3862      -26759       11600           0
           0      -11933       32052        6299       31484        9633       -1170       22039       25312      -57041       -6102       13789       39965       10700        9060           0
           0        -126      -28789       20529       -6361       22574      -14953      -31603       83295      -14900      -37227       -2955      -89142      -16497       14717           0
           0       13849       18807       31353      -31930      -11551       20806       17900      -43535       58279       22412       -8433       15346       18977       12835           0
           0       43321       31115        7099        9763       -6374       -3230       -6302        4083       16985        -118      -17676      -17934      -46551       53672           0
           0      -36291      -17726        6516       30732       21045      -22621       58180      -29186      -39655      -38220       38085       62032      -31027        -911           0
           0       33590      -52098      -16909       -6005        -128       45550       -5577       46419      -50309       34986       24010       11227       47559       30671           0
           0       39308       -8290      -47497       38467      -35707       -9227      -31731       24156       77951       46500      -21847      -12098       -1973      -40081           0
           0      -50386       17753      -21804        6198       23532       -3019       17774       41968       47680       22036      -60213      -44909      -21304      -43404           0
           0       47801       17894       46369        3515      -58351       27800       53709      -10319       22362      -25001       13478       21002        2361        1893           0
           0      -15717      -18609        8690      -73886       11616      -15701        2054      -42226       53162       -6933       -6710      -12431      -61588       16395           0
           0      -24563       -3028      -43690      -10518       67948      -29970        2668      -40179      -47635       77719       69710       54392       10426       40186           0
           0      -39151      -43506      -40884       10472      -26190      -19901       -6521      -23347       12408       35020      -34870       36285      -22436       13334           0
           0       44209       45457      -13853       47588       39281      -68885       -7461      -19017       57493      -12237       73744       37958       -3296       13441           0
           0        9988       11887       -1210       33166       43207      -71900      -32505       -4627        4758       53021       27649       24018      -23360       17778           0
           0      -18258       -9595       -6221      -37687       -5068      -21366        5616        3709       51818      -11200       -4570      -27176       42650        5263           0
           0       31988      -15855      -32244      -26012       16294       31620       52921      -12724         146      -31657       19765      -11953      -14639      -20531           0
           0       17204       59905       25101      -28083       -6329      -16002      -38380       37683        3771       35668      -56974       31607       55488       50654           0
           0      -34626       73145       -3048       33496       -5974       15424      -31194      -26502       -8632      -17580       51437      -13864      -16918      -46508           0
           0      -22871       12347       -6262      -52275      -56926       -3619      -53405       25159       14731       29966      -26052       12205       51439       41742           0
           0       -6700       10774       48904      -14300       -3966       -6836      -22181       30976       -3885       25666       -7307      -15156       -4403      -15594           0
           0       24859      -60625      -21248       -9416        7091       30461       19454      -37617      -49444       -6752       26716       74549        9900       15722           0
           0        4879        6882        8916       27049       -2568       -1550        -317       25149       -3124        5965      -29199       16122       28484      -30285           0
           0       19229       34645         -26      -24654      -17555       31217      -34892       39096      -13384        3556       -5353      -11560      -21760       21314           0
           0       20358      -43912      -35276       -2382        3443      -20328      -11446      -32855      -18787       13277        6132        8713      -23867      -19471           0
           0       10577      -24093      -26214      -53060       26626        5809       12255        8543      -18614       -2558      -54244        3328       13478      -22222           0
           0        -223       61026       26722      -18071      -34326         541        6252      -41016       33865       30918       -1131        8150       18766       35780           0
           0         762       -4255       18805       14936        3818       47706       11482      -22194      -28034        2877       21338       24083      -39080       16202           0
           0       54892       25154        1796       53102       52433      -83186      -32611        4233       19776       40489       20077       49915      -30411       13605           0
           0      -19299       -6239        1145        3087      -24473       10218       29808        2500       54993        1891      -11331      -27078       23666         535           0
           0       47647      -11552      -40813      -50159        6813       38531       70380        2466       -6410      -26880       22518        5992       -2245       -3073           0
           0         667       60243       43041      -46113       -4239      -22377      -53945       72464       -3331       43411      -72013       53801       26879       49869           0
           0      -26021       39902       -8793       73127       26110       18938      -55251      -37649       -3219       17820       59161      -23305      -10462      -39788           0
           0      -47924       32199        2584       -6308      -41630      -54113      -63057        -339       31322       66022      -23534      -25804       78222       37715           0
           0      -16424       -7480       66485      -27390       15838      -40369      -63433       26570       13972       11895      -43567      -24264       -1468      -49927           0
           0         236      -66537       12074       -5715       21044      -18463       43266      -35569      -44439      -22905       29169       80107        5262       -1093           0
           0      -15928       18076       63609       21192       16724      -12435       16542       21103       18884      -14758       12264       16681       21151       -9936           0
           0        9338       51397        9193       -6626        6464       12923      -17258       85498      -23135       14821       -4638      -18314      -26993      -14902           0
           0        -824      -50794      -17720       13118      -31369        -859        -373      -23474      -10086       40017       -7043      -17531      -21031      -50407           0
           0      -25052      -44679      -17311      -35649      -14999        2149         654       -3330      -41935       27855      -36423       -6318      -25325      -18684           0
           0       11972       45379       18803      -34516      -31191      -27526       47854      -30880       17081       17380        6893        2077       19253       53034           0
           0      -36884      -30418        1521       -5362        -711       55509       40339          57       -8280      -24465       20858       21141      -22326         978           0
