           0       -4474      -13150      -23031       33636      -18614       -6930      -37691      -11470       26753      -26636       23318      -32780       26742      -14074           0
           0       -7877      -28764       -4269      -31691       16428        9152        2443      -12219      -21460        8884        3160         502        7961       -3858           0
           0       10350        4893      -38511       16051      -10865        1658        2147      -33884        2378        6065        2648        9397       19905      -23492           0
           0      -33312      -35006        8396       39102       20521        6259      -15087       17151      -22523       18614      -16964      -18953       18671       22861           0
           0       24444       47897      -40458      -29551      -29658      -15998      -31569      -21812      -39718       -8347       29546      -35448       -3356        -624           0
           0      -26391       28213      -11058       42431       20221       -1134      -11060      -17225       41458      -22526      -18016        4569       14472       -1132           0
           0       36832       20049       54925      -17315      -46832          95       50689      -89137       13628       -4295       -1659        7775       -5365       18949           0
           0       43635       -2181      -38178       29764       10859       14553       35579       20130       -6657       13336       16752      -26288       30303        7515           0
           0      -34577       -3942      -20852       21429       -2038       14476      -11039      -12632      -19628       49370        9583      -36343      -37552       48011           0
           0       -4125        8150      -17828      -42474       25938      -13447       20182       15715       -7794      -13944        -863       -4067        1886      -37127           0
           0      -41343       23017      -11291       28017      -70541      -28340       -9015       11392       10100       26065         929       -1556      -25568        8653           0
           0       -9935        7765        4797       15852        8081       19559       -6195       45016      -14632      -64958        4982        6717       15914      -28457           0
           0      -42530       22624      -28917      -23377        7265       -7520         831       11092      -64777      -21588      -20584       21433       11149      -27464           0
           0      -35833       -7911       23989       14402      -15417       37099       -6839       18443       24743       -9081       -2047       -7978      -27454      -18610           0
           0      -38617       19720      -29455       14944      -23741      -14357      -81548      -11773       32416      -37885       21640       18387       19346       -6188           0
           0        6651      -29429       -8626        -609       17185       36460       -6025      -11587       20229       27707       -2370      -29977       -8972      -20382           0
           0       28467       -3927      -55726       39913      -16484       -6739        1029      -27817          76        4079      -53922       25519       66275       -5773           0
           0      -20244      -14519       24863       69684       18441        1603      -11287       -3982      -23697       45995      -31738      -27835        3810        6086           0
           0       35163       40124      -16623         532      -31202      -32138        4397       12700      -60469       14041       19900      -39019       -7054        6562           0
           0      -22810       15358      -40753       54267       19871      -28609      -22162      -48013       35651      -31023      -47035      -31873       33432       32946           0
           0       43633        8867       92205       -1856      -54211       -7872       96137      -97822       33663      -24495      -24338       24575      -35313       33066           0
           0       48158        2007      -19562      -12569       -6098      -11275       40462       -4433        2016       42561       68014      -20319       74115       46830           0
           0      -59326       -9469       -7155       14029        -765       -4586        5636       -1081       22025       70258       19206      -73803      -13627      103321           0
           0       -1107      -34268      -11602      -53582       -9570      -21728       63900       27063      -12718       -2612      -17432       -7477       24031      -35981           0
           0      -57925       17234      -32797       31436     -102540      -18747      -16280      -39907       30152        4645       13821        6507      -38876         303           0
           0       -2305      -22386        2536      -38976       15433        6850       -9693       86543      -14749      -65853       10025        2796      -13946      -45582           0
           0      -62961       34768       13188      -34451       20359      -11007       37283       42301      -46763      -19414      -39010       -7597       -4924      -15218           0
           0      -26417       -1158       13035      -10225      -36433       59782      -19908       59927       41023       12815      -22524        7652      -27720      -34311           0
           0      -42930      -32007      -23206       15334       15914      -15071       31028       17269       91546      -69162      -57460       87470      -10639       40792           0
           0       35036       24916      -20169        7597      -18519       25559      -26436       32030       56993       14750       80929       25535       -7370       12184           0
           0       -4118       62757      -28311      -21566      112352      -54010      -16017      -58925       56509      -27785       15991       -7216       44042      -20526           0
           0      -47216      -20525       -6014      -58498        3834       22663      -25178       22773      -15366      -21366       66277       -2318       22845      -56069           0
           0      -18361       46997       46689        1534      -49351      -42226       65824      -50940       -3738       28957      -24520      -29560        5237      -31017           0
           0      -23914        3831      -85448       31619        8692      -32882       25019       29947      -25308       50902      -11623       21845       27710        8964           0
           0       58799      -40845      -37929       26130       15399       21467      -42868        4438      -31035       -3034      -33046      -16309      -20531      -39626           0
           0        -909       39170       -9701       68417       44684       74132      -57409      -21660       -8563       32402      -82879       44968       11536       13300           0
           0       12136       -5810      -20982         741       -4118        2634     -123095       -7441      -23949       -8374      -14938       22613       48808      -43302           0
           0      -23180      -18402       21743       11040       36891        2895      -23151       31866      -16130       -7142       10951      -28262      -46444       13710           0
           0        7209        -392       12926       29256       15404        4271        2904       36541      -38056      -36698        -208       66612       12454      -14794           0
           0       -3017       52271       -2919        4451      -33442       -2291       22626       30395      -17142       16191       -5451      -37137      -80771       27292           0
           0      -29396      -15620      -42669       88810      -72583       64500      -21125        4372       15349        1855      -53476        8890       57532      -30975           0
           0       60620      -53506      -42201        9923      -12615      -26144      -63191      -15019      -25589       27526      -66050       -1876       -1393       88708           0
           0      -43089       -6725       -3112       10224       65049      -11991       52965      -12739       75134      -82628      -21397       57631        -477       45343           0
           0       38394       43269       -2274        3559      -26023       33907       -8640      -19505       53710       29012       79342        7916      -28525       17050           0
           0      -28358       70598      -50445        1333       99641      -79060      -58927      -73626       74815      -26706       28266      -26941       15477      -17610           0
           0      -56188      -25353       -2897      -78059        4856       28187      -23365       43402      -34764      -52077       41065       15714      -43499      -73176           0
           0       -2383       37851       55766      -15421      -47553      -11631       63178      -23448       -5156        4316      -40560        4695       12604      -12075           0
           0        8723       -4998      -79233       12366      -12236      -49771       -3449       14276      -43683       91866      -58935       91515       48521        9990           0
           0       56912      -36484      -58693       -8654       23209       -8353      -49652      -19705      -21733        -947       -2002      -10170      -49849      -17468           0
           0       10793       14925      -13200       65434       47733       97680      -64674        4876       -5665       41602      -92961       62802       41067         389           0
           0       22893      -33983      -31196       -8932       50277        7559     -110060      -22444      -86678      -14700      -61341       66484       41432      -39552           0
           0      -14490      -73701       19304       29091       87503        3059       -4545       16160      -29291      -32380        7281      -32189      -38512       37876           0
           0        6993         505        2738       36027       49257       40434       10742       61898      -56820      -69584      -20117       39971       27853      -34025           0
           0        7025       76101       -3530         795      -35833        5409      -22709       60422       13419       25338      -45006      -30513      -76547       48905           0
           0      -67944      -38628      -50607      115320      -82618       54831      -33750       21996      -15453       41987        3734       15766       44216      -18343           0
           0       65893      -35760      -76061       -2636      -16006        -875      -51842      -25937      -24256       30799      -50580       11578       -9093       71838           0
