           0      -11840       10791        9760        3968      -24687      -15271       -1580      -17186      -26336       19480       27763         108       -6371      -58371           0
           0      -49823          54       30701       36218      -30159        3802       -9169        2668       10921      -25462       -9973        6746       23469          25           0
           0      -31692        4570       -3119        7975       15066       27791        4675      -27555        9020       -4418        1574      -29850       37119       -5961           0
           0       26111       17743       28619       32191       16090        8331       38358      -14887        4074       -1034         -76       -1673      -21054       28219           0
           0       13830        6370       -8483       14709       -4365       -6484       35641      -35052       13506       -4352      -11302       -6780      -22711       -7047           0
           0       23292      -27926      -33619       39413       26929      -34823      -23084        7123       18074       36371       15295        2278      -25014       -9696           0
           0      -43574       -5232       29406      -29434      -32747      -40738         199      -23316       18645       -4711      -10716        9724       14573          51           0
           0       33646      -21814       19165       14649       -5461        3637      -27901       26035       18375       28297      -30203       10422      -32101       14458           0
           0       -2670       16544        -735       -4183         387       -7810       -4418       37827      -51608        3756        6819      -27933      -23557       44462           0
           0       -2453       12709      -15484       39865       17464      -34985        -619      -14524      -17790       23015      -23915       40885       30467      -34928           0
           0        9596       -8769       21106      -21967          97       21339       25495       10748       -1586       -8097       12248        1038        4648        8929           0
           0      -12000       48072       34865       32726       23883       -5571       10058       37968        1129      -15287      -34435       33133      -25996        9465           0
           0       -5377        1483       -2677       50330      -25329        9319       25498      -10642      -32980      -21263      -37173      -30019        3961      -10166           0
           0       68467      -31618      -51497        8304        8065      -19478      -33381        9913       19151      -35285        8767       -2232      -27356       -9296           0
           0      -13168       14013       -5307      -10287      -11518       -1727       -5083       -2020      -49499       -5294       40649       13111       20979      -46951           0
           0      -40735      -37753        8990       55125      -37213       13614      -20443       20355        6315      -24904       -3571       18193       30311       -4639           0
           0      -19430       13621      -36897       15003        9328       28208      -15295      -46527      -24398      -44472       50577      -28463       30832      -16469           0
           0       30591       44551       41632       29210      -14072      -20559       26203      -33876        7176       25699       -7131      -33292      -29960       44290           0
           0      -23315       15428       -5459       19312      -32134       -4747        9020      -23456       10699      -10950      -22324       16182        9974       -5301           0
           0       50048       12244      -49568       53359       23334      -47006      -25528       -2487        3139       73099       12089      -11020      -29500      -15676           0
           0      -49281       -3626       41171      -46203      -32980      -15051      -15440       -7702       19679       12828      -17236       32673      -17976      -33350           0
           0       10712      -24851       27031        8486      -14672      -21632      -23656       27486       22144       -7397      -23529       35061      -34171       21868           0
           0      -19580       16401         376       -1108      -15913       -5096        -402       29644      -57517      -19700       -9514      -35252      -15571       50678           0
           0      -21507        8891       -2219       54390        7732      -37601       13168         413      -28769         878       -1153       25705        2194      -24294           0
           0      -10793      -18937       13077      -39623       12235       30589       46462        2530       14714       21935      -31344        3477       11791       11563           0
           0       10970       39001       46555       29020        1616        1062       51329       10673        7604      -29950      -19256       47505      -29032       -1747           0
           0      -21482      -44915      -11543       30115       24349        8586       14085        2466      -30463       -2372      -30326      -10738       14264       11146           0
           0       76715      -63685      -52207       15263       29571      -15732      -18905       20722        4215      -64685       47058      -37208      -38903       -4393           0
           0       21051      -14619       14171       31886         442      -16529       24586       21494       19399        2891      -33614      -18285       16668      -10960           0
           0      -20928      -10424      -27858      -29285       41804       18941       17118        8326       10276      -34339        -530      -20911      -12500      -10717           0
           0       42108       22218       16169       -8051       -6571      -28389       -9701         177        1746       -3922      -14962        5313       36476        -560           0
           0        9530       27096       17014       17578       -1889      -18528        9308      -13375       39031       -6062        4713       33666        1971        8063           0
           0       19074       34949        4333       35926      -16786       30326       22317      -34355       11717        5774        8394       16798        5769       16083           0
           0       26174      -10815       38653       11924       31053         952        8179      -11338       -2635      -17098        7909       16380        9767      -27516           0
           0      -35541      -11236       -6401        9002        3072      -15457       16478      -30497       26519       -6800        9708       41060       15596      -10231           0
           0       10236       -4121       17380       17857      -18519      -19674       21017      -11556        2938       47775      -10475       38144        9163       12539           0
           0       34369       20546       35887       -1253        7841         541       10649      -21351       21169       29629      -31263       25455       17317        4305           0
           0       17674      -39186      -36946       46840       -9405      -15113      -27332       49787         371      -49264        2906        8369       40035        8255           0
           0       13968       20352        7576        9513       -5939       27653       -6737       -3396       17791       11842        -375        2261       27121       -6584           0
           0       -7495      -11442         357      -11673      -31258       23420       -1235       19016      -10431        -735      -20023      -27425      -32845       15488           0
           0       12377      -16355      -23465      -10106        3360       -4510       24930        4618       14964       23871       17814       30885      -12203      -12587           0
           0      -36375       34504         782       11485       -9467       21383       14226        3048      -10861       19573         513      -41880        1053       13757           0
           0       12814       17187       15753       63069        3130      -10843       18552       17243        2436        -770      -68781      -27208       -1721      -62177           0
           0      -10530       13895      -17145      -16214       49877        5174        7704        5525       -8866     -104414       -8913      -23285      -23836      -10799           0
           0       15736        8528      -26066      -30485      -11769      -57446       -5335        9210        1322        2442      -12451       -9206       23605       -8759           0
           0       24220       25168        7305       20185      -21271       20526        3486      -19788       15258      -72749        -821       69326       -3222        9512           0
           0       33522       39083       19666       23264      -42913        5836       13082      -46288        5505      -31204       33395      -26247       12581       28986           0
           0       27548       -9223       45198      -10749       29303       37644      -15122       13703      -17933      -34103      -27211       22677       58918      -35801           0
           0      -42998       -8126        1548       -8238        5150       15975       50278      -25791       11585       -4386        6834       43515       45279      -29706           0
           0        2777      -35682       25479       32450       10918      -46946       19717       16071        3096       51680       11020       58337       -6557       26976           0
           0       42078       26695       17003        -742        -575       -4799       12423      -40252       49975        4105      -33551       31748       21282       10818           0
           0       15093      -44413        -268       37797        7478      -30649      -37381       46094       -8222      -22421      -17965      -21393        5090       23073           0
           0       17084       17854       13257       27587       -3096        8987       34960      -11375       -3966       36474      -20861      -49103       10728      -40154           0
           0      -22931      -33571      -12926      -25069      -43982       40319      -28866       34307       17263      -13675      -21724      -23500      -12464       32165           0
           0       42716      -10120      -15537        7947       -1539      -54108      -29835        1620       28437       45524       18549       10121      -15637      -18197           0
           0      -96115       34961       15385       42211       18649       44799       38637        5113      -19753       23699        -452       -4985        5380       -8446           0
