           0      -12513       15786       74294      -11117        3484      -22984       -2159      -55085       44241      -31912        1063       79703       23245       44647           0
           0       27847        6682        5595       42587        5891       40730      -11957       23319      -30031      -20516       36939      -18046      -11309      -20163           0
           0      -23969      -10855       -6997      -26647       25612      -86149        4691       -7992        4231       20830      -39934       41461      -21347        3932           0
           0       -1806      -24653      -23501       38145       13111       -3453       10219       25411        7283        8888        8914      -27209       17178      -33496           0
           0       36039        8178        3352         319       13936       20719      -48952       20878      -19433      -33280       20959       -1426        7411      -54229           0
           0      -54592       45266        1775      -69926       11142       47352      -17805      -55486       19304       28399       24642       20508      -22773       19236           0
           0      -31913       -8633       21862       11360       14511      -44652      -27153      -16591       30641        3402       55801       13261       -5790       26352           0
           0       18303      -37246      -33174       18363      -23253      -22109      -19981       54048       -3011       13747       21963       55585       -5636        6274           0
           0       -1790      -32656       33064       20381      -27813      -13145       39006       -9148      -49531        1716       21531       26865      -33846      -18163           0
           0       28788        6448        9437      -14147      -37955       32475      -33204       11298      -33681      -19742       22599       47745       13656       36745           0
           0       43875      -35879        2384        9679        5403      -32057      -44633        9245      -44372      -27741        2012       38197      -24935      -36748           0
           0      -27196      -19204        7502       -1673       20196        7565       35494       17259      -10268      -36675      -23509       -1109       38553       23416           0
           0       13561      -16831      -45567      -47053       -6009        8900      -14166       23592         288        3219      -28679       25521      -13874       -5588           0
           0       52101      -14776       66233      -13516      -12373       -9584      -13067        8988        4502      -28146        2884      -24296       26513        1288           0
           0      -31663       23310       60455        4223      -31815      -66100        -854      -58465       58187      -51958       14982       77538       67195        2584           0
           0       13906        2432      -13167       39823        2710       10154      -19617       24974      -53335        8461       45874       -9845      -16137      -57990           0
           0      -18841      -25937      -13063      -39543       29493      -76001      -15674      -35517      -50191        7401      -81259       66572      -65955        3609           0
           0      -34512      -25530      -31166       39894      -34158      -72562       65772       35756        8475       59806      -28890      -66597       52449      -26597           0
           0       30455       -9905      -61272       -2396      -17771       14937      -65748       29866        -502      -52456       30830        6286       29808      -81838           0
           0      -48342       48359      -10914      -51712        1534       61845      -68148      -77886       38337       56633       17674       16126      -44632       13345           0
           0       -3253      -44943        3967       -5119       29686      -35736      -11555      -25533       25206       32941       53992      -62516      -45382       46157           0
           0       59148      -71716      -51722      -10578      -37513      -45622      -24124       72125       -8551      -53390        6216       47480       -6438       -4885           0
           0      -41054      -16686       25003       16705      -14988       47733       26827        6643      -46667      -34666       -9178       37908      -56822      -18132           0
           0       49365       10680      -10417       13952       21515       44099      -42335       55902       -7867       19281        5387       50878       26378       59800           0
           0       30381      -38477        1776       53521       -3492      -56532       -3484       21314      -27240      -10123      -34081       33841      -30355      -35642           0
           0       19598      -77922      -23655      -12477       19945       -5659       44713        1756      -40290      -37753      -23603        1584       77474       13491           0
           0        9424      -21802      -29614      -79936       -7865       11208      -36758       -3060       20368        1679      -52774       40989       -4829        6139           0
           0       50670      -58951       72931       -1016       14740       37353       26603       17581       11503       -7251      -22689        4508      -46585       22921           0
           0        3942       -8833        1012      -21683       12142       -1395      -24026      -16230      -19827       42858      -29943        5896        7613      -24510           0
           0       -5412      -54814       17941      -16600      -81685      -17673         851       -5678       23175       30362      -21431       15589       18768        -725           0
           0      -27223       18422      -34812       34331       -4022       -2332       40335      -45630       -5857        6298       51504      -19730        5421       -7154           0
           0       18049       -4934       36478       57581      -15740        7647       54385       46924      -36453      -36073       38033      -23392       39239       66358           0
           0       -3052        9030      -17447       22283      -13986       41371       29839       -4401       10064       -3147      -11610       24677      -74257       21282           0
           0         873      -19811      -18532       -4447       43271        5319       12133        8098        3146       19124      -51254       32384      -20793      -71067           0
           0      -24017       85536      -20973       34687      -28185       15447       26908       33336      -21494       33221        1181       51027        9742       23181           0
           0       58093       63152       -5109        3719      -14043        2791       -2706      -22478       27958       -2990       12077       -5944        2780       -3177           0
           0      -13506      -28344        8246       54979      -31543      -15880        3709       36386       80005      -29742       18646      -35569      -43998      -29439           0
           0      -14880       41336       45767      -29596      -12197        7819        3527       19814       48283       -2743       23798       43037        5770       12729           0
           0       44386       30770        7493       17754       14774      -12640      -19884      -20970       12307        4230       11450       -5705       18296       31164           0
           0       -4314      -14963        8390       -9788       15205      -14023      -59765        2783       16920       19420       48947       35823        4331        4924           0
           0       -4276       16972       37548      -10771      -11535       -2055       22913        6381        7136        6879      -63505       11776       29385        5597           0
           0       31634       -9985       13584       41122        1498      -24489       -1656       19034       82506      -30901       40725      -18749        6840      -59062           0
           0      -46773       -8192      -10020       19220       35929       -3180      -20867       -7099      -36720       74561      -17863      -14170       24758       -7311           0
           0       -7815      -25624       11776      -39825      -50675       -3820       30640       39691       -9267       31987      -24257       -8127       61461       10261           0
           0      -64365       -9082      -13869       35229      -46808      -30368       59567        1617        8022      -15488       40902      -11422        4575        2026           0
           0       33897      -25036       30085       53353        -122        7745       33764       55718      -29621      -28677       19346        5250       30824       51113           0
           0       14938      -21344      -51646      -16838      -19630       68893       30529        9183       26851        -375        3910       54672      -80899       31668           0
           0       35686      -82664       34087         -25       43446       31288       35730        5374      -18622      -27901      -64396       31808      -16625      -96159           0
           0      -40885       69066      -53170       35642      -26414       32375       17043       71993       15286       27639        3331       59414       15529       11615           0
           0       29273       87475      -14637       11681      -20990         365      -33833       -8201        1249       -3246       30681       -1946       56764       26662           0
           0      -14193       24469       -5494       73100      -67248      -39614       43021       94582      119214      -12782        9678      -19971      -41604      -40562           0
           0      -33374       55108       61234      -95093      -35803       17123       19111        8221       10157      -31660       35234       39412       29290       20224           0
           0       14595       47193       37353       -1296       15288      -29178      -57014       31286       48083       20871       24711       17569       14950       65247           0
           0        5155      -21864      -38203      -39618       12546       -3130      -39961      -14419       26106        9054       80877       13385       -4495      -12939           0
           0      -11680       29770       87423      -48110      -11242      -54731       24428      -23499       65758      -22919      -12963       44450       19422      -41741           0
           0       -8916      -40346        5507       43986       45331      -36142        8749        8716       91208      -33033       59332       44724       -1824      -18630           0
