           0      -22315        9405      -29628      -29778       12040       32180       -3028      -24862       13780       19323       27855       29024      -23225       -8481           0
           0      -15846       23687       27707      -29515       14099       20923       49675      -25719       -4113      -12327       27639       16881       17441       13011           0
           0         178       -5952       35259       14026      -10701      -16205       42741       10069      -22498       12073      -13541       -5952      -32039      -34596           0
           0       -3684      -24947      -43773        9399       -4559       17028        4665      -21102       33940       -4904       33983       -3659       -1050       11280           0
           0      -15602      -16734       16481       34080       19426        1644        -785       -1427        7046      -10031      -15370      -20340       21213      -11152           0
           0        8784      -23506      -10619      -14864       43601      -19818        9959       53376      -49687       29051       11918       21666       15373      -34599           0
           0        2248       38775       -2159       -9691      -29728       46156      -13404       63859       -3203       23808      -30806       16017      -19746       23361           0
           0       23843       -3654        8855       20077       14621        1057      -52709       24900      -13569       -3689       43047       53174       30861      -15687           0
           0      -18753       24393      -30890      -59812        5909         719      -16879       30781       -2760      -26946       48568       -8647       17771      -44971           0
           0      -29257       30199       20263       35157      -18067       26796      -42130        -295       11513      -17771       52410        9366       21332      -17331           0
           0       -4972       22191        6837      -12290        7090       29841      -18830       19973        3140       17371       28707       -2070      -20945        5228           0
           0       20982        1236       21907      -35753      -13577      -40199      -10573      -12834      -46777       -9427      -27501       -7131      -40800        8554           0
           0       10211       -8338       -5415       46586       17933      -19863       23746       25870       38073        -399      -15608         548       36475        4276           0
           0        7182       53927      -35915       34566        2673      -22248       20810       -7578       25136       96404       44139      -37525       17962      -36150           0
           0       -5712       -4470      -44943      -20746       55394       24648      -40433      -83441       -5133       24471       10277       19961      -31537       15109           0
           0      -30808       14652       33284      -55529       18998       55128       65840      -20000      -30529       -7981       13644       18840        1130       19113           0
           0       -7397       14508       59295       31874      -39419         845       69167      -18451       -8873        3392      -33461       37340      -29175      -35088           0
           0       28134      -40725      -64266      -31019       21991       39219      -19260      -20635       -6030       15052       69111         762        5921       10991           0
           0       -1750      -36658       31103       20176       26931      -23940       25153       21086      -20168      -37978        1728      -24670       20186      -29116           0
           0       39664        3312       27110      -46338       57443      -52323      -17004         -11      -84258        4913       24261       11387       10698      -41393           0
           0       23735       42766       50016       -9285      -31160       62031      -13701       59216       32421       12308      -33084       -7112       20196       -1349           0
           0       16849      -12252       -6887       21424       47495      -19921      -57055         -45        -412      -12631       73424       99029       36410      -25958           0
           0      -38497       14740       -2938      -67979        3513      -23005      -48930       19074      -31293      -17949       56931      -33797       13746      -54586           0
           0      -23897       26426       23883       46803       -1332       70024      -34614        6696       23392      -33851       72631       77824       18507      -14322           0
           0      -14310       27849       10497      -34134        4734       44043      -50427       37336       -2240       19011       59912      -20636      -17840        2467           0
           0        2038       26605       37032      -74230          68      -47819       -3543      -30780      -59771       -3081      -50953      -22831      -68919       -3495           0
           0       24941        2415      -41491       83191       -4567      -21013      -20474       33728       77555        8263      -28333       29019       38956       24860           0
           0       -9834       79519      -77724       63191       30759      -22006       -7359       18538       12781      113172       13448      -57087       25206      -22962           0
           0        5846      -27927      -16677       -8687      -53700      -13929       36638       -3729        5852       58626       32542      -13087      -46301       -9988           0
           0       -1084       61809       88940       78393       11291      -51319       31717       29017       -7040       43785        7094       76873       49723       27510           0
           0        4327       33085       19565      -14183      -61142       30563        9457      -20465      -77065       26911      -43567       22451       -2834      -52228           0
           0      125971       38438       22299       15986      -55128      -45687       55213       15878      -16983       43558      -34775      -37865      -58345       64355           0
           0       73187        1777      -14775       43986        3249       21014       62008       54094       18406      -11662      -32242      104816       60297      -51966           0
           0      -20969      -55300      -66597      -62016      -63110      -47078      -47787      -30186      -29076       73907      -37148       -9410      -45250       32377           0
           0       49585      -63622       -5537       35208       -3695      -20874         198      -23432     -110629       36339      -53753       -6396        4358      -22399           0
           0      -49006      -39134       26160      -29698       14122       -3261       47344      -11256      -39553        -322       25634       65013       36033        9922           0
           0       34032      -22801       35816       74422       25903      -57551      -10995       21178      -13060       -3418      -75709      -64736      -22256         458           0
           0      -40617      -38222       14382       -5762      132928      -18215       28144       37170       -8431      -22395       23821       28272       -4012       31516           0
           0       -9022      -11941       50722      -74802        2458      -70177        1099      -63105       30717      -10651       -4085        5250      -46022       62387           0
           0      103093       -7081        6000      -25693       20830      -23309       37740      -86810      -20414     -113769      -68243       38726       -6162      110363           0
           0       22777       17923       29861      -77418       47402      -30510      -30928      -20266      -43452       75988       47643       -8934      -25675      -18841           0
           0       21568      -76581       60877      -16419      -28676       -8631       96488       -6594         548      -47004       32599        9544       25164       58671           0
           0       12323      -63179      -10668      -43841      -84279       23895       38956      -22691       11459       70744       43557        6472      -54137      -12163           0
           0       -4182       11367       49527       89612       -1001      -94958        1149       14489        1795       39667       27245       78295       30687       28597           0
           0       30621       44310       26794      -25407      -38970       23395      -18589      -26095      -82992       25366      -29850       46812      -23515      -52660           0
           0      135515       21465       72394       -5434      -62699      -47093      103848       42847      -30665        9030      -33048      -42739      -48578       48144           0
           0       47412      -31075        -710       66009        1008        5621       34572       24838        3109      -28510      -78212      108645       55578      -35566           0
           0      -16341      -43921      -68312      -43017      -59974      -94251      -12902      -44392       -4484       86656      -47195      -13099      -41851       35292           0
           0       57066      -49608      -35204        7389      -24195      -31652       19138       25846     -103527       51769      -55010      -23216        6487      -56260           0
           0      -56288      -39736       29306      -27696       13331        9363       24478      -63287      -56294        3062       -3164       55906       29330        8004           0
           0       43612      -42295       55339       48960       34921      -54591      -30203       33233      -28442       18080      -80267      -86670      -24100       33742           0
           0      -22482      -25693       -7009       22226      121025      -25401       29497       42516       19771      -15147       35218        2626       -2615       22317           0
           0      -16599      -18698       65875      -74482      -38160      -44676      -50348      -75399       64643        9201      -23616       -3325      -52972       70969           0
           0      105711       -7035       17241       10917       34519      -61946       48803     -101811      -31408      -89866      -52571       32782        6478       77829           0
           0       44193       40331       50237     -132341       21260      -32316      -22709      -25273      -23776       59061       54892      -71317      -20525       -7281           0
           0       56084      -86109       74822       18609        6390      -37752       97923      -12750       20505      -35774       47640       28430       30564       28480           0
