           0       13269       12372       -5024      -12218        6986       -3736       24905       -4855        6169       16674      -10114       19521      -23999         -93           0
           0       -5598      -13424        6802       24029      -38491       14031       47489        2682       -6495      -18329        8763       13797      -21640       -8885           0
           0      -22280      -25067       -3738      -18969       -4725       -7849      -17897      -43067      -11591      -20812        9300        2520       19003       36024           0
           0      -23898       26316      -12554        -363        7444      -11537       29381       12330       20015       28347      -19163       30663       11696        1913           0
           0       13436      -18959      -26948       40485       -2218      -47298       -3290      -26043      -17242      -17487       -3771       -2728       -7739       17271           0
           0        8716      -36604       11853       -3155       10608       34863        6987        8111       22596      -38546        7375      -29031       26642       38919           0
           0        1262       -4054       19254       25278       -2418       -2847      -13067        5003        5642       29645        4021      -28166       -2829       16471           0
           0       -4723        -174        4241      -14279      -20555       25811       -5229       41363      -26146        -566        3186        6993       15972      -27990           0
           0       29845       11939         421      -20647        -301      -24443        8324        6300        6154       21598      -28747        3417       37411       12670           0
           0       -1743        4908      -44123        1935      -20573       34085      -34653      -14051        4681        8896       28949      -19506        2419       27185           0
           0      -15439          39      -28978      -27523        7739       -7348      -22286      -21739       16312        4752      -24750       26454       12250       -4540           0
           0        -655      -35358      -15881        4718        7729       41428       14228      -16149         748       12082       21070       11141       46595       11727           0
           0      -39343      -16055        7341      -20117       -1367      -30224        3205      -20771         893        8997       16160       14631       25919       27033           0
           0       22232      -12673        9954       41018        8122       25434      -15869       21152      -17228      -15192       17126       11877        2918       26723           0
           0        5158       33212      -23338      -46531       -7245      -28929       30948      -19731       17349      -10750       -5773       -3382        2708       28054           0
           0       -1336      -39066       17258       37792      -43015        -941      114756      -23110      -17293      -17911      -27731       36041      -37652        8299           0
           0       -7850      -15431       -2992      -19567       59290        1177      -21239      -43062      -21645       26126        1942       23946       16027       42417           0
           0      -48970       26937       -5618        4513      -14353      -29214       32234       47077       34038       75831       10130       16016       14766       -6688           0
           0       39327      -32948         -62       32642      -10266      -59433         648       -3433      -39195      -32359       16245      -52702      -15063        1961           0
           0       11822      -71614       19003       -6729       53651       60883       41099        4291       33393      -63262      -31197      -51719       24004       40921           0
           0       -1267      -14265       33936       37422       28260        9556       -9890        2876       25415        8174      -11812      -55084      -19766        8274           0
           0      -25186       -7684       25948      -10992       -6395       37070       -6449       20144      -54602       -4090       18801       19960       60757      -63710           0
           0       24905      -16091        -158      -32062       -5941      -45622      -39634       36611       13436       37737      -38106       29274      -13582       23105           0
           0        7644      -26433      -15089        4921      -47797       57402      -63215       13179      -45688      -25368       48580        3440      -27510       10725           0
           0      -42982        5802      -65951      -87187      -34970      -10207      -43706      -36048       33736        3135      -38066        3656        7575       15787           0
           0       -8641      -22525        1636        -190      -10687       22281        9254        -470      -25956       15211        1767      -31335       63229       39595           0
           0      -17758      -57183        -892       22720       15540      -54758      -15092      -22498       37906       41871       32805       36748       76888       40979           0
           0        1470       -8854      -21220       11721      -67657         228      -18488      -42188        4498       15253       25977       14767      -11761       -7279           0
           0       29998       -2609       17196        2920       19414      -15470       21946      -34410        5812       19674      -16558       -6859       -6765       -2807           0
           0       17506      -13366      -60589      -30498      -17479        7200       24398       -7301       12853        8231       17094      -29729       29274      -43104           0
           0      -29143      -20014       12085       50085      -25475        9069       25075       31386        3297        5207       12753        3324        6240       -1812           0
           0       -6134      -17952      -22386       44537      -25212      -13796      -34713       -9822       -1559      -11749       12596        -696       -5970        4852           0
           0       18221      -25827      -12106      -11648       10383       -7913       -4115       14258      -17460      -13300       18305         175      -11556       39478           0
           0        5256        6060       29839         178      -28107      -38750      -26341        2044       15195       -2859       -1180      -35769       -9745      -12938           0
           0      -25959        4323       41376        -140       -8400       -2600        4700      -14964        9996        1103      -26416       20476      -25980        9236           0
           0      -53377      -32781        1874        3155       16545        8928        2201       -7682       18836      -11844      -12216        4233       25175       32408           0
           0        7290       19322      -26898       20044       17388       -3158       -2561       16357       31760      -31392       15498       12880        1314       26956           0
           0        1952        5120       -7199        3355      -22181        8238       17961        5951      -30591       19258       18466      -19994       12003      -38446           0
           0       32707       14513      -35747      -13127        9195        1603      -19105       12575       10445        7440       11291      -36014      -10633      -18671           0
           0      -22368         607      -19862      -26762        9599        8670       18204       -6146        7266       -6896        8566        4077       -6214      -20873           0
           0       -4011      -21612       39249       -1657      -14520      -10257      -13714      -22508      -11312      -16621       25099       23279        5119       27845           0
           0        4759       14833       37564         218      -23162        2096      -15628      -37599        3094       49844        -669       -5941       10548       -9776           0
           0        9439       -7885      -22364       13501       19516      -20623       17499       -8634      -15020       14640       -3740      -18889      -12978       37744           0
           0       15779      -33990      -38336      -33839       31081        -782       31521       -1970       15471      -11420       60610      -13443       34221      -16966           0
           0      -12015       -8903       36567       51575      -35013       -1962       44449      112402        5362        1509      -18617       -7188      -25791       -4136           0
           0      -54484      -23794      -18717       60166      -21112       -7325       -6236       27258       13353      -13277       19837       27754        1769        4010           0
           0       34241      -57246        6901       23788       17590      -31767       26669       -3605      -28190      -52838       39268      -14706       -5963       95569           0
           0       -9708       13777       47566       12844      -44739      -28619        -364       14315       -1368       -7160       -3692      -55763      -14387       -7943           0
           0      -59081        2180       84326       13043      -11922        3668       45065      -25686       47138       -6623      -19464       36540      -29186       17302           0
           0      -46154      -23669       51987      -26687        3349      -20778      -21307        6895         872      -25228       -8379       31732       10684       24502           0
           0      -10425       31052      -31549       15502       34121         983      -32519       37357       29682      -25722       11991        2861       32622       31159           0
           0      -35365       33632      -26278      -11454      -73427        8286        3557       15925      -70150       50304       14858      -56634       11683      -56391           0
           0       27241       12525        6986      -13034       13693        3779       26512        8535        4458       28126        3699      -13188        6643        4525           0
           0      -26686       -8547       -9369      -67499       44149       28078       41093      -18743       20445        1288       17210       12944       13349       -8653           0
           0       25875      -32059       63944       11969      -37501      -38817       -6034        4606         444      -36610       -2063       46526       11587       12279           0
           0       -3955       22327       63193      -24015      -63490        2012      -61210      -29224        4371       56771        4201       -1616       -7039      -21015           0
