           0       28390       -3692      -11621        9520       12597      -50032        3161       20315       28650       11259        6785        1288      -19011       -9139           0
           0      -18594        7786        -388        9405       19576         390        7395       12972       14347      -58520      -32562       32560      -26242        9533           0
           0        9157       24071       14098       14601       11889       20355      -22078        -134       -6183       -1633       16550       18689        5574      -24971           0
           0        8492       -5350       16155      -13114       16950      -20130       57880       11066       29063        9644      -12291      -29243      -17961        3811           0
           0        3275      -25579        7702        4974      -19559        6681      -12245       -9166      -10637       29642       38890      -27933       10577       -5558           0
           0        8417      -18178       -6934       21794        9127      -17166       -7279       15011      -28785       33541      -36659      -43231      -15901      -17485           0
           0      -17748       21932        2166        6121       12159      -11347       -6424       -6143      -39702       30184      -17463       20531       13671      -33278           0
           0       14793          96       21410       11083       20019        5694      -48560         789        5784        1679       25255      -19591      -21115       -6304           0
           0      -20624      -10171      -21642      -23260       11571       -6688      -10847       38996       16859      -12957        7834       -1011       10076       -8679           0
           0      -15919       -3832       32415        4528       37986       -6124      -32010       56790        1878        3637       17618      -17290       16965       -7503           0
           0      -10362       17652       19453       -1557       13078       10979       -9343       41269       -3962       -3921       10205      -19905       13262        -511           0
           0      -10900      -14346       17697      -16035       -1696        1747      -21750       11308       -4582       -8430         995        2597      -10332       -8490           0
           0       -7576       18832      -30770       -3350      -19774       -5533       14955       14624       -2325      -14896       -5288        9564        7173        1663           0
           0        2718       -4985       -4949       20719       -3920      -19858       13788        7344       24979      -15153        4163       -7089        8795      -26019           0
           0       -2925       12748      -11665        5563         928      -27383      -20051       41476       11622       -1207        7701       11206       27769      -43911           0
           0      -27353        2249        1035       26188       -9353      -12816      -18098       30569      -18681      -65201       25371       23000      -13385        1329           0
           0       10716       25070       -6787       39525      -66753       59955      -24815      -13587       11541      -18749       39691       19485      -15343      -14959           0
           0        8214        2067        3635       32770      -20653      -25553       29346        2982       42071       44246      -42290        7834      -32740           1           0
           0        1813      -13579       20664       47518      -14304       -2006      -16467       13695       -8630       -4591       10564       16569       45305       -4662           0
           0       -8319      -19496      -39482       25114      -11183      -41330      -17628       18613      -42787         207      -32117      -76416      -41378        -731           0
           0      -42993       45742       32011       -7737       21437        8140       38018      -26445       -4422       14787      -29366       -7523      -21938       12098           0
           0        -626      -20387       30810       19040      -15815       25985      -10653      -14342       33371      -43764       76317       24044      -22767       -8538           0
           0      -20282      -28643       20569       -4409       34595       -2844       12400       25127       55592      -50681        4917      -23862       35335      -25967           0
           0      -26218      -18479       46660      -15295       35660      -21051      -33632       33040       13682      -24499        7247      -31641       66279       -8888           0
           0      -35337       23016       40348      -20559       14404       26748      -48395       54306      -30380       16064       30679       -2892       38951      -36404           0
           0       -6166      -44824       57893      -35582       -8557       34361      -21892       -3733       18013      -32912       -2012        4771       16827      -16342           0
           0      -15621       17937       -5704      -26648       -3399       30475       -5574       30599       60355      -33209       30557      -17701        1685      -43200           0
           0      -10046      -17993      -38044        7760       42201      -65844       22429       -5570       17666        3180        5474        4669       15765      -71988           0
           0        1567      -47034      -83591        4381      -16341       43160      -35217      -24136      -48260       14562      -18265      -62401       38517       68574           0
           0        6444       16915      -27897       43850      -64692        -214      -30705       14926      -36867       50831       -7171      -38420        1463       34950           0
           0      -11160       -6599      -70801       56820      -36499       -4627       44919        3939      -44122       26718      -23823       37242      -41019       23152           0
           0       17595      -70320        5635       12137       16454      -22469       29895      -21427      -59506       23133       14782       25375       73544       31365           0
           0       31087      -38291       54236        9790      -61451      -10473       14138      -26124       26950       -8130      -12780      -66306       16577      -45013           0
           0       38510       38536       53938       36212      -15908      -17920      -23954      -29640       16251      -58849       37472      -30227       45590       44001           0
           0       46515      -76510      -33987      -35270       47230      -41689       71763       48121       33565         553       23054     -103497       42748      -61081           0
           0      -15287      -34887       92338       24326       -3888      -16089       24581      -26340        9056       51813      -14774       29148       35348       -8618           0
           0       34006      -28123      -31346       31811      -20584       47403      -27951      -25633       41494       38757      -51116       22969        7868         267           0
           0       36320      -52120       48309       59793       -3092       20415      -54806       54587      -39092       94496      -12708       27439       50670      -56863           0
           0       -3994        9484       65876      -53886       22522       38846       46042       28154      -69755       -6793      -25897       17412      -26259       10928           0
           0       25939      -40833       45470      -71629       53082        3791        5827       16866      -13492      -59637       39501       -1725       22569       24857           0
           0      -41710       30280        5310       14150      -31668      -21493       16169        3728       -4645       24133       10281       31038      -54710        8345           0
           0      -47359      -66539      -24606       65963       14382       -3482       12089      -35605      -16088      -76824        9263       -9373      -58334       10212           0
           0       -6155      -52931      -98341        4285      -24808       51799      -25098      -14031      -41326       -4307      -19957      -74647       20112       53707           0
           0        7266       15700      -15678       23556      -41013      -19628      -22998       62931      -60708       19526      -24755       14129      -21621        9311           0
           0        4102      -28827      -56591       65710        1991        8790       31091       16179      -71169       43970      -17902       50837      -50477       59689           0
           0        2102      -80303      -23442       27869        7124        1431       30878      -31495      -86199       55842        5660       17877       89017        9752           0
           0        3696      -10784       39536      -68371     -102580       40474       31861        1619      -34244      -16097        -149     -111635        4768       -9518           0
           0       45478       46187       87658       67381      -33196      -12039      -39674      -26140       44265      -61922       42412       -5006       19242       52977           0
           0       47183      -74476      -22909      -69924       55186      -40491       60053       15923       46748       12126       49618      -99545       50002      -97920           0
           0       13339      -33629       98543       22563       27303        9488       33757      -46394      -13216       90168      -68320       13209       37576        5898           0
           0        9543       -5769      -14887        8475       39906       74978      -25121      -55438       57041       20363      -44502       40515      -19359       23566           0
           0       27412      -45330       32141       76787      -14359       31793      -74012       39884      -60315      125614      -23406       55859       41933      -87318           0
           0       21876        4131       74204      -31374       35897       48032       43502       60518      -68939       -2593      -67143       12816      -50591        5596           0
           0       15017       -2090       36989      -50518       56407       -2898       -3229        1619      -21883      -39330       78159       -2625      -31308       19521           0
           0      -25165        6732        6849       20677      -37370      -24906        -222       12414      -33310       28886       20154       41013      -50151       34327           0
           0      -46865      -78181      -32715       91730      -19211       73727       -4577      -47591       -7132      -63416      -24133      -34720      -36027       68792           0
