           0       -6857         613      -17377        1045       10402       -5149       -6401       23015       21800      -17006       11842       -2120         907        -512           0
           0       -1170       -4985       36507      -66232      -25845      -12976        7065       -8345       12108        5291       23979      -33421       19981       -5050           0
           0        -623      -15366       -4196       25450       13326        -183       23488      -56184      -46454       12321       -1076      -12843       12035        3762           0
           0       10986      -30454      -31034       21839       -1875        2047      -17498       24416        6280       21181       -3444        6924       19578      -37385           0
           0      -13846        6894        5131       -6479      -13032       -6277       34658       -3796        2889      -41712      -17348       14037       -3177        2384           0
           0       15508      -39503       -8400      -20599       15281        7957      -15096       51953      -20499      -12575      -37350        1263      -15912       31043           0
           0        7600       49250       17439        4807      -37269       24609      -24696      -45620       40977       15523       19265        1841      -50888      -14238           0
           0       30633      -20393      -26282      -21741      -10507       11363       33785      -32577       -4990      -10443         411        1562      -50917       21704           0
           0       -8905        9694       13521        8482      -27844        1445       38251      -29917       32134        6574      -16432       28003        3682       10594           0
           0       21026      -21016      -38261      -46149       -4480       11513       40405       -5713          61       31619       -3063       -9108      -20421        1050           0
           0      -23624         928       -5220      -40484       -5827       35978        9440      -28743        3296       39204       15274      -18657       -1590       16330           0
           0       28394       -7568        1004       10862        2675        5590      -16378      -31867       25341       23269       49226        3918       -6477      -17487           0
           0       15334       28312       -6468       41106       15659       -7115      -10761       17991       20522      -10347      -11261      -17273      -20326        3415           0
           0        -592       -1968       13755      -32074        7537      -31315       -3264        5598      -23962       25756        7619      -29889       -5942      -36564           0
           0       -8403      -27836       -5803      -35018      -39112      -41329      -23810       -5260        3222       -7726        7060      -20671        5884      -12454           0
           0        -434       28135       23031      -63894      -80508       -2054        9795      -12511        6685        6751        6958      -17775       -6470        6152           0
           0       -5585       16170        4194       29655      -21679       34089       91795      -42691      -71334      -30394       28001        -571       86781        9556           0
           0        8037      -36126      -15992       42177      -10945        2604      -14595      -43157       -3435       27531      -27090       46540       23908      -85066           0
           0       32855       48232       25975      -57394      -25803      -33639       74301       15791       44606        2733      -34957       -7169      -21310       19448           0
           0       16853      -27882       19801      -23039      -11309       16907       -8300       41256       25765      -27978      -32951       -8090       -7619       66407           0
           0       16289       56014       47283      -11668      -63430       29792      -64808      -58764       14927      -20689        9590      -33744      -28505       13031           0
           0       39696      -77936       10202      -66563       36919        8697       27631      -44092        8501      -79268       17059       -6520       12754       33263           0
           0        9544      -52279        6397       22490      -19419       40476       29880      -15486       32541      -34483      -50606       55650       43262        9462           0
           0      -13972       16548      -28325      -25333       68587       25606       69779       -1757      -14478        4373      -46824      -34978       -3681        4751           0
           0      -46365         723         329      -47743       33204       57803        9743     -107379       42169       27527        5034      -27737       -7339       40829           0
           0       53189      -33922       -9019       -8072        7991       17140      -45328      -30919       13324       22236      106854        9073      -12255       -9022           0
           0      -23734       61895        -499       83611       49765      -12023       79010       -8093       25640       32626      -46839      -28492      -34996       39033           0
           0      -34914      -24365       43134       -5707       19033      -29705       -6967      -35164      -63894       37937      -11085        6428       -6626      -41663           0
           0       14783      -19313      -25127        6056      -11739      -15633      -19314       17822         709      -21923      -20789        7084       -4486        9467           0
           0      -11008      -16915       -6355       24369       -6213       22070       -8343         -72       17015        -416       -8255        8705       -9481        6317           0
           0      -12326      -25275       20567       18871       26372       20949       25767      -35646       11213        6416       -4788       -5059      -17343       -1110           0
           0       29007       -3908       15581         464      -10018      -15594       46758        -347       23248      -13830       28525       31030       -2732      -63791           0
           0      -35666       34981      -24259        6924        6995       -4449        -543       -1990         308       13912        5608       14591       43526       13372           0
           0       -7727        8502      -21119       -6137        5290        5399       12374       25898      -33745       -6595      -12820      -23786       -6815      -30925           0
           0       43625       26289      -68306       18283      -39354         359       12716      -13325       -4552       18296       -4623        7532       31883        4096           0
           0       23091        3971      -43101       -6831      -19005       13661       14954      -20705      -26910       -1673        7637      -23416      -33308      -35062           0
           0       16888        5579        2196       16910      -19751       18400        5054       16939       15138        4252       -1056       41925       32607       -1836           0
           0       -4115       26519      -28552      -25809       20148       -7841       23330      -21194      -16893        6408      -31354      -12772      -31177      -33474           0
           0          96      -32360        4924        1731      -41871       -5171         933       61677      -18232       -3060      -21739        6975       30556      -24594           0
           0      -12720       37835       12870       16290        3222       -4003        1688      -23641      -17591        5174       15218       -9064       38865       22380           0
           0        2100      -34586        3563      -34974        4071       33801      -25049        6483       -9065      -35846      -34587      -22379        7255       33067           0
           0       13691       15887       -7274      -15083       23134       -2425      -30263       55869       12468       -5147      -18156       16522      -13353      -18112           0
           0      -29706        -616        9442       25638       32921      -68681        8034       40209      -15471      -29732      -25259       34632       15181      -14911           0
           0       44469      -61322      -50291      -22855      -10676      -23781      -29132       28753      -17496      -14148       11272       20918      -16991      -12916           0
           0      -27822      -27756       37909        2682      -15869       44460       32632      -23301        2882      -23227       24484      -18335      -24103      -12059           0
           0       38926      -11645        2916      -59918      -22979        -983       54032       47036       28447      -36104      -12118       44437      -40509      -38055           0
           0      -59687        9559      -30134       -2459       -8045        3201       33096        3984      -67318      -38153       21549      -12001       26812       35207           0
           0      -17270      -40372       -6676      -11328      -17474        2458       11113       -7635      -64948      -23772      -36428       45767      -30772      -27002           0
           0       81660       13991      -72072       10042      -55867       12949       30260      -15529      -43764        9814       31076       15124       58009       26187           0
           0      -13679        5628      -46365       -2203       -3517       89490       38783       -1736      -57293       28745         163      -34123      -32109      -51346           0
           0      -31956       16320       10790        2232       -9214       -5726       51362       36733       16695        7835         386       37493       11808      -27487           0
           0       11703       25352      -60080      -56779       13779       10626      -36471      -24943      -48035        5581       -7898       -3756      -10311      -61747           0
           0        5284       22186      -35261       15477      -61666      -21197       22517      -10199      -31933        1483      -10413       74080       44593      -15929           0
           0       33691       47058       47368       13202       16919        -569      -60444      -36412       -6013       16828       37837       -7934       19170       29022           0
           0       20914        5628      -16208      -51613       35828       30537      -15796      -11912      -15268         227        5300      -13307      -43646       36263           0
           0        7756       35088       13976      -54649       39891      -68691      -42945       67096      -10300      -36931      -27891       -3901      -38991      -11067           0
