           0       11506       -3542        -247       32866       22137      -32749      -13051      -25482      -18386       -5743       15700        9041       -8002       21280           0
           0       13022      -13061        1919       21969       26784      -19745       -2395      -15288        9753       -6739      -44112       17003       22552      -30211           0
           0       -5741       16252      -19663       30165       34733       16597       17880       29524       15526       -1209       31624       14482      -25523       -5303           0
           0      -14623      -37329       20644      -29726       -1964         -96       23226      -19559        -919        8991        3538         -82       -3948        3126           0
           0      -17164       16545       -6254      -18580      -18838        3199       -9782       12612      -27475      -30054       29567       18123      -29245      -15004           0
           0       -1152       35045       -8824        9908        2704       24727      -27091      -34261        6944        9697      -45010       19446       33309        3000           0
           0       45336        8125       14258       -4319       12311      -29597        7576       -3258          13       -3943       25889       30461      -16805      -16309           0
           0      -20049        2051       27525       -8717        2524       30714       21889        5808         572      -13900       14975       21719       10021       -7323           0
           0       -9034       -9800        5754       -4792      -19792      -25627      -37698       13140       11006      -11665        6885        6790      -11901       26121           0
           0      -17834        1086       16827       23287       17411      -12075      -23943       10007      -17455        9895      -10885        8266        4100      -17449           0
           0       19714      -48020       -6438       47167       -9303      -19944       18679       17605       26176      -49343      -32263      -10113       30062       57678           0
           0      -11557       24573       19645       10128       -7374       11389      -24908       45329       11266        9791         378      -13799       15291        7562           0
           0      -17604       -8391       -4284       19682       -6386         118       14800      -11761      -31289       19969      -15415       -4806      -40560       33258           0
           0       23900       -4282       15840       27169      -17917        4379        5904       10147      -32271      -28415      -20506       -9607       15818       18758           0
           0         284      -20437       -7489       56872       44019        6177      -60368        5194        6731       -7199       44545        1078       -5123       31549           0
           0       29337      -37851       33383       45321       49872      -20270       19813      -40404       12909       13651      -50276       17537       35841      -32216           0
           0       -6788       43492      -28031       57848        1087       40904       15583       17918       37857         415       50209       25357      -13197      -17139           0
           0      -27142       -7201       34185      -10900      -28384       28326       51671      -23750      -18599        5070        1998      -20183       -5086       -5945           0
           0      -24985       16230      -26258      -27970      -11368        8000       26990        1454      -26813      -48771        1860       44060       -5382      -25121           0
           0       43735      -18226       10723       10640       -6103       40520      -16565       -8276       -5990       58924      -56726        5135       22037      -26863           0
           0       73775         761       40198       37118       37798      -36169       19497        1369       29554       24841       32257       42238       -7640       16075           0
           0      -26616       -6514      -24982       10292      -33183       12500       13760      -23087       70722        2477       21064       49440       14401       11322           0
           0       10649      -38919       18677       -3816      -14477      -43928      -43957      -34389        -778      -40012       -5081      -14917       -9955       13742           0
           0      -51766       12236      -20085       10936       30545      -30603        2222       -8482       23423      -10932       -2933      -24004       17303      -51725           0
           0      -22329      -22899       12520       89995       19664      -13989       54854        9050       45922     -100136         557      -37853        3131      102388           0
           0       -9621       32615       49129       -1791       12171       45337       11336       80710       27722       26191       46104      -46554       31368       36508           0
           0      -31736      -32268      -13562        8942      -51262       -2356       11113       13709      -86478       -6769       37832      -25543      -18807       96745           0
           0       77676        7718       16284       58675      -33686       18463       34965       11495      -77065         -39        5081       26824       25708        7035           0
           0       54818        1611       27500       18273       -1673        2976      -20443      -22294      -18925       15347       17807      -18468        4435      -18223           0
           0       18743       -7497        1538       -1917       -6214      -24360       -3554        4124      -34634      -12285      -29366       12278       16535       -3279           0
           0      -20634       10798        1241       -1105       -5123        6124       -1693       -7886       -9504        4714        5895       29613       40089       -6792           0
           0       14215        6783       -3022       -2344      -22373       36955      -13254       15064       22021        1168       12719       -7782       19445        8795           0
           0       -3413      -48168       12911      -17899       -3043       -3439       -7422       13679       29499        7808      -17601       13160      -21195        7815           0
           0       37744      -17987      -23059         609        3289       -8247       22399       11801       15550        3405        6589        -831       -6113      -51875           0
           0       65500        1783       15470      -22951      -13092      -13121       15826      -36949      -34451       -3807        4403      -25930      -13243       11474           0
           0       11247      -20848       20849       31953      -37031        1310       -7652       20981        4771       27331       29077       11574       18572      -18010           0
           0      -16255      -11622        9636      -14439       16988       11538       13555        9094      -36051       20833       -4735       13822       -7550        3029           0
           0        2818      -10284      -13574       30781      -32123       -9773        1310       26055       -1150      -28508      -23331      -18184        4708      -15814           0
           0      -29077      -39107       -3463       20917      -17272      -26289      -35447        8228      -16967       -5200       37924        -806       22315       -8190           0
           0       13079      -11437        1577      -12407       15992       11721      -14616       18444       -2354        8208      -13158        9829      -15692        6744           0
           0       18875       -1818        6773      -15934       21442      -25685      -19230      -11495        2516       18209       -4902       -2893       -3583       11604           0
           0      -34260        1049      -21027       12447        8217       24639       51268       36590      -13675       -5282       -8382      -25637       -1288       28963           0
           0       77118       40945       77775        -612       -9192       30035       -8899      -18505      -30331       21239       16117      -43866      -15492      -46873           0
           0       18338      -16843        3520       31447      -23303      -32537        2733       12709       -6035      -16992      -23332       12458       10548       35022           0
           0      -19822      -47395      -54139       15762       26245       -2645      -24535       12306       -8648       16202       43653       50120       57291       27389           0
           0       33335      -32149       12484         452      -31108       19182       14034       26848        9240      -23674       16528        4047       -4550        1350           0
           0       -9195      -28259       34434        7648      -47056      -25884      -12188       71675       39979        7146      -37429        1105      -27149       36245           0
           0       65697       -3705      -20329       19753        4643       -1423       67313       26402        5363       17856      -17438      -16243       10080      -81205           0
           0       61790       -4859      -21938        6249      -26288       -2248       33788      -15982      -51481      -33434       36439      -29765      -38673       43913           0
           0       21154      -31294       32060       69880      -45541       12863       25451       24644       -3903        2313       22607       43585       22810      -29492           0
           0        1078      -66219       -3098       -3628        9384       10021       34557        2421      -25628      -10212       31217       17751       -7956       33229           0
           0       11174      -10377      -39871      -10628      -18888      -50270       30354       56877        -482      -30640      -32476       -6139       30860      -17915           0
           0      -42147      -54599       24915       36902      -45178       13186      -25905        8051       19625       10231       49198      -34170      -22751      -40650           0
           0      -15171      -14847         194        -523      -17640       57775      -20869      -12936      -19385       15549        5737       48528      -12552       53997           0
           0        9866       -7437        6700      -51266       69064      -27939       16992      -34285        6456          25      -55746       10282       18882       16105           0
           0       -3338       -1384      -56542      -12753       18243       50585       37523       46189       -6294        1180       14366      -35500       52000       14880           0
