           0      -16598      -20436      -16867       14992       36325       -7419       19032      -16288      -34011       11437       14875      -33740      -21312       26474           0
           0      -10728      -27275       -2659        9023         600      -21935      -23435       -2942       47230        5676        7698       -8291      -14521       -2149           0
           0        -242        6639       -5296       15172       -1515       -3173       46837       -7468      -11569       35442      -47832      -49832       29644       17338           0
           0      -14275        2794      -12845      -21576        9920         260       35884       17173      -33585        5216       69652        6354      -42206      -52809           0
           0        3115      -16645       -3856       19431       -9766      -21478        1979      -23039       31966       -7010        7557       -8318       -7005        3404           0
           0        4335      -17337       53272      -22087         877       14687      -12986       11708      -21940      -29190       39716       -5129        4941        6574           0
           0        9851      -11187      -14390       -4362       -6674      -37977        1306       20290      -19006       14292      -11081        3600        -658       15593           0
           0       14850       20936       -2563      -30021       -5120       17291       27307      -28100        1333       37675       -4194       14452      -21178      -19950           0
           0       29079        5657       38867      -25666       -7677       20432       42296       -4661       26558       18233       21619       17409      -26055       -9515           0
           0      -40106       59832       -7367       29908        8400       -7723      -28287       -3870       10451       -5547       14269      -20003       -2196        -635           0
           0         961      -25188       12373        6890       -1846       -9049       -8835       13278       13150       54173       33871       -1979        5922       -8852           0
           0        8013      -30280        7241       24707       -1628       15317       11165      -27212       33679       14586       42512       -2105        4457       10814           0
           0      -17905      -26407      -27554        2451      -16900      -10855      -29435      -29280       30967       19167       -8554      -19136       -2279       -9551           0
           0      -24760       14574        6066      -12447      -13764       44709      -29112       -1080        9757      -11140       17327      -18575      -22683       22671           0
           0      -10809      -61865      -14549       20783       39187      -36467        6641      -16005      -33017       67774       23889      -15107      -12177      -55348           0
           0      -43786      -47133       -4915       25478      -36903      -35053      -36376       -6579        7926       18851       20630       -4444      -18429      -27617           0
           0       -5617        -729       11437        4185       12767       37177       50668       -5658       14847        8188      -33779      -57760       57121       28100           0
           0       25211       12208      -20159      -16798      -23504        7670       30008      -32667       -3772      -13541      101787      -29430      -44471      -78274           0
           0       20037      -19355       -3105       -2264       -6757        3972       23165         213       41864       15495       18784       -9092        4059      -12314           0
           0       23724      -22908       45420       14997      -37824       25023      -18310       -9744       -5520      -21513       66404        7782       39116        3843           0
           0       12850         255      -45566       16434      -31772      -42535      -17590       76148       -2316       40365        7387      -19890       14828       20097           0
           0       43014       29666      -17299      -70325       -1520       16351      -19693      -20261       12035       38835      -18320       -5827      -68947       -6026           0
           0       39807       26432       45353      -35054       19690       18992         344        4344       33503       40900       38941       44715       -1574        2857           0
           0      -24214      102178      -13978       11396       60151        1403      -25630       -9066       21027      -52318      -11057      -37550       -2616       25778           0
           0       -6625      -57861         252       -4180       35856      -44180       30234       14856        7041       86943       35596        6657       15635      -22729           0
           0       14875      -47408      -16568       26856      -24511       34291       42470      -29612       42027        7630       31421        3340      -29726      -41336           0
           0      -60242      -17435       -3513      -26641        7456       32590      -22009      -54834       41755       -6654      -48186      -26083        5034      -24128           0
           0      -34550      -23467       -3629        3719       15992       47760       13043       -9103       59879       -7385       -1131      -57029      -27040       27585           0
           0       10212       17618        6161      -14424        4715       38298      -29011      -21363        2252      -38730       20930        6705      -19251       27786           0
           0       23001      -14567      -32661       12762       19730      -34591      -12458        3641       16822        2971       -2288      -28613        2999      -27769           0
           0       -6095       -2239       37438       10812       19209       20121        1169        4556        -187        8617        4963      -26602       35088       -4010           0
           0       -4190      -22129       15772      -20874       10253      -23623        2833      -11123      -25841      -20609       13468       46162      -32944         637           0
           0      -14118       19691        9322      -12862       18346         308        -472       19475        7216      -14227        -516        7333        8226        7010           0
           0      -55071       18433       27295         613       16350       37568        3770       -4912      -12073       -7796       17229      -12977      -37428      -17851           0
           0       49627       14563       13277      -73858       17607      -68190       16228      -24638       20162       -8285       -9400       18010       43968       10483           0
           0      -11990      -31299        6411       31246      -10679      -18971      -13075       13979        2397       13651      -11182      -35186        3050        2496           0
           0       26354        1189      -13604      -19694        6410       24709       28698      -25780       24851      -12632       42725        3569       15343        6054           0
           0       -4713       13868       18174      -15167        4648        -249       -9032        3937      -12559        6343       -8206        8024        2213       16560           0
           0      -11988      -12025      -50788      -13689        4144         672       -3720      -18118       -3287        3593       -9476       -4949      -35726      -21992           0
           0       -8627       12732      -17377        2790      -45959      -19622        7123       17272       -7989      -22223       27752       11232      -25339      -45793           0
           0        1327       -3672      -18884      -15434       -5347        -512      -13449      -19013       29842       -9179       11477       -4296        6582      -14465           0
           0       34142      -11332       19413       27070        4091       32023        8070       -1955       23304       15961      -18467        5523      -41877      -34183           0
           0       54843        7103       -7467       24549       16701       14703      -51835        5090       26564      -30618        9633        2264      -44771       15502           0
           0       13887       -8479      -48055       38948        7149      -53065       15619           9       17418        2696        2194      -25883         583      -20127           0
           0      -43377        3694       64486       42960       10530      -11725       16880       -1327         189       -3703        2391      -41432       32538      -16585           0
           0      -22650       -7061        8004      -43010       27322      -11789       -2112      -43270      -33465      -16168       21124       17001        3366        2861           0
           0        -246       -1259        9881      -13528       21798       -9921       -5990       44991       -6581      -20646       35591        4448        5297       17944           0
           0      -65512       24063        6263      -13110       26046       63790      -17156        6554      -35473      -64148       52114       39666      -60333      -52348           0
           0       58524       16039       17559      -82623       44703      -60661      -17137       29583       18850        8897        8115       26002       49672      -13973           0
           0      -46679      -37033       16629       -4209       38734       15244      -23501      -12323        1466       27112      -23817      -32196       -1572       23591           0
           0       62577        7389      -26410       -5346        6566        9043       70344        3149       77517         504       49026       16110       13959       -9006           0
           0       -4798       56996       47807      -19093      -11556       17687      -14167       -9417      -16315       11289      -25594       63608        5997       17180           0
           0      -18693      -26191      -38445      -20281        9187      -43428      -14615        -600      -33856       -1821      -47575       32203      -80252      -54469           0
           0      -12633       20629      -43014      -40920      -39529       -4066        7223       46236      -28655       -2153       23300       38193      -11919      -33642           0
           0        2958        9875        2105      -16823       11392       25571      -44281      -27757       65568      -20300       24190        8603       54861      -16614           0
           0       48262      -30932       25149       29643       27961       90169       -6904       29986       42292       19991       -3855       14459      -27066       -2485           0
