           0       37710       59764       33469       -5953       -7080      -16808       40164       21059       20717       39769       15063       15341      -31183       -4683           0
           0       27058       18371       11829       12569       16377       -6949      -15910      -10208      -48246      -28460       12791        9116      -14876      -12910           0
           0       -4538      -28442      -54473         763        7018       15003      -14422       -2618       33855      -11901       33894      -17675        9983      -40302           0
           0       26039       22380        2871       -2381       40545       -8812       29110      -15143      -34661       20691       17071      -65891       -8840      -32946           0
           0       -1114      -12130       11453       12768       -7851        8295      -14831      -12115       -3214        4702      -19469        8439        2581       35599           0
           0      -13718        4373       -5348       14755      -26719      -11901       11490        6394      -30073       -9332       13810       27357      -35168       10696           0
           0       35568        1508      -29308       -9661        8980       17849       13285        7519       -2719      -11149       -5372       42846       12030      -33301           0
           0       13971        5101      -48967       -5218       13273      -66760      -15125       60654       -6700       27751       19346      -11222       29857      -18662           0
           0      -10403      -43506       -5854       22569      -15413         836      -39588       83632        4781       13726        8578        3007      -15599      -22307           0
           0      -25136       -6343       27711       10221       -1013       15729       -4462       17977      -29260      -13304       15185       -9050       -1537       22705           0
           0       18602      -29534      -59695       26932        2868       15065       11327      -36649       -2970      -24473        9875       24025       33196       -4124           0
           0        9159       22042      -17783        9069        4881       16184      -37518      -38923       13660        9559      -10459       29363       39449      -34765           0
           0      -16736        2137       49158        2702      -30397        1813        1261        6097      -12902        7423       31751       11841       -7492       17256           0
           0       26297         435       23712        2095       -5235      -10407       -5713       31234       38026      -29700      -31198        -244      -29452        4642           0
           0       28599       52192       43540        4395      -36302      -26187       23040       26010      -16306       36506       -3888       12829      -11533       13423           0
           0       48662       12673      -15820       27259       23016       28660      -18710      -26414      -42768      -63972       11299        5884      -61606       12262           0
           0      -13670      -26551      -86143      -20412       10141      -16136      -28252      -12768       76984       13126       43599      -37913       21258      -27925           0
           0       27560       26888       10812       15660       63965       -7048       26996      -16154      -14364       32374       20345      -91758      -28049      -66304           0
           0          77       -9084       16227       18752       26472        4298       17167       -8322       -1981       -1872      -32356       19264        4494       46405           0
           0      -72631      -51126       18778       42724        -422      -25089      -31545       11731         653      -17260       43250      -15659      -65746       -2005           0
           0        1206      -15043      -42543        1853        1845       50400      -23789      -22258      -32339        8400       26851       21532      -16528      -21400           0
           0       43288       17722      -23030       -6020       12122      -64483      -14046       69567       28121       78481       15294      -12038       14384       -9519           0
           0       32105       44363        4954       24450      -25477       20670      -35834       89570       24934        2657       -2568        1693      -22476        7347           0
           0      -28861      -34838      -46394      -22926        -823       -3555      -20685       50861      -21353       -4342        -572      -16122       16422       43941           0
           0       28143       10624     -106839       16323       17115      -37114       37979      -42874      -10817      -26922      -35215       60942       13629       12021           0
           0       12881       38660       -6041       61027       13523       30098      -18235      -34417       23248       -4754      -16988        4718       29264      -59010           0
           0       -6323        7897       47452       21557      -16546       -6808       71500       59390       -3662      -22816       18779       43577      -67939      -19812           0
           0       44870       20040       39575      -33650        7702      -69657      -19990       22886       64437      -74505      -16768       63270      -33300       53718           0
           0       38847       77791       -9395      -27816      -78322       74051      -23648       70804        1791       -5512      -74277       10280       91159      -17183           0
           0      -50174      -39983      -34215       48333      -34680        6271      -31536        9189      -19591        8737       36621       43384       55567       33845           0
           0       79984      -11406      -78025      -65861      -98784      -44758      -18464      -69743       28715       54613      -68312      -76345        7797       40388           0
           0       -8614      -18531      -56685       49106      -46059       56919         569      -43323       -8089       36152       44086       43217      -13431      -28671           0
           0      -96803        1015       -3431       -1935      -20483      -41877       64352       18315      -36978      116255      -13199      -47038      -72500      -62977           0
           0      -27108       79676       78654      -94816      -37148       46396      -21998       30567        8499        5846      -13128      -67329       16620       55404           0
           0       43126      -61750      -24796      -48241       38055       84572       43708     -182995       59189      -27649       61370       32752        8594       17475           0
           0       12985      -12488       48377       27603       -5675       22203      -47661      -44139        5503      -10262       77255      -11700      -75612       -7163           0
           0       -4733      -18019       62689      -46019      -14314       54286       -9283      -11188       13611       35569        8520      -40217       21717        6558           0
           0       63086      -17334      -16793      -71055       32029      -45545      -10465       60122      -15681       55512       54703      108615     -111505       -7718           0
           0        1719       82323        8486        6049        6187       22660       60071       29923       -7839       80182      -58017      -14014       -9023        9640           0
           0       44280       69254       37600       48393        8924      -40128      -68361      -87588      -50865       21546      -19710      -40910       28474       37619           0
           0       21604       12114      -22958       18986     -125314       48696       55520      -39767      -14073      -33314       42503       13968       37624      -44310           0
           0      -27763        8613       17984      -73858       29254      -36835        5501       41100       18175      -51914       70724       35574      -21953      -20651           0
           0       60503       68284      -19840      -44635      -60825       63070      -19281       45515       -2472      -11295      -83578      -22043       91616      -45146           0
           0      -56501      -26542      -45129       55349      -24772       -7479      -55957       34693      -31996        6635       56820       41098       32241       48562           0
           0       56506      -16319      -92420      -50877      -93232      -54912      -24221      -64939       32185       86047     -102407      -82193       34033       -9400           0
           0      -11552      -23005      -82092       -3294      -62024       60847      -37836      -54245      -13823       31731       52047        7409        -617      -82329           0
           0      -53109       -1333      -56219       -2394       20567      -25703       95377      -23284      -11085      114698        1971      -56590      -14425      -59678           0
           0      -39420       48767       55628     -101976      -32474        4447      -30930       14532       35122       36960      -31479      -64247       34898       33634           0
           0       35334      -46457      -41316      -11337      103441       42699       18852     -209849       35079      -42821       52531       11816      -11247        -246           0
           0       15922       -7589       51230       10284        5516       23913      -14457      -10039       -3616       -7264      105600        7435     -100622      -32254           0
           0      -28423      -32709       62081      -34851        3863       54779       -6489       24291      -10177       20073       -6447       -4063       31613       21851           0
           0       89065       -4239      -32260     -106531       48905      -27074       22419       53808      -23683       64682       60661      107401     -100499       51851           0
           0       25225       67306       35812       40023       18249      -24452       57448       51295        4698       53505      -61946      -36736         -65      -15518           0
           0       24841       53935       32431       59667      -10103      -84442      -89880     -104706      -20834       43684       -5042      -71095       14296       59151           0
           0       10113      -17012      -29458       44936     -131156       57871       45620      -29522      -39969      -18749       72075       34094       88782      -43575           0
           0      -27131       41534       36747     -114099       42591       -8088      -16722       63754      -12888      -62307       53957       24110        8467      -20849           0
