           0       -2702       45617      -10996       21291       16335      -16423       28713       13319       -5245      -24702      -23306       -1221        1139       43843           0
           0       31952       44819        9628       42566      -10273       41657         446       20304      -13148      -22994       38726       13599       11259      -20740           0
           0      -42343       19998       16091      -11555       19060       17257       -5199      -35382      -47993        6527      -18609      -15115      -14967       -3248           0
           0      -14499        4487         711      -29347      -34649       17445       20572       11265       49336       11149        2223      -12629      -14281      -12273           0
           0        6895      -26835       17906      -22154      -16549       14553      -45757      -26802      -15784       -7962       -4504      -25760      -11694      -14822           0
           0       -7064       -3224       50881       -9893      -24927       -8025       41424       70261      -23841        8260      -52510      -21381       -3206      -26993           0
           0      -14217       10034       -2725        6256       19971      -10714        6783       24731       -2138       12443       20444       42802       -1414      -32871           0
           0       -9080      -32379       17908      -33304       15178       -5930       13431       14237       27348      -16809      -26776      -27522         330      -34835           0
           0       -2658      -35428       33791      -38856      -22685       21508        7017        8748       22034      -16137       -6116      -21596       42776       -2044           0
           0      -39976        4797      -32478        3591      -69960       36908     -101661        8451       43022        3685      -31277      -13614      -11216       44996           0
           0       23189       -9635       -3756      -19148       51220       14049       -2640       -5642      -42709       -3020      -49182      -46030       15575        2892           0
           0       15474      -34131        9341      -13629       -2342       23772       -9592       18833       -6049       14494      -30196       83321      -36045        6824           0
           0      -22472       -8370       22701        1304       -5233      -22308      -71117      -29405       20930       27948       24953      -34408      -36926       27802           0
           0        7299       27887       20451       37210       24517      -23430       32705       39812      -44992      -36106      -15454       -8097       16998       -8545           0
           0       12740       39134      -33679       21274       58908      -44548        9261      -11296      -38737      -20461      -20216        9175       30443      -14063           0
           0       -8953       12791       56134       13186      -21362       37618       24626       59103       -7378      -33523       33739       45653       45273      -74027           0
           0      -48012        6976        7421        -380       -6948       40824       -4642      -89219      -62862       -7708       34461      -52309      -19717       -7616           0
           0      -24060        6541      -19181      -34979      -17154        4244       11283       24964       28151       21589       -5570         238       33206      -37589           0
           0         354       -8333        5141      -19215      -55255       16414      -46503      -10721        1870       -3598      -14762       22190      -16370      -35884           0
           0       17138      -30322        8950      -25822      -58558       15426       67124       80731      -43071       34803      -27973      -11492        7286       31700           0
           0       20648       13768      -33055       18886       25177        3255      -31297       38368       -6566       -7455        -624       21014       -9179      -63110           0
           0       -2041       -3155        1428      -30286        3826       24429       -8387      -45265       20836      -51440       16254      -40993      -20828      -41911           0
           0      -12309        8392       15634      -24642       52619       74181        7836       -5656       62193      -33510      -60592        -881       43731       12434           0
           0      -59733       95227      -42341       46758      -28829       46218      -99914       47549       74957       19252      -42352      -43802       31164       33170           0
           0        3320      -32570       -2336        9270       89443      -36102       -1798        3695      -26625        5837      -28826      -67049       52140      -10685           0
           0       16273      -39082       18084        5800       23074       21616      -16420      -10743         448       11464      -28262       20022      -38845       10158           0
           0       -6216      -17634       26089       38619      -18705       -5197      -63298       16974       29203       69939       25211      -34976      -30836       24088           0
           0        1955       -7636       26410       48809       -7745         367       52197       23678      -25094      -50419      -40526        2448       34078       -9296           0
           0      -45312       13609      -24559      -27176      -26966      -27128       13237      -59521       18066       78344       29497      -19115      -54447       17434           0
           0       41957      -15583      -72151       24817       60194      -30202       53362        2445      -29329      -25440       28781       26197       78415      -43263           0
           0      -36312        6901      -54793       22804       13911       23944      -37266       45573      -38756      122235       10021       -5440      -19479        9382           0
           0      -63689      -22678      -34936       -8899         -58         266         -17       21922        8819        6017      -25570       28753        7738        8828           0
           0       52400      -58757     -178559      -37049      -14448       27323       10415       71110      -43501       31141      -74376      -14219      108985      -26253           0
           0       30251      -23914        5598      -40796       -4565        4583       21134       56174       30012       36537      -55993      -89214      -54700        1761           0
           0       15834       71494      -57663      -51893      -41216      -38943       31326       24325        6030      -41068       17286        -534      -10505       54416           0
           0      -31928       -9914      -11876        8903      -21336        -986       23295      -52061       96198       26707      -17819       -9716       20544        9816           0
           0       11082      -36074       14050       21545        -982      -71788        8801       47435       15641      -39465       25038      -27122      -11150       15182           0
           0        -591      -25477       -8760      -20042      -62681      -61314      -22232       15843       -6686       53582       62555       17088       84174       58773           0
           0       -2666       15384      -75127      -55234       53867       -6128      -15327       23512       11613      -52578       31678        2019      -19575      -45694           0
           0       59355       18499      -12386       15444      -20840       35280      -51873       27480       12615     -123405      -15654      -12980        4698       25561           0
           0        -952        9442       44216       64173       35469       44277       25510        2165      -52793      -25697      -20916      -51321       35262      -10162           0
           0        2402        2181       34984       -7947        2201       42287       91622       31935       12070       44550       43291      -30076      -26948        7324           0
           0      -83524        8567      -32287      -53162      -52022      -12733       10515     -101983       30705      123031       31398       -2602      -34055       31255           0
           0       30671      -31452      -73421       16329       85158      -33588       52416       12801      -40525       -7383       54676        2821       82113      -24599           0
           0      -66819      -26798      -49099       21586      -30796       26007      -29223       58370      -45038      175362       25988       32823      -23230       13866           0
           0      -82246      -25458      -17600      -24289      -31724       -7374       24638        2693       31978      -50148      -40551      -13467       24264      -28165           0
           0        4365      -85707     -172906      -71016      -11052       15746       36437       92754      -79741       21903      -90413      -32776      105779      -13870           0
           0       25963      -13752       41055      -76222      -28679       32784       51274       60996       55120       17319      -25631      -84218      -58868       44744           0
           0       40314       95219      -69838      -61668      -62292      -38560       46679       32957       12625      -30440       23829      -14932      -46776       49933           0
           0      -56419      -17668      -25996        6428      -61201       48834       12623      -83333      105290       11909      -38137      -15037       17213        7143           0
           0        3341      -30879      -23875       10284       -3302      -47099        6982       30278       72834      -50333       33944         759       22980       26265           0
           0        8955      -56655       18393      -72284      -71334      -79494      -56683       49937      -21388       38755       56874        8186       78844       86025           0
           0      -35315       27749      -42106      -88016       60080      -13851      -29883       28927       43422      -35979      -26090       14059      -58884      -60570           0
           0       26631       17097        -703        4890      -51871       42557      -60166       27873       51082     -149294       23400      -31936       20785      -36034           0
           0        -862       13459       46605       30095       33735       37670       -4340      -24828        3327      -19198      -19279      -34116       22172       38414           0
           0       50483       -2072       35494      -26429       10605       50280       52760       86051       14146       37551       46644      -15651       -9000      -45943           0
