           0       11242      -24819       -3008       12586      -38088       -4765        9827        8314       -5333      -54995       31204       26073        6832       14270           0
           0       24404        1391       -2412      -25158       19813        7228        3145      -23762      -12982      -15244       -9586       10206        3272       -6675           0
           0       15312       14174       13999       -3529       -2850        5004      -25215      -37819      -30416       34377       27020      -10534       34473       22195           0
           0        3398       16229      -36034        2122       11920      -33022       34387        8928       -7321      -51172      -19041      -13619        5985        -622           0
           0      -21820      -16764      -15370       12768       -4632       19206       15233       -2589       -7459       18813      -14046       57543      -24009      -24097           0
           0       14216       31651        1028        2718       35782       12497       -2802      -18934         527      -12082       18373      -32479      -25267       -3648           0
           0      -34384        7664       -1557         428       16929       14240       -9455       -7600       35314       50742      -10555       -8348      -16470       24718           0
           0       50598       11068      -11178       -2815      -15796       46975       37966        8258        6354      -15395       34889       61582       -2071      -19413           0
           0       -1727        6753        4832        4488      -18052      -29517        9301       34229      -29496      -51120      -14543        -284       10393        7552           0
           0      -38401       -1753      -17805       14829       -7704      -41101       -2136       -4498       -5855       -6349      -16335       -4404        5578        1600           0
           0       11704        4758      -10074      -26506      -12674      -18964       -9596      -26790       -9352      -14525        7087       31068       11919      -40625           0
           0       28284        1130       10973       -8737       10626       36553       17642       29056      -16002      -26485       -1732       -3858      -15179       -4554           0
           0      -14812       -6996       22017        3627        8186      -35193      -16857       11365      -16709       44582      -55754       22871       15281        2322           0
           0       14842       21383      -33391       -7501        5692       16330      -37792        3927      -17467      -32017       18408       29313      -52112        2858           0
           0       41848      -54411       11666       37719      -75311      -32139       12383       10150       12636      -39251       71346       15020       27062       11122           0
           0        2079      -24105      -12061      -15618       54895      -32607       17917       21708         369      -12386       -5280       20798      -37895       37718           0
           0       23632         732       30582       12136       -6933      -22601      -13613      -52320      -48972       28813       30233        8329       17831       17787           0
           0       49641        1703      -23608       -7874       18840      -60065       27410       46818       -2404      -26893      -28365      -30353       17240       13005           0
           0      -35878      -31450       36141      -31347        5078      -10823       15868       -2087        1726       24166      -49375       53766      -63199      -14459           0
           0        7840       44322       13299       33792       59505       -8455        1508       11645        7854      -22056       46536      -16633       -6892       14870           0
           0      -19265        3824       12436      -26213       45963       12792      -42282      -21954       19196       61506       10980       19169      -15660       37573           0
           0       42656       -1515      -16001        -713      -10178       45473       53927      -10164       11514      -21367       20339       67997        7574      -38021           0
           0        -124        1555       11618       12587      -34649      -14215       30656       43461      -73862      -89042      -10246        6796       20154       -6326           0
           0      -65309      -42484       14812        3103      -10753      -68841      -26485       18637      -25784       23172        2924      -43066      -26632       -2196           0
           0        9931       -5711       -1745      -18691      -14448       20610        1031      -22308      -21184      -29798       50529       79459       -6213      -29439           0
           0       22545      -27870       15788       -9884      -22354       66062      -46676       61731      -34033      -21228      -32124       -1514      -38669       19264           0
           0      -16930      -39479       67651       10700       -3160      -16203      -26188       20506      -53506       43889      -64889       43011       41451      -16966           0
           0       -8128        9786      -48171       -9032        4475       58716      -65221      -27865       -8585      -25560        -584       36644      -63264       40724           0
           0        7474        3924      -26742       -7023       -2424      -16249        5913      -24383       -5728        2999       -5533       33799       38198       31642           0
           0        7837       13253      -16825       18012       14805      -40871       -3465        3736      -22398      -29201        2001       29451        7489       -5693           0
           0         488      -11032       29246       -4019        1347       -7684        -610      -45076       21229       22027      -19283      -39129       46757       -3575           0
           0      -21904      -10598        2676       10605       28545      -14330       -2789       22065       10529        6211       -5835        2544       -7791      -29422           0
           0      -10330       -3776       -2994      -43640       -2210       12706        2447        2289         501       15555      -11750       24106       22742        6451           0
           0      -28552        2339      -24345      -18116       11485       21453       -7353       18464       -5662        9213      -39228        -771       -6552       -5285           0
           0       -8842       -3401      -18517       31072       26162       -6780       22351      -19671      -34236       -2896       -8759       18455       24593       13834           0
           0       44006       77904        -969      -11069      -10383       23853       -1440      -25143      -18373       -6172       -5262      -19063       34321      -30482           0
           0       30109       10390      -49906       -7608       -4385       12978       13632       -4545       -9670       16094       -4149        6553      -10512       14211           0
           0      -24302       30666      -20397       -7317        6931      -16712      -14949       36087        5906       13186        1919       21616        3626        8354           0
           0         116      -11750      -13935       -3374       -5161        8535      -22648       -5720       30176      -12188       17014        4950       -1589       36720           0
           0      -17020      -33031       56896        6867       -7418        8991      -15713       -3329       -2470       20244      -27301       53799        1252       32454           0
           0       13480        9917       28657       -2916         222       33547       23893      -29755      -33986      -21755      -22297      -11963        3535        1966           0
           0       -5596       20432       -5693      -20279      -19646        9498        3298       37896        3350      -16354      -22868        1063        4658        9978           0
           0       70694       18302      -17487       12851       10137       -1038        9625      -34708      -30844       37190        1195       60308       40716       56235           0
           0       -2819       31463        3406       35735       16982      -28934        3815       13285      -30893      -62458       -4585       45162       14246      -11424           0
           0       -1637      -44217       16031      -10268      -19317        9974        3238      -41856       36187       28669      -26792       -6144       10547       36881           0
           0      -14019       -2499       14563       -4361       89286       -6116      -59483       -8465      -11208        -875      -12043        1237       33079       -5416           0
           0      -14334       24936      -37498      -13040        2403       12982       31030      -23078      -19833       43525       11322       47234       19095       30660           0
           0      -11301       18934      -57532       -2392       53453       11462      -21180      -38287       34025       13131        -101      -35287       12913        5936           0
           0      -44638       27094      -53109       68692       32215      -21119       38335      -48486      -29252       -7801      -31786       39517       35585       -3482           0
           0       -3732       80236        7119      -24315        3967       31569       28542      -24227      -16003       -8230        3322      -29012       24328       -6917           0
           0       33794         774      -45537      -22243       -6101      -11559       22788      -18809        -828      -30589        6090       28385      -25896       -6798           0
           0      -27540       35972        1665        4360       41272       16317      -54269       20878        8507      -40505       36087       12888        6601        9598           0
           0      -18526       21990      -17349       55430       32000        6579      -41876        5357       36162        -663      -25976       -6722        7848       11974           0
           0      -47399      -40599      109359       30055      -25991       53597        5473       -8218      -23639        4275      -16943       19198       -9064       54122           0
           0       -6769       18637       48798       -7827        6215      -26564      -13134       12724      -69743      -11552      -27680      -25609       10490       34045           0
           0      -33679       56617       35633      -23143         596       -4448       13420       48369      -11861      -18689      -36664       -5096        6113      -19919           0
