           0      -19665        2246      -16412        -381       10645       36622       41350       35063      -28928        2375      -19288      -64181      -52557      -17185           0
           0       16552      -24829      -19749       -2468        4931        9876       32179        1573       -3866       -3922       24907       -4040       27449       -7365           0
           0       -7083      -23281      -12931        5218       22484       20569        3327      -30347       34658        1781       31401       -2696      -18713        -104           0
           0       -9455      -12269        2288       -2947      -39627       -7705       19908      -12724        8971        7015        5361       37645       23761      -32504           0
           0       -2751      -35975       17603       52796      -12918      -29996      -11104      -21747      -19826      -12416      -16375      -31576       17639       32295           0
           0       21758       -5940        5451       15625      -25478      -42449      -31535        2706       16681       -5686      -31381       -3959       27536       -5502           0
           0       43376       46839      -27731       10579      -12449       44463      -25989      -12607        2150       -4166      -11196       25371      -23194        9045           0
           0       20974       18138       -4387      -21628       51953       -3535      -25607       13383      -17135      -61346      -10397        3772       29901      -23232           0
           0        3526        9629      -26716       15571      -11526       -1989      -23574        7654       -7175        4986       30969        6361        9046       -4543           0
           0        -423        -231      -60190       15633       33466        3479       52933       17404      -23503       46572      -14111      -30110       33694       -6242           0
           0       -6609        2116      -33014       51347       66867       48544        2546       11343       32614       23483      -42550       11681       19283       17481           0
           0       35807       -2049      -16051       -1314      -27497      -26718      -30250       31675      -18667       26916      -13257       -6069      -12843       -7349           0
           0      -11263       39801      -21633       31848       -1039      -16327      -18656       25847       33164      -12193      -60724        5993      -26822       17784           0
           0      -19290       29845      -38246       48394      -14705       22983       12162       42819         955        3035       -6517       43113      -21230      -44265           0
           0      -39074       37868       32810        7791        1682       46286       76940       22983      -32655       -9703       -2996      -61148      -93254      -56069           0
           0         607      -50603       17244      -12139       26025       29851       37437       10261       12465       -2982       40434       25484        6045        7000           0
           0       12146      -27128       -1213       -7588       17135       34786      -14990      -16170       26548      -30928       33780      -37435       -8636       33422           0
           0         481       -6209       32218       25774      -74051        5200       17234      -21682       32683      -29741      -12921       13710       63969      -36034           0
           0      -10002      -17273       24891       35482      -15838      -31913       -3756        1753      -43246       12817       14861      -13112      -20908       -2825           0
           0       25893      -13604       41596       69336        2360      -45405      -50792       -7814        9019        2711        2229       10150       36855        9416           0
           0       15841       27962      -24829       18317      -52807       49455      -28168      -24183       36266       43696        3642       65552      -16526        4059           0
           0       52089      -13103         974      -16120       39490       -1511      -55788       -4971      -46103      -87426      -45066      -65908       -2333      -20180           0
           0       -5132      -16687      -30901      -28873        7820        9516      -18170       17161        4891       31909       45876      -21502       24046       12690           0
           0      -34258       38238      -38739       41280       52072        8887       58329       29050      -43984       35777      -19845      -55392       25684       35214           0
           0       20445       37208      -54387       60310       59752       98820       11010       31621       83047       70235      -60617       49065       60427        8453           0
           0       48147       18487       -9458        6570       -9345      -68302      -53813       -8161      -28092       60067      -47327       16402      -25154       -6959           0
           0      -21054        1714       -2372       38256       -2024      -87622      -50627       18546       17632      -20927      -50690       -5618        5980        5512           0
           0      -10740       49286      -48714       64223       24033       72308       23581       93967       15011      -12441       -9745       54174      -16819      -27913           0
           0        4011       32153      -34654       -1193       45492       20479       18834       21389       -1155      -40150       38529      -45587      -22669       -2264           0
           0      -20509       13668       26930       19705      -62610       19907       36234        1414      -20946       17819       51344       -1246       73884        2540           0
           0      -10835      -29480       19211       15178        7914        2915       45369        3367       12276      -19679      -18938       -2595      -10938        -250           0
           0         779      -17281      -18461       10215        5427       -1123      -23605      -17670       -2195       18304       16491       47834        1858      -40553           0
           0       24212       22342       22544        9626        9029      -30915       27135       -8331      -20282      -22960      -16983       25149       -2742      -26957           0
           0       35567      -12482       12709      -20078      -51437       10719       18592      -19254      -12620       24813      -44869       17060      -16198         252           0
           0      -23988      -38015       36756       -6517       -4062      -27067        7312      -19344      -38000       45730       13768       -9000       -3537      -10612           0
           0      -25916      -75963      -33587       36800       -5554      -45176       46359      -40705       41049       25127       -7526      -10675       -5331       31120           0
           0        8571      -26849      -29288       47592       13116      -17276         853        8321      -46554      -14845      -15616       35106       40043        9932           0
           0      -23732        5388        1982       12076      -41804       60812       12956       24679       -3399       15055        6268      -24159       15188      -27357           0
           0        3742        5714       23340      -17329         967       41704       15418       -5280      -42873          58      -11206      -33751      -55467        4415           0
           0       -1119       16597       18732      -18242       -9474      -23780       21952      -40981       -1231       16244       25075        2712       24845      -19594           0
           0       -4893      -12565       -3113       12012      -47239       21300      -25314        8959       24409        4592      -21928      -36092        6433      -17337           0
           0      -13112      -10341       -2570       31624       21336      -38841       28577      -26194      -13128       21659      -30754       -2433        3403      -24803           0
           0       18733       48733      -39781        5619       23252       16016       32222       16014       19121      -56871       56641      -20423      -18380        2263           0
           0      -42718       33482       -5766       -2333      -51552       -7518       17092       16325      -14925       24867       75046      -20557       99447      -14045           0
           0      -19587      -65731       13302       63253       13389      -24952       78829       15783       12440        6283       -7350      -39074       -8360      -38590           0
           0       10604      -31305      -39646       20780       13600       10853      -18971      -29013       31535       16592       19924       57282      -29932      -45968           0
           0      -16305       32861       73206        6249       46189      -43351        8329       18140        7184      -38821      -39677       -5279        1284      -39852           0
           0       29036       -1910       11663      -15089      -47249       -7218        4559      -48233      -37781       22453      -33033       52716      -30973      -22527           0
           0       -4641      -25106       61954      -21767         -95      -17299       20850       55853      -83238       32653       26074      -40836       16971       -6710           0
           0      -23598     -111641      -31330       39465        4516      -58972       -1605      -93892      -16225        3576       52677      -20716        7059       51278           0
           0        9026      -40676      -23881       15215       83395       -4484       24273       60076      -45118      -27133      -27948       91565       20816      -15905           0
           0      -13144        6028      -16189       61305      -33753       78832        4233      -18905       34197       28526      -19493      -15230       33835      -39990           0
           0      -29593       12651       12778      -37175       41137       39492       42618      -22573     -101548      -18281      -22159      -91865      -60590      -10970           0
           0      -18452       50142      -19999      -41085        7489      -33154       45935      -12084       -7087       -7660       16031       14413       -7781       -3718           0
           0      -50734      -31916       25950       42995      -16340       52037      -22071       58815       57512      -27776       -3518      -44009       18972      -43706           0
           0       -9140        2968      -28430       21972       32282      -41246       44534      -28649       14528       23453      -47267        6978       19654      -34834           0
