           0       11803       -3618       30466       -9021      -13493       30363      -21284       25679      -41386      -11447      -32121       20887       25915      -44615           0
           0      -30648      -34429       10864       23966      -20254       -6182      -19979       21279      -46065      -33594       33602      -24369       56624       44578           0
           0       47239        -724      -68402      -20771      -53732      -17002      -16684      -15436        4376       39975      -40509      -43884        4044       44573           0
           0        9188      -22956      -24250        4319       12493       36413       16317       -9193      -21003        3354       23467         -25        8276        9626           0
           0       -7817      -10806      -32055       26282      -12800       -2412       34445       47385      -26081       45696        2887       -5753      -40343      -32514           0
           0       -4765       53633       -3252       -9609      -25925       14755      -54915        8950      -36319      -21002      -32227        7113       10438       14832           0
           0        2230      -10278        4639      -12382       10816       15054        -697     -105960       46555      -13723          89       -8328       49969        5202           0
           0        1415        9105         159        -256      -12994       14206       -7955      -37936      -10680      -33900       30021       35175      -26517       24281           0
           0       17287       -5749        1414        2730      -23167       38564        9180        -119       -7371       13960      -10481       -2366      -20205        -230           0
           0       23523        9652      -11511        1422       32078      -20848        6784       25198      -35631      -11682       -1267       40907      -45747       25746           0
           0        4067       32618       -2969       13819      -40284        6070       49155       40917        -255       24347      -16711      -11956      -15659       -4241           0
           0       14231       31357        1594       57843           5        6171      -12550      -16997      -26890      -18916      -21187      -10641       13890       18711           0
           0       -9417       14893      -31980       30633      -19789       -1597       -5997       -5929       -8477       19175       12245       63121       30615      -45970           0
           0      -18022      -35324       38179      -53335       24138      -54734       14274       22498       15049       -8587       46202      -18237       20544       -9764           0
           0       25808       33489       12272       -2091      -33534       60893        -828       60698       -3371        1573      -49480       15808       49327      -39378           0
           0      -13002      -37738      -18294       19695      -13207       11046      -67517       33536      -16234       11880       48984       17271       51945       46461           0
           0       85340       10143      -62317      -26792      -86669      -24142      -28059      -54833       33211       66592      -74120      -70734        2796       41941           0
           0       -6590       -7899      -54739       42513      -49557       55502       32242      -60007       -7327        2405       74174       31307       16008       -2708           0
           0      -67298      -21739      -37600       22238      -17155       -9549       76465        2834      -47436       86128        7361      -29802      -49700      -39764           0
           0      -20828      105909       32342      -15193      -11888       28301      -50179        3614      -13466       15286      -28551      -19936       20141       50830           0
           0       19447      -63885        8597      -21326        9286       54994       25413     -131888       47577      -28906       29920       -6944       41213        4170           0
           0        4782       -8035       46238         -67        1208       40671      -31871      -24913        4732      -16641       42905      -18472      -27318       48985           0
           0       -1462      -18680       16418      -45572        6896       26356        4033       21677       -5796       17010      -10898      -15686      -24071        -425           0
           0       43160        3185      -25291      -21445       54474      -47072      -57990       46236      -22893       56326       32273      102784      -76828       -2284           0
           0       -4774       70225       26796       20132      -26377      -16727       55141       70392       16180       40559      -58446       -7913      -30744       27491           0
           0       33166       26400       12613       69908       15695      -46606      -31745      -33295      -61963       -5475      -56298      -11922       -2107        7657           0
           0       -4058      -12502      -37765       29297      -71779       20416       36059       -8066       -6112      -10883       22564       30146       39645      -36810           0
           0      -41991      -39645       26602      -84071       33844      -68403      -17124       19746        7713      -17265       58494        3756       -1859        8085           0
           0      -50002       -8168       -1144       -9998      -25320       37268        3236      -68331      -24384      -22503       33037      -64072       15100        6072           0
           0       33733       30433       18762       -2053       22555      -54072        2980      -65388      -16513       88717        5166       22747      -28514      -18910           0
           0      -58735       13124      -30252       22402       17325      -38191      -17444      -19077      -26461      -10617      -23163       93082       23670      -21981           0
           0      -50204        2099       52224       21840      -18977        5946      -22140      -38990       17216      -32111       13420      -13674      -28323       50698           0
           0       -9547       25190       21211      -50374      -18236       32678       31633      -44694       64325       -3858      -36484      -39655        4776       22795           0
           0       -1356      -50661       15820      110963       24960       -8946      -62081       30296        4101       40199       77878      -42815       92958      -13240           0
           0      121772        8755      -38256      -30842       60340      -29917      -19084       41651       27891      -32676      -17738       -4277       10384       -1511           0
           0       21581       28135      -96334      -25733       -2226        2496       11042       12249      -82013      -20043       23838       29708       22921         310           0
           0       -8092      -48448      -32093        8777      -74429        7888       33307      -34596       53142       66432         707        4427       -8834       -6898           0
           0      -67589      -15536       -2214        4741       15532        7300        -302      -51260      -10249       27443       -4641       -9569       -6822       -3171           0
           0       41678       -5708      -26499      -42919      -41424       31400       45537       -3723       -4081       57445       -1355      -79576       88055      -13851           0
           0      -35904       60765      -50399        6223      -31218      -57601       54971      -28504      -35113      -25373       17366      -34475      -45106      -37189           0
           0       93458      -82091       28286        5217      -43381       36209      -66064        6968      -49252      -29763      -18935      -43532      -41639      -65871           0
           0      -18723       21450       -8131       45394       -7070       33608      -46375      -66171       85659      -50252       -1973      -19073       -7925        2033           0
           0      -94983       21861       13843      -20144        -960       49030        2520     -101650      -31598      -11465       20132      -70550       64098       24384           0
           0       80939       59748       53467      -15877       42167      -92742       31253      -42446      -15027       98505      -31814       -2630      -33774      -75391           0
           0      -41853      -21432      -21407       30196      -38479      -96236      -73263       40589      -19125       14163      -39308      101074       17818      -14519           0
           0       51601      -10422       50321       15140       -3550       80361      -15648      -73835      -16144      -60359         946      -34229      -36582       61888           0
           0      -26823      101509       26867      -63642      -22046        -504       10376      -57474      104389      -26576       61429       -6875       -4449       22022           0
           0        8428      -42403       21039       88417       14986       -7872      -73142       46408      -22976       57156       50798      -35593       84014      -34024           0
           0      121432      -39021      -57296      -44374       61511      -21147        9016       56047      -55142      -60409       -9525      -32735       26880       20276           0
           0       50014       32380     -110420       29244         289        6830      -43077       57826     -114954      -31753       54002       59839       19298      -17771           0
           0         765      -50025      -35042       14271      -42362        8707      -15033      -34735       31344       53511      -41037       28173         793      -37724           0
           0     -111682      -39676      -39661        1679       22256      -37362       30627      -44519      -15836        4699      -57980      -17608      -22094       48426           0
           0       38633       20655       -2000       -9442       14850       -9554       83258      -25066       -7144       51495       15565     -141827       71021      -54762           0
           0      -52681       49919      -73675      -20760      -51380      -80424      107894      -51838      -36983      -75860       -4278      -42977      -33037      -14799           0
           0       63687      -68788       55934       42235      -54442       33041     -101122        2194      -80947      -39961         553      -80758      -57714      -59981           0
           0      -47310      -18744      -18220       33575        8942       23606      -23210      -19273       75977       -8130      -22506      -13984       12273      -16670           0
