           0       27871       39824       -3986       21137       27502      -28108       13825       -4556       28029       16426      -18622       18801        6776        2438           0
           0      -34301       30924        9138        3051      -33330       44052       15849      -12742        7059      -14287      -53330      -11201         213      -44143           0
           0      -16542      -15365      -17131      -17255       -8068       15393      -19470      -14746       -3350       33224      -24730       18933       -7714        3160           0
           0       12470       31989        7187       -4282       17739        7757       -5544       -1131        3868      -14178       12194      -29589        4805       15837           0
           0       30599      -51233       37416      -46142      -11057      -24552         494       -1609        3393       -8449        4256         172        -689        -216           0
           0        -534      -36117      -17437      -11141        8264        9334      -37080       52337      -37378       13584       21547      -41755       16324       41060           0
           0          80       33812        9713        4676      -20296        -963       -9632         360       19066       -3248      -30740      -18137       -9979      -33561           0
           0       14467       -6211      -30754       23780        2491       18682        5807       -7176        3999       -2523       -5365       12626        2365      -20996           0
           0        8037       14742      -23357       26472      -17519       20431       35445      -55447       13329       21107       -5230        2073      -26232       23727           0
           0      -15133       19328      -31846      -11759       -1487       38589       18976       -3397      -33278      -12037      -20160       -8666       17180       -6728           0
           0       18633      -31367       20316      -30862        2090       18620      -16728      -33877        5500       28591        3793       39777        9551        4313           0
           0        6654       19330       24323       19046       -9312      -15591        7729       15861       18060      -14122        4865       -4855        1131      -11306           0
           0       38604       17012        8733        -123      -19755       14251       -6203      -34351       59149       14084      -48991       -3583       -8047         422           0
           0        4547       12361      -15776       -9119       -6209       30939        1188        1743      -50927        6608      -27278       -3861       34453      -12610           0
           0       -3732        7913       -8190       18204       51129        5190       48226      -11533       47177         778      -20116       39347       10911      -23669           0
           0      -18192       23861        4126       14382      -56526       45398       16357       -5561       14546      -23367      -37691      -11279       -3018      -25281           0
           0       13252       -1241         294         846      -46952        9068      -54921      -48602       22229       90814       -5808       39166      -62861      -18327           0
           0       26098       34665        -925      -14025       20723       -7386       -1663      -25898       21963      -43035      -44560      -10717       14946       -5756           0
           0       44307      -46577       34921      -53681        4175      -39688      -20952      -14183        5778      -54262      -50007      -52777         426       24641           0
           0       23085      -26033       45620       -4348        4715       14796        5357       30256       15062        5868        5907      -67079       24052       65223           0
           0      -46093      -18079      -35934        -694      -62975        1254       25656        8526       23620      -12775        8852      -56876      -10960      -37139           0
           0       -9123       10590       17370       56419      -45988      -27898      -26068      -40375       20132       17528       -4780       57700         262       -4819           0
           0       15239       26137      -38766      -14151        6738       68014       -1099      -49912       29566       18051      -34841       20409        1913       18689           0
           0      -33362      -20323      -66135      -29867        -404       58024      -33093       11933      -30584       11334        -619      -26910       15520       12006           0
           0       35341      -47866      -24174      -43201        5571       12295       12431      -18835      -11056       18223       14367        4447        1949      -22546           0
           0      -12003       12527       17800       61270      -50276       24347      -23290       33809       26387       -7911      -31585      -67627      -26891        7948           0
           0       35009       57843       10918       -2227      -27797       50281       22342      -58778       62009       16663      -52244      -11681        4428      -17048           0
           0         685       -8151        -329      -28508      -22738       58236       70847         853      -43632      -32455      -10304      -23095       38085       -7110           0
           0       -5813      -27938      -12158      -59148      -18277      -10899      -18087      -13661       27449      -30559        1098        5316      -11492      -66772           0
           0      -62233       19705       40637      -85003     -113166        9621       19965      -40935       -2020       -2651      -18985      -16487      -32102        7966           0
           0      -16063       16279       45354       26645      -16643        5195       97300      -71535      -49914      -39400       17762       20717       55538      -13179           0
           0      -30113      -50398      -28908       55648       -8807       -7956      -35626      -59398       -9276       -9171       15005       51773        -783      -97495           0
           0       50592       85575       41921      -73638      -56698       -5394       59415       28305       54784      -34578      -89381       -6179       40545       35496           0
           0        9408      -50066       14200       -9449      -30497       -6882        -892       -5892        7308      -20339      -22048        6891      -35740       22065           0
           0       29315      -11445       35489       10824      -35586      -13649      -64952      -65303       12963       -7063       26340      -58618       12723      -10187           0
           0       30514      -65181       -6367      -37068       70729      -37622       29191      -49658       -5652      -68888       21815        4661        3267       87836           0
           0       -8824      -17279       -7468       21818        5924       36213       57366      -44562       17017      -15950      -46401       62594       33714       18412           0
           0      -29482       50380      -43645      -36688       74415      -16464       74565       23443       -7576       -7132      -34860      -27336      -25885       15147           0
           0      -42209      -29424       21683      -51387       27945       38964       27685     -131145       19760      -10962       -4842       -9525      -49001        3239           0
           0       18112      -29210      -38842       -2350        7059        9011      -48001      -37471       23625       31737      117110      -26562       16636       19840           0
           0      -16019       27625       16277       83540       58628      -13267       87366       17277      -12745       54754      -51311      -41789       -7492       71556           0
           0      -35900      -18674       32566      -27404       31048      -65543      -14565          88      -62489       32270       -5283       25959       -6618      -83632           0
           0       19844      -24048      -35207      -38954       -9680      -43624      -65201      -36763       56641      -45927        -652       24267      -16349      -64128           0
           0      -67760        4978       83693      -58047      -81963      -21160      -36357      -60148        -191      -20017      -20869      -37051      -36838       54592           0
           0        3474       49399       60631      -35377      -11688       32459      132622     -108043      -59871      -47008       -6125       10343       56415      -57623           0
           0      -35600       -5889      -28010       19041      -19575      -16533        9050      -71751       10547      -51418        6090      -36074       18175      -84355           0
           0       45986       34821       35725      -66882      -61531      -44558       75057        -324       87171      -33639     -121568       -2155       35346       38924           0
           0        5107        4983       -5592       47946      -43884       28174         919      -12594       41303        6690      -12701       45280      -31078        4847           0
           0       65479      -22810       21136       47686        3570      -29319     -101345     -100194       16607       18712       26892      -45774       42521      -11565           0
           0       43424      -69729      -15524      -81277       54713      -15164       -9918      -86815        3829      -73721       23326      -19372       21231      110467           0
           0      -45675      -19442      -42819       12582       -3494       71793       46605      -64741        -249        9147      -94053       49118       30564       26467           0
           0      -58994       20327      -32461       -7556       96622      -17953       44746       28610      -19464      -13023      -87922      -29214      -37235       33853           0
           0       -6260      -16918      -28102      -76624       28946       43906       54485     -137286       24985      -16182       -1628      -13320      -45530      -25614           0
           0       35577      -34380      -30644       -7314        4075       37963      -31393      -25919       26379       -7085      152211      -26463       66408        6010           0
           0      -11842       42947       60224       81175       52928       -9699       66946       -4899       -2830       50586      -58414      -24006      -15486      130271           0
           0      -37075      -71379       44133        7348       42258      -69244       -1373      -12570      -45883       77734      -19475       27546      -25055      -70828           0
