           0       30138      -34239        7384      -50245       17029       13226      -19712       -5078       27378       -6187       19325       40933      -14418       48065           0
           0       26730       -2042       53412      -17375       25359        8014         759       -3337       -4767       15873          48       39402      -18029        9085           0
           0       41661      -29478      -10845       25989       39003       19727      -27750       -1058       35294       14653       23120      -56152       23785       18078           0
           0      -13626       58685       -1189      -26946       -1031        2996       -9808       19245      -10676         554      -29377       22138        3693       15155           0
           0        6885      -20791       22977      -47533      -12811      -27011       56890        4099      -28882      -52649      -14473       18077          84       -6158           0
           0      -12056      -68689         713       28647      -12416       26300       32261      -19098       84069      -81553      -36664       -6992        7064       37708           0
           0        8799       -6222       -8881      -26351      -17207       21749       28792       46525      -18823       -8423      -21457      -29191       50761       44579           0
           0       22770      -12561      -14880       36460        8014      -16132        2141        1990      -23812       66781      -37915       19086      -12428      -68403           0
           0      -18882      -16012        7990       22744      -37112      -27865      -10849       -4823       32253      -13739        4386       10147      -17388        2248           0
           0       11979      -49378       10713        9868        8036      -23430       25833        1760       -8129      -18913      -17465       27686       -4277        7162           0
           0       25141      -20708       22720       32752        5824      -53363       11838       -5372       -2341       -7456      -21419        1854       10651       -2686           0
           0      -14815       -3228       -7576      -73397       41953      -21842         839      -16205       -8584      -18998       36514       -1974       31187      -11428           0
           0      -19794       44074        8746      -25169       -2054        7146       -3241       40426      -36341        3299       35988      -27739       17795         629           0
           0      -19737        9270       -1525       34278      -41665      -34458       -4357      -30884      -32645       36310        2954       55837      -29646       40387           0
           0       31067       11303        4820      -98132       19270      -18373      -82134      -14520       34043       -5682        8073       22964      -40492       37096           0
           0       -2062      -35157       40265      -23604        3786       50153       10898      -22296      -38698       41259      -14743       21710      -35055        7571           0
           0       33864       -3731        4777      -12459       25599       20663      -37755      -21450       12171       -1139       -3749      -37125       11893       23548           0
           0        5390       64687       15518      -13366        8200        5846      -32490       11915       -1497        1056         473       21779       21940        -720           0
           0      -32076         817       24196      -54085       -9460       -1337       50068        -384      -36139      -84064      -16204      -23168       27252      -12431           0
           0      -16138     -104398       63020       54073       -7593       12761        9624      -50251       94304      -20737      -28603      -19006        3964       33762           0
           0       48392        6686        5975       -8160      -58022         743       -2108      109207        9771       -2311       -8132      -38059       14790        4180           0
           0       45187       17026      -19996       16006       -5277      -31230      -20075        3071        3734       67266      -61493       16304      -15702      -60795           0
           0       11770       -6751      -26100       -6713      -60707       -4822      -27381       43765       10612      -22721      -24286       17017      -64709      -12499           0
           0       35944      -52565      -25017      -13209        8067      -30845       21384       16072      -25230      -43734      -79736       24557        2333       33156           0
           0       27466      -30578        9950       17452       35374      -72104       38743      -15717       26895       25011      -53115       29001       31320      -11918           0
           0      -19317      -10547      -16008      -67542       88953       14788       55863       14352       44869      -32671        5989       16039       57101        6983           0
           0      -35139       39586       10366      -46977       -2634       -3670      -27378        2814      -54692       17878       46385       16590       13701        9327           0
           0      -39578         742      -45202       33203      -21656      -51041        3721      -33469       -9246       17137         586       80729      -51155       35240           0
           0      -16981       24629      -15427      -42775      -27739      -18400        3167      -16541       25269       16102       -9874      -12883      -55379       70211           0
           0         130      -36636       23903       30341      -44139       25710      131604      -74405      -29000      -13571      -17070       39624      -32784      -13241           0
           0       23859      -39920        8122       -8087       57702      -18544      -21911      -37645      -47961       35653       47635        9906      -23177       50468           0
           0      -36439       24236         419        2402      -21634      -24866       27821       56352       18166      101489       13233       20615       64068       11019           0
           0      -36372       -3753      -12322        2698      -12923      -39727      -30103       33015      -48300      -35740       32324      -97258      -14035       27031           0
           0       -3095      -70733       11767      -18474       23949      113910       34601        8823        7570      -62238      -56752      -18146      -26819       86633           0
           0       10302       27372       14965       52442      -30033       38929        6994        6464       17973       26954       -6215      -59412      -17865       21547           0
           0      -27558      -48887       20070      -15083        -732       30021      -34687       17894      -20763      -23221       65957       13568       77474      -48218           0
           0       11608      -36196       44119      -58514      -12264      -29551       21880       77974        6480       22310      -40159       -6446        1633       19350           0
           0      -21146       -2583       11339       -5653      -80581       99084      -45946       57265      -73400      -16190       55621      -11572      -35935       36024           0
           0      -17010        2269      -71434      -80220       -7968      -11121      -32636      -47662       10566       19361      -56641      -19009       28733         452           0
           0       29035      -15092       18488       -9266      -18036       17333      -28309       20698       -6391        2085       -8964     -101972      109644       34370           0
           0        -684      -38203      -21427        8306       39474      -88574      -37216      -12876       27716       75491       13034       60990       55729       47976           0
           0       19487      -33028      -57732       37773      -69136      -23811        4187      -83393      -25163       17563       34554       47008      -10581       -3593           0
           0       27749       39977      -21536      -30666      -56094       14698       34826        3715       -3649       47732        6753      -30596      -36212       36720           0
           0        5484      -16339       39910       30556      -74361       24579      156886      -71544      -14953      -41489      -32894       67786      -11931      -16353           0
           0      -37999     -101736        4365        9175       67954      -37095      -39625      -35845      -16564       49857       68623       23019       -2465       28328           0
           0        9193       58042       -5909      -21231      -38653      -28932       34341       47570       34845       76668       62192       -6989       58408       38358           0
           0      -41130      -28405      -11209      -36891      -31148      -54215      -31113       70523        6382      -52428       17257     -124571       -1053        6185           0
           0       -3341     -112643       35510       32241       27643      128193       25137        7386       -7036     -109412      -81974       -5481        3015       89057           0
           0       20406       36778       59494       49623      -13075       57883      -12047       38522      -17230       15931      -15258      -49718      -26259       22747           0
           0      -41760      -39027        5264       -7719       -8957       28596      -42166        3669      -23938      -24390       71579       25325       79160      -32824           0
           0       -3934      -38160      -14802      -36985      -16704      -57817       21144       70928      -22600       41034      -49843      -14818       16478       49808           0
           0       -8259      -18094       33980      -37453      -88365      102632      -49300       67928      -95381       11935       75088      -35009      -74799       46642           0
           0      -32049       -7257      -87160      -87234       31108      -34187      -10368      -40781       -2804       29463      -51359      -44558       10029        7351           0
           0       35959      -26291       10017      -19642      -56027       33324      -15911         472       12363        9382      -39847      -82107      154097        6104           0
           0      -37331      -70018      -17494       51350       74369     -123895      -38386      -44041        2605       52381       24363       83280       57023       35110           0
           0       33501      -54618     -100980       46556      -41823      -34232      -12959     -101123      -31985       53798       65473       32930      -40889      -20014           0
