           0       -8139      -12645        5383       -2984       -2836       -7875       28270       35528      -28956       17925       -8187       38145      -21174      -10737           0
           0       15131       40038      -16681          21        6887      -42343       14785       42355       -5287      -28379        9975      -18129      -19811       -9294           0
           0       65508       32969        5277        4689       27868        3031      -36924      -31692       -9707       34748      -10265      -62078      -12241       -8824           0
           0      -30252       14361      -19796      -11003       57089       14187         883       11876      -30381      -34200       14514       -7663      -14552      -41403           0
           0       28974       27119       22211       19452       -7938       33130      -11582      -69469        6588        1922       -1488        7545       23495      -11214           0
           0      -36361      -30520       14168       26770       14913       15009       -5510       29656       -3732      -15302      -28356      -40793      -51798        2403           0
           0       -2008      -20577      -40519       43785       16124       24388      -10471       33640       -6022       66834        4999        -939      -41023        5913           0
           0       22439        -845      -18357      -12541        9748       34359      -34428       68399       26532       30510      -37131      -73490       29839         649           0
           0       14590        9916       25064       10251       39218       22458       16221       32901       28346      -23479       16769      -17357       17727      -12668           0
           0      -46280       -7079      -18159      -17432      -13697      -25817        6380        8007       18861      -29778        3578         339       31772      -10986           0
           0      -10288      -16648       27853       15189      -20219      -32475      -21833        7765      -32489       -5783       22227       -1435       28292       22810           0
           0       45779      -32450      -50925      -12549       10368       14113       18782       12204        9303      -29067       57643      -13647        2047      -31317           0
           0       14139       18019       -4323       12750      -15874       -6898      -60341       29811        7933        9186        2230       18212       14006       13688           0
           0       -2450       10043        6812      -28352       -8280       25868        4101      -11392       -3452      -36071      -14244       27267      -11455       16266           0
           0      -13585      -14175       18444       11786       22637      -14745       32584       53483      -74340       44154       14262       59532      -17229      -10830           0
           0       42020       36827      -32266      -17021       26819      -35154       -3042       37403       12871      -23252       13553      -20583      -19434      -45708           0
           0       64337       51534      -16301      -13612       38419      -13592      -61967      -71739      -18503       21908        5206      -83833      -58232      -32453           0
           0      -15910        4061      -22892      -16193       86203       53807       19381       18611      -38300      -28190      -41830      -11846       16666      -52617           0
           0       24734        1155        1668       42682      -36706       68541      -24640      -61851       58833      -44622      -19754       66432       42692      -41197           0
           0      -35048      -48582      -23583       35003        9802       17260      -10755       12204        3403       -4907      -17637      -42167      -52485      -15738           0
           0      -30489      -53558      -52748       84773       25818       47355        2558       58098       -2797       79412       42633       37899      -26603       22778           0
           0       16513       -4343      -13049       14811        8336       19593      -39343       90765       54878       39383      -36917      -53450       22280        1839           0
           0       13949       36752       13488        8912       22601       38652        3625       37511       21149      -30672       16167      -42509        7348      -11440           0
           0      -18085      -13459      -27273      -42580      -40059       -4916       16140        8293       37665      -39889       20882      -21943       25415        6309           0
           0       21820      -32002       -1245        4459        1558      -54851       17937        7158      -40223       -4654       21274       -1768       31039       23182           0
           0       51938      -51191      -61646       33935        9650       24014       38678       -4384       47749         270       63270       -8457       25733      -50049           0
           0       25776       -7055      -36383        4251       -2396      -16384      -66350       41055       12305       47084       11739       42054        9887       -6777           0
           0       37395       38472        7718      -14844      -25417       33131        4139       30928       14459      -63241      -14965        3529      -12082       15923           0
           0      -30212       11471        2072       -2937       -1742        4015      -69174       74104       13142      -26312       11214        9050       -4276      -24719           0
           0       14071       -2182        8349       35005       18797      -13693        8962       49101      -26479      -69056        9094      -26935      -10029      -22615           0
           0       27937       28890      -13158       63593      -61846       55572      -53604        8313        9881       -5562       18428        -242      -71457       16734           0
           0        7576      -21982      -29637       -5306      -18559      -25785       22402       22001       38100       60127      -60773       40382      -80368       16287           0
           0      -33838       21832       41969       68446      -16893       -6791      -50270       46557      -11670       -5454       25252       32121       46376      -16429           0
           0      -49479      -22882      -41671       16192      -33706      -26426         542          96      -57298       20429      -57750     -101767      -19693      -14688           0
           0      -43435       11025       80627      -24860       52900       19068       34461      -38865        9216       -4140        4421      -12437      -16440       -4022           0
           0       10153      -49696       49907        -175        8327       43067       -4136      -23885       20050      -59049       94402       35997      -44475      -20987           0
           0       23733       -6408       27893       -4294       48859        6866       -3143       17687       55438      -74297       39724      -62965       61814        9676           0
           0      -29573      -23169       79202      -32997       39624        -967      -90580       49847      -12878      -31479       39958      -53033       81320      -16030           0
           0      -25286      -13895       47413      -30530       18222       42098       24052       63932      -67515       39569       35993       22636       11855      -17754           0
           0      -23196      -32197       44165      -60187        9554       37079        5619      -40204       26521      -26145       -5214      -20449       37247      -16937           0
           0      -40990       48102       -8729      -18658      -33393       12519      -11405        6337       60984      -61058       35266      -20625       15020      -10662           0
           0      -10236      -12416      -30707       -4423       34011      -29548       57883      -48596      -18165      -24026       15728       48589        9606      -45843           0
           0       23156      -27974        -517       28130        7741       35340      -68913       43867        6058      -37166        5389       43598      -10854      -13595           0
           0       14430         929       14554       52966       37596       -9889        7471       36181       17667      -65315      -17183      -11518      -32007      -25543           0
           0        7708       57875        1304       69988      -38212       45203      -31888       15849       -9748      -30148       50146      -35615      -66436        8225           0
           0       19113      -21259      -34289      -21081       -9659        1621       52696       15836       32167       64012      -54717       49439      -83289       48664           0
           0      -36053      -10821       34600      108002       19444       -4653      -50382       41557       25309       23968       12362       21234       83695       16069           0
           0      -37628       -7507      -15571       43097      -16368      -42247      -63366       -7499      -23964       43532      -72220      -87580       37168      -20699           0
           0      -47518       11763       73577      -62544       94687       38349       22966      -41347       23519      -11802       20862      -35288       -5271      -34704           0
           0       21725      -57955       73733       14630      -16307       35800      -20165       -7520       67788      -21452       96651        5012      -54499      -20571           0
           0       32450       15960       11920      -24719       33205       32413       42662         438       39244      -88193       45713     -106186      110520       27282           0
           0      -24718        3087       76223      -22050       42692        3510      -69441       70207       20105       11023       32945      -83005       78292       -5248           0
           0      -51414       -9667       55804      -49649       20772       41748       65883       85510      -74292       48034       77387       14058       -3739      -34437           0
           0      -59102     -103630        3221      -52732       -5209       55967      -24934      -47935          81      -49015       16225       33161       33796      -47672           0
           0      -67895       26866        4245      -36203      -26387        6801       28730       -2291       55003      -29362       35533        8519       17216      -15781           0
           0       22535       26445      -26295       10170       32766       28164      104975     -110712      -11810      -38399       28034       43774       35585      -56006           0
