           0       23092        2798      -34374        6564       16113       16039       -8645      -14031       17052      -17893        9402       11903       20630       15472           0
           0      -10311       -1287       22216      -21489        7315       16936       18383      -10713        1374        4019      -14234      -29735      -20093       21860           0
           0       14959        5859      -14878       12010      -33983       14504      -15948        5529       20713       17833        9326      -20032       20635      -47792           0
           0        8988       -2787        1713       -2196       29974        3107       -7694       12131       -8903       34703       -9833      -14243       41796        1451           0
           0       33526       19726        6469       14232       29082       11622        3887      -16720       23892       13325       65427       14192        4408       -7872           0
           0        5079       11672      -12983       22131      -82164       24882      -10387        3147       10908       18637       10904      -13419        8099        1033           0
           0      -13483       31574       13336       -8289      -19240      -37178       32767        5487      -35176       19609       15901       14574       32627      -19815           0
           0       20108       16020       17291       -5547       36255       -8570        2880        -911        6219       -1469       16414       16818        4478      -22460           0
           0       33941       -4940      -14001       -1891       25741       35341        6683      -23559       44552       -7401       28071      -22995       17070       15393           0
           0      -11961       34193       12922       13528       -6096       34940       12175       -6918       -2722       11816       21786      -10602      -21768      -17083           0
           0      -30681      -13048       39290      -35713      -54278      -57975       26560      -36339      -29941       -8935       30278       -1683       35302       18912           0
           0         445      -50753      -17545      -14347      -29812       22205       12756      -11021       18493      -20948       15751        4954       10952       -7573           0
           0        5128      -20350       39602        4356       12965       15925       34636       24198      -44981       45791       -8031       17885       20000      -29670           0
           0        7343      -25688       29642        6938      -38219       19793      -37650        -381       14477       -9148      -22927        7449      -17723      -31924           0
           0       27463       34506      -30919       -2667       35663       -4848      -28289      -34106       57533      -18619       13815       21271       37691      -44498           0
           0       -7985        4221       13490      -13600       -2233       41523       45195       14176       34253       -8375       -7534      -20712        2908       18940           0
           0       29828       28236       -8955        9687      -49305       32461      -51755       16758        -699       55482      -43627       38874       42305      -87758           0
           0       15104       12434         888      -28805        2609      -31582        -299         351      -36011       47723      -63142      -47631       63029      -25127           0
           0       15349        1582      -23585      -49839        3654        5796       23895       28993       14258      -54034       76361      -12885      -14362       -1048           0
           0       22909        5121        7424       53225      -89591       22088      -21208      -11174       -9023      -13710        2976       14614      -22021        -264           0
           0       -6706       15977       51295        5697       -8130      -33010       39913        2625      -74648      -10416       37842      -71602       57261      -44593           0
           0       -4595       -8789       26435      -15444       35791      -37755      -14522        2633      -28921      -52146       34686       25736       67203      -49480           0
           0       -9255       15723       29749      -30450       18582       40424      -37529      -40978        -764      -66298       77129      -73622      -28937         253           0
           0      -29025       31506        2859       37021       37932       12111       17150       18935       -6162       13129       21187       23009      -14814      -57175           0
           0      -51879       13072       49703      -43641      -42298      -44014       40517      -97318      -54345      -16174       43473       -6848       42714       43944           0
           0       33486      -67394       -2632      -71190       -9942      -33957      -14209      -76758      -18799      -12484      -20134      -58235       -5656      -58284           0
           0        8521        3363       52768        4282        -524       33367       35692       33684      -29708       77651      -25113       46319       17448      -24524           0
           0       56424      -38246       10176      -35495       -9784       32202      -21265       12562       23664       39152      -39485       46670       -7705       23599           0
           0      -47787       -4656      -14178      -35870      -50043      -42720       -4327       15617       12717       22080       62965       25397       53224       88147           0
           0       50708       12704      -55088       -1322       58389        7469       24598       54604      -94500       18462        4074      -46998      -10672      -44243           0
           0       15067      -36286      -34271      -28450       17984      -26426      -24427       22704       -9578        4363       28824      -17775      -16388       18036           0
           0      -20190       34286       -7468       47969       29015      -70198        -898       17125      -32689       67536        3134      -72670       56351       12451           0
           0       41675       61602       12114      -10998      -24733      -20772         363      -89609      -10314       15530      -27879       45584      -37535       29560           0
           0       -3791      -25002      -23094       84404      -21702      -59206      -91334       13924      -12658       83969      -24700       28401      -34511       29118           0
           0       14641       14634      -50951      -65490      -16949       48548      -40318      -20082       72674       23253      -52489      -12070      -89480       30050           0
           0        7265      -17962      -32836       43969      -80267      -15181        4680        6959       -1275       27512      -16770      -26289      -42102      125263           0
           0       13454       14677       53662       16786      -56260       40435       10029        9649       27821       22700      -14231       25223       33302       42469           0
           0      -66475      -32034       -9914       25946       40701      -17518       16443       14100      -54997       90352       -9682      -23649       27880       45784           0
           0      -18711       -9299      -27044        1515      -29527      -80849       31531      -42672      -18298      -56765        2643        6820      -51135      -14851           0
           0      -35981      -43566       -7379       25256      -20992        7312       -8444       27368       -9205       -3225      -20175       24678      -19126       40436           0
           0       25533      -33207      -11594      -20420      -16719       20957       24346      -28626      -36169      -73269       -8901      -65411      -61490       14706           0
           0       40468      -44000        1751       17127      -19263      -11097       18603        -496      -59408       60449       23843      -48660       28271       -8040           0
           0      -63301       13598      -17035      -32996      -40014      -35033       20725        8693       -6543       52837       75477       35884       55463       56601           0
           0       49780       36005      -12980       -5394       88655       25760       21072       96954     -117429       -3206       17303      -33793       12801      -24473           0
           0       26642      -90243      -27761      -47378       24392      -13058      -20129       -7226      -47021       53509       60018       -8635        8571       43238           0
           0      -20044       38611       15736       17008       39996      -74473      -32358       -5322      -36403       51603       -9311      -44097       61106       24337           0
           0       25501       38174       32851       -8840      -20686       13377       34645      -35890       -8334       35307        3513       86371      -34652       73873           0
           0       20218      -64898      -11095      -17000      -31762      -73545      -73551       27648      -30585      155733      -59139       23395      -27693       37052           0
           0       -2589        8515      -26065      -41323      -23278       20580      -48261      -25640       95916       17518      -57612      -22880      -65109       44227           0
           0        6797      -29900      -28537       16214      -70631      -62074       25561        5655       -2445       58372      -28801      -58466      -29154      135804           0
           0       -4454       61356       17602      -18124      -69385       34914        4893       40897       55505        6482      -33971        7870       30653       39369           0
           0      -75371      -48585        -233       12654       37690      -53910       19279        4515     -102863       95094      -11430      -27952       23952       64204           0
           0       44141       -7958      -77858       61559        9264     -106834       -5463       -6019        5748      -42044      -17624       26410      -37544      -43111           0
           0      -38130      -18690       31090       -5877        4953       17856       18654       20640      -30886       23725       20412       21300      -27324       47317           0
           0       91215      -20981       29523       15741       -1987      -42013       -2577      -57077      -12750      -64134        7662      -98105      -54371       34140           0
           0       23040       20302       15916       14460      -20857        9292       -3927      -60982      -36389       50894       86574      -48464       89341        2611           0
