           0       29815      -31147      -13651        8590       26616      -20167       -9806       -4372        6964      -11805       -5579      -19291        8478       35895           0
           0       26352       -3253       12884       26579      -17841      -19703       35306      -66504       36997       -5204       22208       15212      -12650        5582           0
           0       20463       18039       -6033       -5293      -12178       35587        8636      -13999        3213         490       20096      -11788        8349       25482           0
           0        1381       -4737       11206       46913       20088       23321       -8532       -3726        6268      -35846       11707      -16324        1139        2339           0
           0       41487       -4530      -34940        1300       10247      -37072       25471       15004        4395      -10318      -12112       30932      -36959       12389           0
           0       23136      -18854        7947      -10032      -36664       28502       -1588       20409       41046       13030       -6449      -10921       12845      -34426           0
           0       -7001      -25678       35142      -11267       18002      -19615        7657         831      -25455       16058      -49936       19096       34274       -3694           0
           0      -19245       32496        1415      -29369      -28697       -1700       -8347      -17754        6333      -13253        8313      -12722        7571      -24077           0
           0       -2992         154      -29781       62495       16512       11432       -1148       -3559       -5707       24998      -16958        9502      -30803       10672           0
           0        7431        1761        7561      -17530       61978       28025       -8805       30937       16606       22707       26332      -49999       -2803      -26051           0
           0       -8404        5681      -23727        2834       34793      -51065       36308      -54351      -19685       -3640      -69573       23219      -27865        2874           0
           0        7242       25181      -31040       21079       -4768       34610        3566       28181       12370      -34204        8556      -50552        7164      -17074           0
           0       -7221       12269       42920       11878       -4673      -46105       10135       -8167       12892       52288      -34906      -31180       12698       -9137           0
           0       13902       19622      -24502        5471       -9205       40606      -16490      -15883      -16747       10696      -50174       -8233       34014        6926           0
           0        1001      -32031       -9791       17665       -7542      -33557       12105       -2735       26090      -11067      -21348      -12125        9792        4294           0
           0       41932        8193       -9387       34181        8558      -22573       15099      -86546        6727      -14268       53638       35945      -24620       17432           0
           0       42957        4314       26486       24899      -20324       20671       16401       22504        2328       -3660       -8318      -21146       -8228        6674           0
           0      -29342      -21661      -19273       70658        6656       32743        5573        3268       32586      -48196       70464       19388      -38866        -644           0
           0       59016      -21377      -21759      -32098         369       -5851       64768       32354       13767       40712      -57582       58585      -36108        9704           0
           0       34971        8977       -1786       -6183      -53475       35749       -4410       17252       36111       16429      -35660        9589       45793      -52262           0
           0      -32131      -39986       52718      -16852        3903      -30521       24085      -24575      -59284        3194      -33417      -13712       22435        1913           0
           0       -6718       33215       -6606        8394      -41748       32471      -29176       -7824       38627       -8354      -21347      -21756       -9334      -18122           0
           0       -9123       34519       13729       70141       48748        5924      -13675        5732       11120       72594        3686       32543      -56764       15301           0
           0        5747        5778       22501      -30836       55694       70918       -5783       28995       42345       57316        5453      -49876        1952       -4295           0
           0      -19849        2264       -4458      -10907       27171      -68547        6376      -84094      -25005      -40023      -51698       18494       -6474      -16992           0
           0      -14696      -11398      -37254       -4408        4614       39687      -25618       61493       -5558      -11898        1493     -100201       58436       -6330           0
           0       -5493       18705       44362       -4468      -45200      -15401       47872      -30469       25695       54802       -1126      -58800       29380      -15448           0
           0      -18513       -4109      -36417       -8980      -30264       29652      -13781      -21537       47137       11692      -52348      -20288       44349       21325           0
           0      -10014        8706       49881       -8695      -14125      -84783      -14619       26544        7220        3231      -24482       44713       10813        3037           0
           0       -2272       37158      -24420      -17895       41324        8334       -5795        4677       20807      -26489      -16362      -72306       22895       -5104           0
           0       25490      -45578        8764        9089       91239      -71720       14082      -14639        6408      -14535       24618       25904      -22212      -17959           0
           0       11254      -23262         922      -38655      -32838        -589       20774        5254      -32182       32965       24182      -79325       19120      -26969           0
           0       -1431      -37689       75647       58064       32681        5423       27334      -59845        2282       15053      -31751        6101       10974       26226           0
           0       17599      -55758       53955       28270       -1904       58365      -49335       61562      -42482       99177      -13487       36188        1265       15328           0
           0        8720      -10401       51891      -67016       24600       -7183        4100       19638      -20622       12298       74602      -37901      -40017        5564           0
           0      -15701      -32486     -102283         910      -11251      -15684       12000       55308       32448      -12504       24910        7759       25727       50596           0
           0       70374      -19959        9161       12265       27313      -19660       35767      -13602      -50757       80596      -32105       27497        4284      -52364           0
           0       28581       10145       66966       33167       11535      -38782       67914      -79313      -10231       47956      -85895       -6543       41519       -1765           0
           0      -33761       49443       11184       14432         270      -31319       26153        4118        2128      -44355      -15436       94782      -71570       17346           0
           0      -17143      -60262       23390       61864      -46834       41331      -15788       -4242       -1609       22229       30559       34509        2892       16739           0
           0       26868      -23828         565       48282      -18645      -19488       38825       -3753      -49132       20628        5896       12794       55797        2171           0
           0      -42571       41505      -83591       14583       65957       12020       41600        1195       10317      -34849         380       14491       33992      -50850           0
           0      -46774      -30905       83900       57791       -6203      -74088       -3275       45621       14778       21676      -31246       27894       16348        9681           0
           0       -4574       10231      -23107      -15834       47232        1432       47577       -2152       37544      -25239      -13814      -74290        3678       24127           0
           0       33898      -45332       14896      -14100       73362      -74568       40285      -19105       11104      -38521      -11887       57917       -9894      -40014           0
           0       42314       -6907       23406        6256       29915      -20299       25275       15574      -61625       32592       23606      -52098       24362      -73205           0
           0       14032      -11981       79701       33556       33162       43610       37210      -54837        5104       24173       20817       53371       24697       26664           0
           0      -14041      -29393       80852       59073      -35381       54750      -60083       36177      -99805      111807      -21184       24186       22765       41464           0
           0        3478      -44964       21400      -57917       30209      -20716      -24485       21862       -4517      -24862       87207      -20640      -73653       -1545           0
           0        6003      -20969     -139820       -1113      -26648      -46717       29396       75517       39695      -16775       50462       30925       32072       39302           0
           0       77690      -39097       40733       44820       34215      -15790       23692      -54925      -49011      106977      -70111       35898       13752      -72003           0
           0      -21609        6772       94903       16780       -4000      -50418      113179      -64077      -28497       53250      -93927      -23402        5062       -4395           0
           0      -42489       40672       42109       15822      -27956       -4203       14824      -17193        4569      -28285      -25314      112188      -34815       34868           0
           0      -23113      -76302      -22779       66240      -39870       38276       -5797      -14467       33776       40267       37451       26669       10364       23481           0
           0       30272       -9585       34290       48026      -31124      -28836       37781       30491      -70924       16378       28556       56244       30247      -22305           0
           0      -55386       33715      -72029       -8059       17794        9806       48194        4332       46311      -17960      -25749       -6047       36594      -74643           0
