           0       68885       -5105       20152       -2132        -439       29741      -25839       23732      -30827       60616       10552       27117       -1211       -9423           0
           0      -23086      -20162       12804      -15074       -1209      -24093        2152      -19191       15537      -28909      -17404       20155       12767       -5818           0
           0      -12472       -1576       28016       40838        -643        3401       -4273       26043       12945      -59549      -31838       -8674       22266        4966           0
           0        6108       59534       19812       32531        3282       21415       -1213      -23672       23392       23857        8362        6134       12981      -15706           0
           0       18906          43       12546      -15509      -33260        3731       -4507       13178       17234      -21195      -20109       24915       43534        7917           0
           0       41429       11771       -4768        8151       15597       19704      -11423         412      -35080       17867      -29720      -10771      -21153       14078           0
           0      -32471        4630       32627       27015      -22065        5205       11516       12047       -8197        4070      -19786       45823      -18809         -25           0
           0       -7851        8047       30964      -59077      -20361       11044        -495       23784      -23277      -29040        1739       -5394        6779       -4053           0
           0        9337        1120       27033        -424       24591        -403       45376       -5694       46237      -17538       26516      -30536       13266         848           0
           0       -2959       18533       40025      -35455       -4317      -23577        -216        8680       38898       23295       30771        6253       24027       -7978           0
           0      -29831         207      -47329      -32393       15700       -8017       -8654      -35021        -896       16308      -21058       -4827       16504       -1782           0
           0       -2282       -4526        6151      -14414       -7530      -23994        3393       -4184      -29541      -16571       15249      -20954       -2141       23266           0
           0       13814       24027      -11783       10687      -51475       19323       52644       -2585       29934       19612       46950      -35638       -3420        8395           0
           0       29368        2416      -15942      -22063      -22997       23204      -11472      -18947      -27929       36477      -22955       24600       16413       29316           0
           0       61146      -12270       31918       -7656       17367       31996      -32514       12986      -40253       64015       12988       36179      -24635      -25872           0
           0      -43880      -18341       30374         873      -43494      -51697       -8737      -19351        2636      -22385      -56479      -48020       27274       42299           0
           0      -16844      -44178      -16063       44467       12735      -11733      -67409       42050        8663      -76856      -30347      -27622       36044       11752           0
           0        1491       36184       11161       41827       31049       58313         277      -24852       25232      -10622      -28650      -13339      -32459       33371           0
           0       39088       25742      -15633      -65060      -17805       11260       27101       -3005      -13991       39576      -37550      -13368       95786       12506           0
           0        2460       10833       -8728        5493        2826        3518       -2235        4492      -57951       -4010      -46546      -37803      -41739      -24281           0
           0      -14595       21617       39683        3867      -19305       17946      -10814       59056        8591        7824        4769       25085      -23348       18301           0
           0      -12618       14075        8093      -36509       -9967       -3871       32687       47433      -26811      -14314       28777      -52095      -42069      -29480           0
           0       16007       10479       12615       24242       24424      -28208      102008       14279       55063       -2487        8053        1197       10378        2604           0
           0        4017       24320        6357      -16759      -12246      -15001       12142       -5658       18620        2393       -5207      -18464       26400      -16910           0
           0      -10426      -50220      -82608      -16435       -4621      -52055      -28852      -70028       18942       -6438      -27843        5938       48119        2416           0
           0       31758        5897      -32302      -39546        8958       31306       61784        2907      -11182       -8209       50734       21921       35299       42239           0
           0       -8156       34933      -39743      -10828      -63298        6358      106808      -14645       19788      -17269       43025      -47114       27844       -1411           0
           0       42398       57759        9009      -40361        2536        6847       -6861       -7778      -38933        1980      -41819      -18465       19355       38588           0
           0       12095      -31640       23742        1593      -22015       -9512     -125421        5723      -20548        1463      -23846      -17189        8084        3179           0
           0      -22952      -46311      -20244       15995       -1458       12792       29257       45506       84589      -10735       -5786      -47613        -520      -90845           0
           0       92802       21191       11513       15516      -10156       23663      -53309       21199      -29519      -35722       73684       -2801      -54664       18403           0
           0       32721       63349      -12034         577       33708       60800        4939       22322       62933       30677      -75810         718      115420       21481           0
           0      -69826      -22218      -11489       77627      -45407       14119       -1199       61077      -17431        4743       52254       21454      -19530         641           0
           0       34840       -7467        2929       23169      -25265      -21004      -18637       49212       21018       -1622       26344      -10686       56175        3204           0
           0           5      -74688      -50067      -59212       37048       28427      -62435        5469       10259      -19654       35674      -47912      -21349        -662           0
           0      -42732        2855       56719       43870       78840      -15282      -44051      -59387        2602      -36588       64310      -18975        5245       69408           0
           0       13559       51445       29664       31825      -27659       42126       12057       47846        2222      -41768      -46693       31114       -2148       27200           0
           0       15636      -15706       50696       68418      -79716       15093      -33699      -50981      -26761      -31882      -29771      -42668      -41445       14679           0
           0         228       37793       -5775        1475       34692       35325      -13498       23451      -39334        8934      -59330       40970      -11025        7399           0
           0       18865       35430      -40031       11460       17446      -12571       86573         -97        2085      -28644        4861      -55321       23255       25078           0
           0       15232      -75070       17015       -6262      -10487      -21158       -3770      -15332      -23493      -55716      -52387      -37877       80941      -19564           0
           0       74687      -22543       59498       28910       54739      -14993      -17802      -37953       35130      -18696      -39943       26802       37227      -41453           0
           0      -19542      -52742       25892       27699       17169      -23458      -96826       -8537        2372      -28495      -55623      -30743       -1130       27211           0
           0      -19493      -30441      -72886       -9035        4974       14537       31490      -31306      113062       -7223       -8378      -24510      -11112     -132117           0
           0      105467       -2239       40801        4619       30735       13789      -15113       21628       -8328       -9984       56705       -6143      -39392        8768           0
           0       37493       66799       -6873       17695       53849      105648      -22758       -7956       85628       88539      -74337       12463       67670       45617           0
           0      -69287       30916        3749       49467      -46147       24334      -18818       75363      -37157      -14554       62230      -22370       11383       26340           0
           0       52243      -58176       -5086       63601      -22035      -11306      -54847       36108       19220       17836       -4748       23254       37749       23554           0
           0       -5933     -101769      -49178      -78143       62863       23107       -5739       28032       -1461        5819       42354      -70680       -4666      -15280           0
           0      -36313      -10489       48056       41420       71504        -160      -30676      -43613      -56528      -20394       62165      -33976       21790      105589           0
           0      -38753       65149       58100       50746      -64010       40403       42207       59231       25583       -8328       11041       41512      -40675      -10422           0
           0      -11831        7785       50112      100349      -70681       31048       -5185       19650      -32764      -43225      -33515      -66443      -32683        1891           0
           0       15389       36965      -12511        -495       -2986        2620      -21701      -16570       -9897       -9790      -74185       86467       39000       38632           0
           0       30097       58244      -95128       23795       30053      -52568       52767       28130       26533      -30453       39336      -74593       59527        6234           0
           0       78134      -68185          83      -20992        4193      -15813       26550      -15617      -55402      -47269      -68556      -28402      109690      -51276           0
           0       78127       10558       51646       34637       25551      -13872      -27352      -36408       42852      -59630      -58005       48821      -32240      -38589           0
