           0       -2039        4382      -16166       15928      -20500      -12926      -13059       12322       -6292      -17317       33171       13664       19044        2103           0
           0      -23394      -12694       17839       -6749       21217        9566      -28499       -8898       -1946        -422      -49492       15136       28010       -8308           0
           0      -34529      -27342       23278       11659        2708       21647      -40762       21517       -1581       37637        4103       16060        3510      -25450           0
           0       -3786        3796       11734      -16271      -32196       12901        7995      -16016       -3900        -560       -3512       20395        6652      -12631           0
           0      -25744       -8752       46127      -54765      -42881        4019       27800      -33122       22627      -11474       -2914       26447       11078       -4045           0
           0        5109      -32258      -13477        8162        6371       25990        3136        9178      -17575      -14286       40912      -52920        1009       33329           0
           0       -2370       17710      -15295        -344      -50816      -31558        5715       50253       -2372       23983      -32618        3784      -14820      -26091           0
           0       15300        9782      -22757      -23505       29983      -26864       -7975      -27551         642       31915       58409      -39729       23011          50           0
           0       28580        4680       -9164       -4860        6151      -17018       61614       26735       -6325        1659       35579      -12193       19977       23347           0
           0       21611       -9694       20505       38794       16478      -13712       -1882       27495       -1177       28882        4817       15088      -21476      -22670           0
           0       25162      -50423       -3085      -12472       36429       16169      -35799       -1954       -3347       10857       53516      -23691       -8417       11261           0
           0       -2746        3290       13020       -4908        6428       -7338       -4664       -4550       18727      -50627       -4107      -41027      -18711      -25767           0
           0        3838       12985        5778      -36309      -34941       13729       14059        5989      -15826      -28297      -37627      -12188      -29312       -1750           0
           0      -26722        4775        7808       21016        9642       30348       23765      -42312       21527      -25998      -33512       -2358       40642      -17953           0
           0      -37358      -21892      -39150       30621      -16105        -441       28603       14720      -30858       -8916       15659      -18373       69318       -1673           0
           0       -4282       25124       14826        5643        9744      -14345      -38559       -3508       -5734        8972      -37883       44498       33124       34388           0
           0      -10582      -29250       32703       51743       16716      -37686      -46459       30704         -97       58741        4192       -5360      -57733      -62209           0
           0      -24735      -24175      -20296      -47367      -28261        3976      -21363      -25390       30996      -27869      -22349       14250       17822       26500           0
           0      -34887        4571       23889     -102551      -47302      -12890       25253      -32508       16776      -21814       16326       39682       29448      -10104           0
           0      -26356        8826      -36267       32961      -35129       48670       -4727      -23213       -1497      -48058       49902      -22748      -23409       36409           0
           0       -6416        3045      -52995        1453      -43787       -4951       31624       68865       12522       13342      -57020       -5179      -33571       20915           0
           0       35762       20917      -42593       16836       11576      -60381         336       -3160       17458       17627       55109      -46459       39755        9983           0
           0       19620       -2046        8195         533       -5603      -21087       75532       59664       -3242        -342       33234      -59439       20324       34985           0
           0       33430      -22752       29874       46900       37849      -26754       -6928       32245      -29622       89573       57898        7907          33       -8314           0
           0       39528      -75289      -11771       -6672       15847        3262      -44322       37949        7524       13474       33147       -9648      -22261        -260           0
           0       13338       10071       51395      -22467       15554       -3205       -9975      -22307      -36732      -11968      -36986      -15254      -17799      -32761           0
           0       52221       12693       30171      -45007      -17739       26644       -3826       15980       32771      -53522      -61360       15996      -51858         369           0
           0      -31352       -3484       -2234       -9635        -904       61822       18441      -69983        -905      -18043      -57237      -15016       32023       21563           0
           0      -27611      -32718        5250        3879       45027        7040      -22162      -17111       -9228       18221      -29705       -6285       47767      -29957           0
           0      -19942      -36588        -945        1291      -27568        9107        6442       18604      -24141      -18610      -32903       10186       -9834       11691           0
           0       32003        5224        2767      -39845       42013       30599       22493        4223       -2077         549       13396       61102       11096       -2467           0
           0      -14857       13924       -3843        -582       -5521        5317      -23490       32589          -6      -12049       37696       14592      -14317      -39344           0
           0       -1063       13463       12838       -8826        5794       47118      -24748      -26716       19620        -823      -27137       -8140       -5125       -1555           0
           0       12833       11765      -31506       -6041      -32855       47829      -33181      -22763        8986       -5608       -5436       -5424        6452       45477           0
           0      -23707       17010       19742       -4556        8326      -16200       11286      -12586       28448      -32770        7831      -16852           1        6855           0
           0       -3293       15503       48052      -10265        4583       11486       23983      -39952       39220      -39137       27735       19609       -2432       43847           0
           0       -2878      -16884         954      -51576       13115       -7249       17773      -24543       50436      -28118      -30491       24231        9873      -22879           0
           0      -45183       -6866       10080       -3479        3579      -14744       27661       -9658       14284        6551       -6181       14808       19323      -11158           0
           0        1501       18302      -42600      -12026       11517        7711       13604      -42048        9685      -22675        7975         594       21162       18399           0
           0       20926       36890         230       19326       -7879      -25239        8793      -20485       51902        5043       20031       -6779       36982       -1595           0
           0       -1406      -25276      -12229       66599      -26247      -14179       44345       16352       -7868       -2304       38075      -43668       -4392      -11203           0
           0       -6017       -6099       19733       -2607       -6156      -15826       44067       -3918      -10669      -35437      -21597       12672      -30264      -12607           0
           0      -68669      -34615        4999        7617       39015       49865      -54072      -74705        -896       15109      -83037       12917       52206       -9840           0
           0      -30430      -34096      -35813        8329      -25790      -19111      -13651       29981      -46586      -30570      -61294       24872        2379      -21541           0
           0       59460       25745        2889      -66102       23664       42870       69924       11779       14439       34385      -40340       57243      -25581       -5029           0
           0       17531       17100        2703      -11857        6329       22552      -27806       38838        6358      -16904       10464       20577        1708      -60452           0
           0      -40165        -753       14233       11602       -5920       81777      -46765      -48071       -2377        5672       17023      -48682        4994       30082           0
           0       32363       38173      -42033        2785      -15884       34549      -49415      -61595       -1008        7661        1483       16726      -32280       54724           0
           0      -39301       21015       -6318      -53997       29186       16761      -26149       52733       61454       -6634       16657      -39185        2503       -5988           0
           0      -39342       -9396       35090       25712      -25514        -361        9181      -36312       15166      -63547       27869        9488       -2019       35739           0
           0       30679      -48777        5183      -41494       31192        6188       -2699      -32828       38013      -23956      -28296       38584        -414      -61846           0
           0      -49962       -8008       34970      -18942      -15465       -6711        1205        9797       -9357       22814      -37815      -28469       70862       -6135           0
           0       29770      -55675      -63757         804        9169       37935      -19991       -1491       32903      -25789        9827       12484       40833       36899           0
           0      -21553        7262      -60391       30628       29501      -64376       42170      -15269       37014      -10023       28390       13364      -21497       19978           0
           0        3269        6181       14472       31926       -6712      -61306       72868       27421        8474      -27909       47197      -39064       -2632      -23181           0
           0       16980       -9054       51131         242      -11420        -387       37617       19110      -13968      -50560      -64264      -10953       11482      -11627           0
