           0         544        1274       14207      -31118      -27222        8728       21439       21155      -35248       11021      -29039      -23460      -18187       42422           0
           0       74146        8220       11967       44112      -30948       59599       21310      -76787      -51556      -30789        5144      -40041      -51499       10298           0
           0       18304       -3723      -20872      -65782       42816       32553      -60216       -4496       17752       39069      -43738      -40538       21348        6483           0
           0         238        2169       -1225       -9616      -34254        1472       15004        7338       -1626       15262         456      -14434        6098       21123           0
           0      -19421       -3045       -2847       38070       10155      -32383       12687       36572       -4594       -8368      -44927       47571      -23894         698           0
           0       -4828        5838       24153       -8261      -38476      -40455      -31994       40431       12911      -60756       35320        3997      -14837        3057           0
           0       23205        -538       31614      -13547       37813       42919      -20205       27915      -25544      -46679      -28149       49476       24720       16210           0
           0       15739        3776       31964        1422       14395        3108       17376       23540       -8986       -5597       47710        7638       52762      -34532           0
           0      -34737      -43535       29128       -5308      -25912       -7688       20173       50441        8477        6487       -9722       47186      -26434      -37077           0
           0       17399       20357       16575       54663       -3792       23265       39618      -33090      -18081       -2619        3528       -3365       16281      -47438           0
           0       38216        8753       25725       -4193       27854      -34173       39327        6747      -15205       19699       36839      -30710      -49587       23261           0
           0       16826       21094      -24595      -37143       -6743      -19282      -32502      -32788      -28811      -29545      -30945       18083        7864       -8178           0
           0       -1759      -45976       29757      -50033       29293      -16983       -3681      -19244        2582       74956       12457       47385       12779      -16368           0
           0      -43016      -21068        7157      -34149       12826      -12646       -3964        9355      -21729       81736       38910       14308       16743       24048           0
           0      -11170      -14731       29531      -43569      -39421         883       17934       -3092       13544       23755      -26124      -24979      -24752       32310           0
           0       91773       24766       26167       39291      -28949       76239        5797      -66983      -42670      -27578       71199      -27636      -46616       21350           0
           0       12879      -13038        1165      -66699       74352       25627      -48237       57831       18503       56480      -40089      -31651       44053       15099           0
           0      -11862       49024      -32677      -26890      -64549        1914       -4410      -18189       -6299       33485       54532        2726       -5113        9305           0
           0      -17750       -2836       10545       31182        9675      -39833       32973       47751       18123       12929      -60762       41404      -47550       14397           0
           0      -42784      -25653       37911      -42272       -5179      -41145      -35415       66735       27392      -92124        8860       -9984       25249      -19464           0
           0       61580       26180        4199      -33853       49007       47204      -28904      -16357      -57910      -56259      -20337       18559        7305      -18428           0
           0       21729        -517       67361      -15727        9379       51941        9719        3660      -18065       22668       17806       42940       60214      -54265           0
           0      -39592       -5110       27232       -7924      -30662      -57830      -27133       36749       -2818       16307        1261       50461      -16728      -25586           0
           0        4986       24053       28665       78556       11564       16091       16643      -42503      -33415       36342       14352      -14690       18362     -100546           0
           0       72548      -23324        5586      -10268       21648      -34724       47677       21994       -9406       16613       42991      -28377      -61725       -3500           0
           0       10922       27501      -22074      -53453       11625      -51435      -27587      -57082      -51705      -38122      -38989       -3625       41459      -10574           0
           0      -15824      -34342       39883      -56034        8368        3518       15955      -10351      -20567       38623      -14803       59435      -19248      -29690           0
           0      -38529      -40154      -23356      -25438      -32377       -3949       -5127       20737      -30241      101461       62795       -5885       42986       34117           0
           0       -8390      -41552      -29071       36042      -48967       91540      -52725      -75279       -3139       91887      -19296      -83935       15190       76562           0
           0      -93449      -38300       17209       -8181      -51063       32653      -43000       47488       30727       58024      -93033       11558      -21238       19018           0
           0      -31534      -50021      -35277      -27520       14146      -27202        5381      -67133      -42730      -95134       43717       -8131       93936      -51519           0
           0       36115       59074      -29295      -14465       24765         472      -25073       45852        7844        1508      -10619      -31125       56909      -77282           0
           0        2569      -77592       23152      -51415       18250      -32626      -16587      -34054       -2327      -51633      -57277      -79132       22022       17548           0
           0      -89864      -34593       57342       87702       -2265      -86951      -81745       -4574       17357       57569      -35075       51875       47714       56245           0
           0       55097       13121       -3163        9538       52881        8914       42611        3013       -3040      -34145       -9632      -23886       26979       57783           0
           0       94280       -2408      -65223      -65825       21471       26840      -85437      -48627      -26581      -33544       23694       99193       -1969       65595           0
           0      -37444      -16552       21451       22280        4583       29942       45682        2461       26606      -43624      -47966      -10255       80537       32659           0
           0      -59999       13711      -18741      -18669        5472      -26231       17770       18539      -94661      -16983      -25178      -54125       36918      -30770           0
           0       15227       38575      -28001       -4857       55757        6506      -44288        6378        6218     -108231      -25780      -37733      -10903      -81239           0
           0        4347       -5694       -8743        3080      -12806       -6254       13829       46591       25845      -17130       52307      -70081      -56478      -19767           0
           0       35627       59896       41354      110271      -24363      -72553       11664       15018        5058      -59266       17842        9458       -7421       -3658           0
           0       23621       35195       17027       51858       17005       74405      -10420       30334      -18139       30392       37893       74732       12547      -28153           0
           0      -14187      -64624      -46663       36911      -57818      113099      -79481      -56480        3265      109639        8834     -100224       64891       61267           0
           0      -78576      -37649       50338       38053      -82420       27189      -75321       41459       56543       48993      -81983       31761       11296        -825           0
           0       -7837      -32541      -69303       -6174       17608        4887        3716      -83224      -14423     -104601       55640      -24625      115080      -64243           0
           0       45818       68226      -21997      -37126       38734      -41949      -31423       19721       41038      -20583        9180      -41008      120127     -101975           0
           0       14818      -86126       51481      -38117       39408      -41979       20461      -22058       19765      -61598      -35696      -89060       20956      -11759           0
           0      -80117      -51804       25483       74845       -6233      -59224      -51135        9137      -20259       50016      -29288        1199       52673       64739           0
           0       60314       43556      -23212        8535       18843       10473       32938       40324        -430      -22850       17514      -10110        9452       48270           0
           0       65554       -7253      -66809      -41688        7656       -4250      -67380      -34152      -12224      -80743        8171       83418      -10461       43072           0
           0        -587      -10921       29883       17964      -13255       -4412        8527       14425       43199      -77987      -70311       -1753       87171       40340           0
           0      -84395       40267       -4006      -77959        1819      -37045       29593       -2780      -87047      -53232      -50676      -35234       77329      -19228           0
           0       11028       30126      -45715       45482       48400        1155      -78198       38071        4978      -93254      -38863      -14944       -3198      -77674           0
           0       23464       13017       -6623      -14678      -12896        8057       34048       52998        2625       -2054       76022      -82093      -53512      -32410           0
           0       26687      115910       46535      131443        5901      -91084       20260      -28928       -1706     -104688       -6187        1436      -31167      -20898           0
           0       46263       64383       52590       21740       -2536       27997       -8063       27974        1369       30347       59826       74843       59093       12275           0
