     0     1     2     3     4     6     7     8
     9    10    11    12    13    14    15    17
    18    20    22    23    24    25    26    27
    29    31    32    34    36    37    38    39
    41    42    43    44    46    47    48    49
    50    51    52    54    55    56    58    60
    62    63    65    67    68    69    71    73
    74    76    77    79    80    82    83    84
    85    86    87    88    89    90    91    92
    94    96    98    99   101   103   104   105
   107   108   109   110   111   112   113   114
   115   116   117   118   120   122   124   125
   127   128   129   130   131   132   133   135
   137   139   140   141   142   143   144   146
   147   149   151   152   154   155   156   158
   160   161   163   164   166   167   168   169
   171   172   173   175   176   178   180   182
   183   185   186   188   189   190   192   194
   195   196   197   198   200   201   203   205
   206   207   208   209   210   211   213   214
   215   216   218   219   221   223   224   225
   226   227   229   230   231   232   233   234
   235   236   238   240   241   242   243   244
   246   247   249   251   252   254   256   258
   259   260   262   263   264   265   267   268
   270   272   274   276   277   279   281   283
   285   286   287   288   290   291   293   295
   297   299   301   302   303   304   305   306
   307   308   309   311   313   315   316   317
   318   320   322   324   326   327   328   330
   332   334   336   338   339   340   341   342
   343   344   345   347   348   350   352   354
   355   357   359   360   361   363   365   367
   368   369   371   372   374   375   376   377
   379   380   381   382   384   385   387   389
   390   391   392   393   394   395   396   398
   399   401   402   403   405   406   408   409
   410   411   412   414   415   417   418   419
   420   422   424   425   426   427   429   430
   431   433   435   437   438   439   440   441
   443   444   445   446   447   448   449   450
   452   453   454   455   457   458   459   461
   462   463   465   466   467   469   471   472
   474   475   477   479   481   482   484   485
   486   488   490   492   493   494   496   497
   499   501   502   503   505   507   509   511
   512   514   516   517   519   521   522   524
   526   528   530   532   533   535   536   538
   540   541   543   544   546   547   548   549
   550   552   554   555   557   559   561   562
   563   564   565   567   568   570   571   573
   574   576   578   579   581   582   583   585
   586   587   588   589   590   592   594   595
   596   598   600   601   602   604   606   608
