 123-119 123 -37 123 -14 106 -39  39-114 124-107 -26 -65   0   0
  80  77-107  91 109 -18 -57 -93 107 -72 119 104  48 -95 -91 -36
 126-102-115 109 -12 107  -7  19  75 -67  52  26  23 -26-123 111
  38 -17  21 -65 -51 117-128 -70 -34  -6 -29 -41 114 -48   0   0
 -76  69 -88  79 -97 -78 -16  63  25 115  32 127 118 -58  94  -3
 111   0   0   0   0   0   0   0   0   0   0   0   0   0   0   0
  68  61 -68  20 108  55 -74 -88 127 -39  97 -36   0   0   0   0
 111 -45  78  27  39 -83 -42  72 -35 -25  43  95 116   0   0   0
 -67 -73  60  -9 -99 -88 106  46 -17   0   0   0   0   0   0   0
 -29 109-107 -30 -75 -37 105-117  95 -28 -83 -11 -87   0   0   0
 127  47 -78 -34-114 -72  13  14  29 -60  78  46  -3   0   0   0
   5 108 -61 -74  -4  25  46  15   9  89 -70 -11 117   0   0   0
  36  52 -40 -90  39  -1 -20-108  -7 120  55  15 -75  96 -67   0
 105-102  92  15 -11  15 -60 100 -77  31  -8 -47   0   0   0   0
  98 -93 -75 -74 -70  98  46  42   5 -97 107 -19-113   0   0   0
 -99 -23  28-100-115 117  68  94  53 -49 -46 -70  56 110 -21 -56
 -42 -14 -69   0   0   0   0   0   0   0   0   0   0   0   0   0
  50-101 -61 -68 -27 123-115  51  29 -92 111 -73  60-119  70   0
  22  46  38 -10  93 -84  58  17-104  66 -10  33 -71-102  -7  33
   8   0   0   0   0   0   0   0   0   0   0   0   0   0   0   0
 -30 -75 -28  81 -86 121  47 -61  -1  43 102  -3  -3  95 103-111
-109  -1 -27 -67   0   0   0   0   0   0   0   0   0   0   0   0
  49  79-103 -46 117  48 127-101 -47  97 -84 101 121-103 124   0
 109  47  -4  -2 -70  38  73 -67  66  47 113 111  15  63  -4   0
 123 116  58-105  18-119 117 -33  -8 -50  -1  99  -5 -10  -9   0
 126  44 -61 118  63  40 -86 -29  32 127  32  17  57   0   0   0
 -28 127 118-113 -99  96  54  -8 -16  83 -74 -32 -66   0   0   0
 -67 -77 103 126 -99  89 -69 114  86  54  96 -65 121  -9 -67  -7
  63 -22 -75 -82  48 -33   0   0   0   0   0   0   0   0   0   0
 -28 -89 127 105 119  51  90-118 109  95 -72  15 -97 125  35 -92
 106 -89  74  41   0   0   0   0   0   0   0   0   0   0   0   0
 -65 126 -69 -17  -2 -39  79 -38  41 -45  -7  83 -57   0   0   0
 125 -93  45 -18 127  41 -56-106 -85  90  28 120 106 124 -87 -81
 -90  81 -69   0   0   0   0   0   0   0   0   0   0   0   0   0
  85   1-113 -70 -16 -58 -34  38 111 -31  45 -55  83 -97-101 107
 -76 -19 -68   0   0   0   0   0   0   0   0   0   0   0   0   0
 110 107  -2  50 -23  74 -67 -66   1 -12 -21 -91 -81 -14   0   0
  97 125  93 -72 127  79  33 -43-116  -5  40 -57  47  40 -71  60
  53 -17  16 -70 106 -75 -74 -19-117  79  19   0   0   0   0   0
  57  62 -43 -90-113  -1  58  22  -9  44  10 -52  17-126 -90  -3
 -38   0   0   0   0   0   0   0   0   0   0   0   0   0   0   0
 -68 124 112 -61 -51 -86 -47 -99 -27 125 -17 100 -60 -99   0   0
  47 -73 -24  85  12 -44 -32  95 -85  77  24 -68  17 -91  71 -43
-126  62-109  78 114  82  40 -24  69   0   0   0   0   0   0   0
  63 -71 104 114 -44 -57 -34  -2  42-123 -69  47 -74  63  52 107
  77  41   0   0   0   0   0   0   0   0   0   0   0   0   0   0
 -89 -31 -40  82 -42  79  -8 -31 -73  73-107  70-122  62  87 119
 -71  47 111  99  86  -6 120 -17 -52 -71 -18  51  99 -65  91  74
  94 111  53  14  66  -2  16  -1 -32-114  94  31 -98   0   0   0
  23 -11 112-105 -35 -15-117 -67 125 113  51  92 -99   0   0   0
  44 -19  65  25 127  -2 -10  26-107 -85 108 -44   0   0   0   0
 117 -17 -94 -46 110 -47 -69  94  15  95 -31   0   0   0   0   0
 -25  61  18  90  39 107 -89  15 107 123 127-109 121-105  46 -43
  -5  -7 126   0   0   0   0   0   0   0   0   0   0   0   0   0
  43 -65 -21 -23 -75 -62 110 -86  68 124 -83 -18 -53   0   0   0
   9-109-114 -12 -53 123  62  69  59  49  94 103 -90  85  89 108
 -47  49 -32 -56  -1  23 -73 -13  71  68  31-117  14-113 -74 -89
 107 -53  -5 110   0   0   0   0   0   0   0   0   0   0   0   0
-115  53  68  -3  21 -42-119  -3 -28  36  85 -13-101 -21 -85 -30
  77   0   0   0   0   0   0   0   0   0   0   0   0   0   0   0
  69 114 105 -29  63-113 111  29  47 -91 103 -37 124 -18  22 -36
 -18   0   0   0   0   0   0   0   0   0   0   0   0   0   0   0
 -16  31  43 107 -73  -4  -6  73-124-101  44 -87 -18   0   0   0
  80-113-102  65  96  68  49 -67 -57  38 -57 -49-126 -57-127  80
 -51  96   0   0   0   0   0   0   0   0   0   0   0   0   0   0
  30 -74  -9  87 103  23-101  25 -41  23  93 112  -1 -39-114 -18
  -9   0   0   0   0   0   0   0   0   0   0   0   0   0   0   0
-109 -88 -41 -28  13 -98  83 122  37  90  86-124 -75 -72 -82  28
 -18  77 -94  63-120  80 121 115  -7  52   0   0   0   0   0   0
 -42 121 -49-115  94  63 -85  12 126 -40  85 -73  -2  42 -76 126
  75   0   0   0   0   0   0   0   0   0   0   0   0   0   0   0
  39 -42 -85  25 123-116 -49 -13 -99   1 -11 -61 -73  83 -16 103
  10 -45 -67 -43   0   0   0   0   0   0   0   0   0   0   0   0
  54-115  71-117 110-107   7 -70 -34  13  28  79  98  55 113   0
  94  49 -69 -60 -93  -5  57 -59 -81-113 109  91-122 107 -36-118
  94   0   0   0   0   0   0   0   0   0   0   0   0   0   0   0
   9 -68 -25  67 115  92 117 -82  63 124  78 -69  85   0   0   0
 -11 125  85 108 105  -8 -24  46 -32 -61 -31 -27 -11  -1 -48 -25
  31 -10 -33 -28  74  91   0   0   0   0   0   0   0   0   0   0
 -97 -84-111  62 -45 118  51 -66-119 -50  91  51  89   0   0   0
  29 -43 -34 -20  36  53 -43 -77 -74  55  16 105-110 -51   2 113
 -25 -80   0   0   0   0   0   0   0   0   0   0   0   0   0   0
 -66 126 -52  76  49 -23 -94  98 -77 123 -56  47 -49  -4 111   0
  37 -26 -85 -41 -76 -71 -67 -52 -92  66  -4 109  37-117-122   0
-114-100-100  96 126 -99 -30 -55 -20  -2 -81 -10  71  -1  38   0
 -53  65-109 -90 -82  45 -82 -31 -54 -63 -89 -19 115 -92  95   0
 -92  14 -45 113 -38  61  92 -33 -82  39 -34  11  28 115  56  66
 -59 -24 102 -38-100  69  45  53 -58 -36  53 -36   0   0   0   0
 123 -94 -45 -74  11 -75 -84  44 -37 -98 -19 -65   0   0   0   0
 -89  66 117 -25 122 -19 -54-108  -4  98 -68  61 117 -59 -11 -40
 -21 -52 -66 -96 -33 -38 -47 -67   5 -42   0   0   0   0   0   0
 -98  82 105   8-102 -26 -99 -35 -45  90 122 -72  11  54  62   0
 125  79 102  92 -12 -14 110 107  67 -61-110 -77 108  78 117  71
 102  -1 111   0   0   0   0   0   0   0   0   0   0   0   0   0
 108 -15 -67  -3  80 -73 -71 111  95  98 -74-104  47 115 -38  83
-107 -15  61   0   0   0   0   0   0   0   0   0   0   0   0   0
  95   7 -13 -49 101 105  19  97 -44  54 -36 -50 -85 -33  51-120
 -64  61  63 -15 -21  92 -86   0   0   0   0   0   0   0   0   0
  -1  22 -52 108 -15 -54 -71 109 -87 -56  91  91 -35 107   0   0
  39  -1-101 123 118-123  29-104 -74-114 -74  27 125  22 -43  -6
 -24 125 101  67 125 -66   0   0   0   0   0   0   0   0   0   0
 119 -70 113  15  82  19 -85 -88 -35  37 -96  24  63 -91-126 -63
 120 -15  38   0   0   0   0   0   0   0   0   0   0   0   0   0
 110 -80  46 -34 -81  70 -85 104 -20  94  69   0   0   0   0   0
-127  -9   7 -20 -15  57 -79  62 125  11 -74  88   0   0   0   0
 -86 -57  99  17  13 -72 -57  25 -91 -97 118 -56  33-119  -2 -55
 -64   0   0   0   0   0   0   0   0   0   0   0   0   0   0   0
-119  39 -88  -5 -91-117-114 -87-111  19 -27  95-114  47   0   0
  -2 -45 -44 -14  -1  69 -19  70 -65 -13  61-116   0   0   0   0
-111-122 -96 122 -57  -2 -60 -35 116  51  78  51 -50 -98 -43 -65
 -81-124 -90  60 116 109 101  -7 -98  58 -91  73   0   0   0   0
  54 -57  -9 -82  12 107  47  50  64 -65  31  37 -29 -71 -76-110
 -22  99  90 -77 -47 105  -2-123  92 -47 101 -76  60  23  28 -71
  -6 -16 -29-110 -22 -44 -39 104 -73  15 115 -89 -82  86   0   0
 -81  86 112  14  30 -21 -21  31  28  13  34  22 -83  44 109   0
   7-103 -61 -57  95 -80  -9 -82  -2 -42 -73 -83  89   0   0   0
-113 -44 -56 111  36 101 121 -75 -15-106   7-107-106   0   0   0
  42 -40 -57 -83 -38-111  -8  -7  93 101  43  -5 116  -2 102  77
 -18 -75  24 105-115 -26-110 -84 111 -97 -17 -77 -18 -49   9 110
   7   0   0   0   0   0   0   0   0   0   0   0   0   0   0   0
   5  38-102 107  39  -9  46 -49 102  67 -29  10 -18  -2-102 124
  -3  26   0   0   0   0   0   0   0   0   0   0   0   0   0   0
  19  86 -98 -53 -57 -23  -5 103  69 127 127 120  59  56-105  54
  -6 122   0   0   0   0   0   0   0   0   0   0   0   0   0   0
 -65  21  46  91 -70  62 -78 -12  56 -18  -1 -61 -82   0   0   0
  39  86 -52  37 -70  -1 -73 -29 -57  71 -49 -93 -85 -29 -51-109
  22  -9   0   0   0   0   0   0   0   0   0   0   0   0   0   0
 -99 108  50 109 121  90 -67  -6  11 -83-116  81  -5   0   0   0
 -70  84  84  78  93 -51  29  31 -14  19-101 118   0   0   0   0
 -35  54-113  66 125  62  31  95  28 -57 103 -94 -16  76   0   0
  54  79  85  29 110 111 119 -23  78  80-103 117  14 -60   0   0
  75-114 -12 -94 -86  -9 105  30  86-116 -27  12 -30 -50  50  53
 -55 -49 -57 -73  -1 -67  48  61 -14  44 -72  38-121  66   0   0
 -47 -55 116 -12  -8 -36 -74 -83-113 -14 107 -49 -66 -83  81 -69
  -5 -22  -4   0   0   0   0   0   0   0   0   0   0   0   0   0
 -69  34  43 114  69  24  -1 -75 -34  35  72 -60 126  92 121 -10
  33  52  48 -43 -90 -13   0   0   0   0   0   0   0   0   0   0
 104 -87-101 -75  14 -45 -89  89  55 -67  54-101 -72-113  14-118
 -14 -18  26 126   0   0   0   0   0   0   0   0   0   0   0   0
 -55 111  59 -45 -84  83-124 -11 -65-106 -35 -83 103 -31  82   0
-104 -28  -1  60  62 122 -76 -67  57  15  63-119 -54  36  54   7
 116 -83  31  -8 101  -6  -5 107  85  61  -8-100  68-106  36 -61
  58  79  26-105 -83  46  15 -39 -31  13  10 -41 -45  57   0   0
 -73 -43   3 126  31 119 -86 -28-124 -40 -83  -5   0   0   0   0
  90  31  13  66 -31 -27  98 -34 -71 -60  68 -68  82 -39  -6 -34
 -55  98  -9   0   0   0   0   0   0   0   0   0   0   0   0   0
 -88 117  47 106  54  75  34  35 -66 -58  25 -38  94  47 -22-107
 -54  58 -97 127 -17 -94-103 -50 116  45 107 100 -81 122 -73 113
 -42 -24   0   0   0   0   0   0   0   0   0   0   0   0   0   0
  57  57  97 -39-123 114  87  22-118  -5 109  -9-126  22 -43-122
 -70 -29 -58   0   0   0   0   0   0   0   0   0   0   0   0   0
  -2  46 -37  43  75 -41 -74  -7  35 -34 -99 -87 -63 -81  59   0
  14 -49 -29  67  -2 -15 -85  89 -64 -98  75 110  72  31  93 -82
 -72  83  60  15   0   0   0   0   0   0   0   0   0   0   0   0
  -2 -55 -93 111 -50 125  30 -77  -7-124 -88  -2 -27 -78 -12   0
  99  -4 -10 116  79 -45 110  55 121  53  -1 -19 117  93  76 -27
 -81 -65 -42 -73 -27  85  -2 -49 126  86  61 -82 -10  26  32  95
  12 102-114   0   0   0   0   0   0   0   0   0   0   0   0   0
 -39 -27  -7 -51  36 -46 -50 -41 -68   6  90 -31 -18 108  51 -87
-110 -17 -36   0   0   0   0   0   0   0   0   0   0   0   0   0
-110 -83 -18 -28-118 -88 102 -65-109  47  -1 -97 -69  84   0   0
  -3  94 104 -70 108  42 -55  65 -52  44 108-103  26 110 -72 -93
 110 -29   0   0   0   0   0   0   0   0   0   0   0   0   0   0
  11-119  51 -23 115-113  68  56 105 -11 -63 -94 106   0   0   0
-103  45-127  89 126 -23 -33 125 124 -82-124 -81 -54 -55  23 -38
 -59 -67   0   0   0   0   0   0   0   0   0   0   0   0   0   0
 -79  -3 -29 -75 -65 121 127-127 -25 122 106 -49 -19 -26 122   0
 122  -9 -46  -1 -27  -6 -10 -33 -74  86  31 -12   0   0   0   0
 -98  28  78  94 -34 -66 -28  75 -47 -71 -11 -35 117 -47 -61 -78
 -66 119  71 -38 -66-112  -2  17  37-101 -59  13  56 -49  46  82
 -65 -59 -99  69 -22  59 -84  97 -94 -71   0   0   0   0   0   0
 125 110 123  31 -56 -99 -21  -8 109 -37 -29 -56 -34   0   0   0
-101-106   3 -29  81  18 -62 -15 -19 -73  58 -92  60  32 -99   0
  57-114 107  -1 111 109  57 -38  37  -1  36 -57 -18 -46 121 -42
  69 -99 -38 126   0   0   0   0   0   0   0   0   0   0   0   0
 -58 -12  87 -35  39 114 -37 -37 -97  21 -53 -65 -35 108   0   0
 -95-117  11 -76 -87 -25 -70  49 100 -77   4 -83  50 -61 -77 -10
  79 -93   0   0   0   0   0   0   0   0   0   0   0   0   0   0
-126  -2-103-101  -7  -4 -80-108 -98 -46  79  -2 -65-113-103 -57
  47 107   0   0   0   0   0   0   0   0   0   0   0   0   0   0
 -24 -49 123  -9  90  -8  -5 -37 -13 -64 101 124 -82 123 104 117
 -89  -4 -51 115 -37 -91 -90   0   0   0   0   0   0   0   0   0
-117 115 -24-122 -58 -44 123  91 -69   8-108 126  34   0   0   0
 -63 -44 -59  30-105 -33 124 111 -53  94 102 126  15-106 110 -58
 -95  -4  -7 -59 -72   0   0   0   0   0   0   0   0   0   0   0
 125  74  21 116  51 -15  19  -1 121 -49-114   5   0   0   0   0
  -2 118  42-105 -71 -32 -28 -18  -9  21 119  49  63  15  62 113
 126   0   0   0   0   0   0   0   0   0   0   0   0   0   0   0
 -79 -94 -93  84 -44 -96 -69 -10 110 -70 -97   0   0   0   0   0
  83 -41 -91  -2-102 -10 109-110  92 -30 123   0   0   0   0   0
 -15  13 -34  91   6  77-114  31 119 -12 -42 -55 -24 -79 -24  20
 -98  56   0   0   0   0   0   0   0   0   0   0   0   0   0   0
 -20 -21 -50-105 107  68 -13  -1 100-120  70 -41  49  -4 109  11
 -53 -33   0   0   0   0   0   0   0   0   0   0   0   0   0   0
 -59 -84  -8  94  83 -91 -51  59 -50 -90-128  37 -21 -69   0   0
 -89 125 -51 -10 -81  34 117  -9  77 -86  30  87  -2 -16 -48   0
  87-110  85  57  67  64  89 -82 -17 -98  84-126  75 -37 -38 -26
 122  -8 -81 -59  67-106-100   2 123 -19 -78 -81  53   0   0   0
 -39  34  79 -19 -38  26 -70  41 -74 110  -2 -87  92 125  59   1
  44 -52   0   0   0   0   0   0   0   0   0   0   0   0   0   0
  23 116 123-101 -97 -30  -3  23-109  15-116  66 -39-105   0   0
 120  -7 -44 -31 -87 106  89  61  81-121-115 118-113  57  25 108
  75   0   0   0   0   0   0   0   0   0   0   0   0   0   0   0
  -1  70 -17 -63  99-115 125  82 118  29  42-108-117 -37 106 -69
 -89   0   0   0   0   0   0   0   0   0   0   0   0   0   0   0
 108  70 102 -46  -1 -68 108 -20  93  88  47 -99   0   0   0   0
  59  29 -25 -35-126 -69  59  -1  60  51 115 111 -26  75   0   0
  60 -63 126 -78  82 -85  82 -71 -16 -81  88   0   0   0   0   0
  -4 -15-115  13 -89  44 123  72 101  45  89  -4 -67  42   0   0
 -91  52-109 115-125  31  81  60 -12 123  94   0   0   0   0   0
  17 127 -11 -60 -53  30  72 109  31 -10 113  56 -99   0   0   0
   7 -31  58 -29  -8  71 -15  47  90 103-115 -14  -2 125 -51  43
  73  36  -8  79   0   0   0   0   0   0   0   0   0   0   0   0
 102  78  34 -38 100 106  58  41 -53 -50 -43  93  31  59 -67 -59
  91 -23 -79  26 -17 -33 -57  29 111 -93 -37  63-117-108  67   0
  -5-115 -22  -5  -5 -47 -10  13 -10  -6  67 -27  99  92  49 -39
 -26  -5 -10 -16  34 -21  -8 117 -31 -74-115 -14 -15 -20  68 -91
 -12 -12   0   0   0   0   0   0   0   0   0   0   0   0   0   0
 -85 124  89 -79  49 -31 -23  49 -85 118  85 109-102 -14   0   0
 -19  64 -33 127  39  -9 -46 -97 -28 -22 121 -99 -60 -76 -39 100
 -33 -49   0   0   0   0   0   0   0   0   0   0   0   0   0   0
 -52 103 -37 101 -41 -34 -69 -31  25  91  44 -52   4-103 -18 100
  43  67  61 -12   0   0   0   0   0   0   0   0   0   0   0   0
-109 -50 -42  89 -74  60-111 -41-121 -69   7 -23 -25 -66  13  -1
  49  84 -27 -78 -15  21 101  -6 -70 -16 -14 -38   0   0   0   0
  -2 -19-113 112 -20 -44-109 -42 117  12-107 -87  79   0   0   0
 -59 -49 -77  34  70 -66  93 -49  -4 -23  74  53 -91 117   0   0
-100  -5 -29 -93 -29  46 -10 -73 -22  77 -46 117  33  68  73 -70
  36  20  -2-116  46 123   0   0   0   0   0   0   0   0   0   0
  54 100  54 105 -96 121-110 -55  37-102 -92   0   0   0   0   0
  98  70-100 -90 -93  38-102  -7   8-123  74  12   0   0   0   0
-105 -41  99-108-117 -97 -78 -32 101  28  -7-125 -56  90 -59   0
 -29-119  95 -79 -53 -89  44  99  21  85 -14 115  58 103  63   0
  30 -52  -4  87 -34 -42 111 -84 -97   0   0   0   0   0   0   0
  -4 120  -1 -43  71 -18 126 114 -32 -33  21  -3 -87   0   0   0
  -8 -59  89  53  62  -9  23  27 -38  76  58 -46 108  56  27-122
  45 125   6  19 -50 -40 -45  69 -12  84  50 -73  11  20 -29 -13
 -54 -49  38 122  61 -27   0   0   0   0   0   0   0   0   0   0
 106 -70   1  -4  91 126 -56  22 -38 -44  61 -19  70  16 112 -83
 -70   0   0   0   0   0   0   0   0   0   0   0   0   0   0   0
 -83 -74  -9 113  48  63 -29 -66  46 -75-117  -1 -33  73 -42   0
 125  26  23-113 -44 -92  83  55  42 119   0   0   0   0   0   0
 -11  -7  13 -87 119-126  -6 -15  23  -1 -82   0   0   0   0   0
  50  89 -66  51  84 -89   9 -31  53 -23   0   0   0   0   0   0
  63  88 -10  -1 -30 -75 -45  96 -65 -58 119-116 111 -47  95  -4
  11  -7 -61   0   0   0   0   0   0   0   0   0   0   0   0   0
 -34 127-105  78  -9 -50  27 102  68-113-127 -78   0   0   0   0
 123 -65 -58 -51  -5 -97 -20  71  62  45 100 -25  45  74 -47 119
 -97  -9-118  -7   0   0   0   0   0   0   0   0   0   0   0   0
  90 -67 -57 -94  46 -11  42 122 -51-105-102 -59 -79  95  71 -50
-106 -43-119 -65   0   0   0   0   0   0   0   0   0   0   0   0
 -14  -3  85 -98-103  91 -23 111 -69  24 -39 -77 -37  53 -79 -23
 -25 -37 -74  97  49  74 -30 -14 -13  58  84 -51  62 118 -78-102
 111   0   0   0   0   0   0   0   0   0   0   0   0   0   0   0
 -23 -91 -22  92-126 -50 -41 -46 -89 119 -91 119 -33  -2  39 -56
 -61   0   0   0   0   0   0   0   0   0   0   0   0   0   0   0
-118  26  31 -77  68 -57 -31 -14 -21  86  86 -13  53 -21   3 -25
 -13   0   0   0   0   0   0   0   0   0   0   0   0   0   0   0
 -33 -71  -6 116  -6 -66 126  95  37  22 -66 -79  75 -66  98 -70
-112 -44  90  53-101  72 -21  72 124  42  84 -11 -41  90 122  61
 -26  23 -12  45  93  71 -41-106  47  22  67  67  68  43 107  21
 -12 -29 120 -37   0   0   0   0   0   0   0   0   0   0   0   0
 -60 -70  47  76  27  -8 125 -50-116  86 -57 116  98-121  41   0
  72 -18  39 -48 -43  60 -26 -19 -70 125-123  51 -65  35   0   0
 -18  91  21 -54 -15 -34  -8 -36 -13 109 -54   0   0   0   0   0
  22 -48 -62  41  50 -51 -84  92  87 113  11 -99  35  52  71  54
 -42   7 -36   0   0   0   0   0   0   0   0   0   0   0   0   0
  55 -33  60  82  62  86   9  -3  87  70 -57 122 122  69  -3   0
  26  48   7 -57 116 -79 -11 -99 -65-101 -59  49 -25  28  92  27
 -13 -66 -51   0   0   0   0   0   0   0   0   0   0   0   0   0
 -82  55  93  -6 126 -48  65 -73 108  87 -86 -76-117 110 -12 -66
  31 -34   0   0   0   0   0   0   0   0   0   0   0   0   0   0
-105 -89 -27  -8-113  -5 -57 -12 -87 -97 -86 -69 -50  89 114-104
 -20-106 -60   0   0   0   0   0   0   0   0   0   0   0   0   0
  85 109 110 116 119  74 -20-115  80 -57 107 -52  28  -5 -36 106
 -78-122  -1   0   0   0   0   0   0   0   0   0   0   0   0   0
 -67  13  85 -98 -63  15  61 115  62  44  15-106 -35 -34 116   0
  56  93  53  85 -44 115 -66 122 103   6   1  -3 -52 -43 -46 -89
 -98  71 -95   0   0   0   0   0   0   0   0   0   0   0   0   0
  69 -66  84 -11-113  61 -49 122 -30  85 -92 -37-101 -73 117 -90
 -79 117  22 -25 -11 -11 111 -51   0   0   0   0   0   0   0   0
-119 -31 112 -23 -38 119  71 -84 -36 -96 -23  51-121 -71  76  92
 -94  22  87   0   0   0   0   0   0   0   0   0   0   0   0   0
 126 -26  93 -18  24  92  83 114  63  75 -68 102  86 -51  -3-100
 -26 -45 -90   0   0   0   0   0   0   0   0   0   0   0   0   0
  15 -65  48  -2 125  96  -6 -18 -30 -48-115  29 -96 102-103   0
  90 119 109  53 -79  58 107-110 -81  25 -67 -90   0   0   0   0
  71 121 -20 -65  70  -4 -67-115 106  26 104 -77 -65 -66   0   0
 -51 127 -27 -17  87 -87 120 -29 -88 -65  47 -14 -32-107 -33 109
   9   0   0   0   0   0   0   0   0   0   0   0   0   0   0   0
 112-103  62  77  43 121  30 111  51 -22 -98 108  -3 -28 118   0
 -75 115 100 -70 -34 -65  97  10  44  46  79-102 -74 -46 -57  90
  31 -44 -31 -51 -68   0   0   0   0   0   0   0   0   0   0   0
-102  59-117 -17  78  59 -34  85 -25-101 -71 -87 109 -39 -33 101
  -1   0   0   0   0   0   0   0   0   0   0   0   0   0   0   0
  42 -81-100  73 109 109 -33  83-120 -25  88  45  53  21 -77-109
  66 -73   0   0   0   0   0   0   0   0   0   0   0   0   0   0
  32 -19 -95 -43 -53  82 117 -15  12-125 -29 -74 -72  -9  92 -39
  58   0   0   0   0   0   0   0   0   0   0   0   0   0   0   0
  15  89  -2 -13 -79 102 -40 -97  88 -85-101  42 102  99  -5 -51
  -1   0   0   0   0   0   0   0   0   0   0   0   0   0   0   0
 -30  -5 -13 -73 109  92 116 -31  55  95  79  53-109-113  29   0
 117 109  62 -80 -57 -49 117-103  98 -93-111 -80 -69 -31 -34   0
 -73 -94 -10 -53 -95  63 -19  43  52 -54  -5 127  -9 115   0   0
 110 -79 -81  56 -35 -49-113 -44 -13 -16   0   0   0   0   0   0
  20   6 -73  64  -2-101  31 112 -29 102 -31 -17 -43-110  56   0
  30 -47 110 -15 -53  80  -2 -82 126  90 -11 -10  36  43   0   0
-117-115-117 111 -70 -45  63  91 -16 110   2  21  83   0   0   0
 110  55 109 -41  63 -26  53-111  43 108 -37  89   0   0   0   0
 -76-106  42  78  68  66 -79 -12 106-124  -2  37 -12 -15  43-115
  95 126   3  38-104  91   0   0   0   0   0   0   0   0   0   0
 -11  25 -34 -37 116-108-113 -32-110 -20-121 -91 -68  80  18 -40
-107 -65 -49 -98-102  35 -73   0   0   0   0   0   0   0   0   0
  -9 117  -3  62 117  92  -1  73  50 103  84  27 -33 -38 -17  63
 -59 -55 -25 118 -13 -65-113   0   0   0   0   0   0   0   0   0
 -41  95  -7  73 105 -20 -39  14  10 -11  87  98 -21  28 -11 -58
 -20  21  60  -9 107 111 -51 -75  97 107  35  -1  22-108 -67   0
 -82 -12  66 -16  -8 -90 -11  35  86 -91  -3 -95   0   0   0   0
 117 105-110 -86 -11 -69 -37  92  75 -29 114 -33 -50 -47-107 125
 -14  19 -38  15   0   0   0   0   0   0   0   0   0   0   0   0
  50 123-125 -38 -45 -82  92  -9 109 -19  -2  86-108 -15 117 100
 -65 100  40   0   0   0   0   0   0   0   0   0   0   0   0   0
 -37  94-108 -73  -7-119 -84 125 -66  19 -41 -78 -66  56 100 -55
  86   0   0   0   0   0   0   0   0   0   0   0   0   0   0   0
 -38 -51  37 -21 -52-103 123  -1 111-119 -86 -72 -13 -42 -97  12
  47   0   0   0   0   0   0   0   0   0   0   0   0   0   0   0
  83  49-127  68 -29 118  55 -39   7 123 -22 -33  29  83 -37 121
 -42  92   5 -47  62 -23 -32  -1 -55-117 -52  96 -43  68   0   0
  42 103 -33  75 -17 107 -14 -90  64 -62-108  38  49 -89-106   7
 -76 -57 -28   0   0   0   0   0   0   0   0   0   0   0   0   0
 -25 -19 115  36  95-114  -8 -26 -66-105 -73 -35 -71 -27-123 -18
 -28  -6   0   0   0   0   0   0   0   0   0   0   0   0   0   0
 126 -85  47 -85 -85  -7  78 -83  85 -96  82 -17 -11 -96  29 110
  95  95   0   0   0   0   0   0   0   0   0   0   0   0   0   0
 -89 -68  35  43 -69 110  16  68 -63  30 114  95  55  30 -47  87
-102   0   0   0   0   0   0   0   0   0   0   0   0   0   0   0
 -44 -98 116 -18 -37 -71 -69 -25 -82-112  39 -68 -82  -2 -39-116
  49  32  92 113  -4 -19  41-103   0   0   0   0   0   0   0   0
 107 113  53  78  22 -93 121  41  -7 -37  21  84  28  82  17 -87
  58-114 -53  50 110 126-109 -84 -40 -81  86  -6-105  77 -90   0
 -42  37  49   7  94 125 108  89  12 -26 -54 -80  -5 -35 -50   0
 -39  -9  -4 -98 -25 111 -88 102  25  79 -86 -26  -6   0   0   0
-105 120  63  78 -66 -68  60 120  29 -13 114  58 -68   0   0   0
  98-107  97 114  91  -4  -4  79  70  26 -48 103   0   0   0   0
 -71  36 -67  -4 -40 -73  44  47 102 -39 -41 -68  -5  87  71 -49
  32 112-107  79 -36  12 -18  -9  23-102  93 -32 -21  -2  62 -25
 123 -19  35  46  10 126   0   0   0   0   0   0   0   0   0   0
 -20  39 102-105 -28 -85  -5  40  59   0   0   0   0   0   0   0
 -21  79 109 -50 122 -85  43 -97 -95  79  27   4-110  91  53 116
-101   0   0   0   0   0   0   0   0   0   0   0   0   0   0   0
 121  22  29  -8 108  45 -30   1 -93  40 -79 -68  32 -91  95 -82
 -34  92 108 -28  -1  81  71-121 -12  45   0   0   0   0   0   0
 -46 -39  54  98 105 107  54 -26 -15  94 -97  -2  49  -2-117 -77
  11-123 112  92   0   0   0   0   0   0   0   0   0   0   0   0
-123  42 108 -41  27 -87 -67   6  -6-127  31  71 -17  -5  92 -11
 -57  -7 -58 116 -30-113 -99 110 -78  30  99 -15 -49   9 -36 107
 -16   0   0   0   0   0   0   0   0   0   0   0   0   0   0   0
  -7  66  63 -35 -65  86  45 -21-116 -86 -20 -89  32  95 -27 -80
 -70-102 -94   0   0   0   0   0   0   0   0   0   0   0   0   0
 125  20 -42 -27  98 -62 113 -38 -73 123 -50 -35   0   0   0   0
 107 -33 -63-122-127 -33  50  -4  97 -47  79  10 119  75   0   0
 124  29 111  92 111 -70  65 -43  23 -99 110 126 123  -7  -1 -12
  17   0   0   0   0   0   0   0   0   0   0   0   0   0   0   0
  -7  47-114  70  -1 -97  87 -87  70 -86-103  -3 -73 -10  81 -65
  37   0   0   0   0   0   0   0   0   0   0   0   0   0   0   0
 119-125  43 -69  55  51  50 108  93 -91-111 111 -64  -8 -35 124
  42   0   0   0   0   0   0   0   0   0   0   0   0   0   0   0
  -7  30 -83  23 -34-107 -41  55-105 103  31 -93 -55 -58  29  81
-116 -50 -77  83  53  94  98 -20  15 -19 126  24 -78 -47 -11   0
 -33 -99-120 -51 -56 -74 -68  18 118  55  -2  94 -34  83 -21 -21
 -99 101 -45   0   0   0   0   0   0   0   0   0   0   0   0   0
 107 -20  17  54 117 125 -48  19 -84-120  27  -9  79   0   0   0
 -18 -70 -78 -39 -79 -37  -4 -42  67-118 -61  -5 125 -36  -3 121
 -40 -69  54 101   5 -87 -82   0   0   0   0   0   0   0   0   0
 -11-121 103   9 118  95 -26 -38  95 -87 106 -10-100  81   0   0
 122  15-125 115-101  30  15-115 -36 -69  50  10 -55  -3  22 -76
 -92  -6 112-125 -31  -2  59  99 -63 -12 -15 -18  -8 -34 -24 -92
  69 -15-115 -79 127 -36  49  49  77 -11   8 -17-113 -83  71  12
 -31 -65  21 -90 118   0   0   0   0   0   0   0   0   0   0   0
  28 -26 127  38 104 -77 -39 -52-105  53  75-111 120 -31   0   0
  14-128 -66  61  85  47-104 -31  90 -11 -89-111   0   0   0   0
 -99-110 -74 -68  58-121 -31 -25 -77  43  34-126  15  31-111   0
 -82 -71  -1-100 115 -81 -49  87-105-109-117  -8 -20 -77 -79 -61
  82  85 -91   0   0   0   0   0   0   0   0   0   0   0   0   0
  -9 -53 -13 -13-105  88 -29  43 -25 -16 -50-109  13 -29 -66 -98
 -39 107 -35 125 -75 -87  75  15-127  40  58 -72 -73 114 110 -31
  86   9 -65   0   0   0   0   0   0   0   0   0   0   0   0   0
 -35 -59 -66  29 110 -24  54  95 -42-101  91  12 -69  -7 -67 -12
 -80   0   0   0   0   0   0   0   0   0   0   0   0   0   0   0
 -34  74 -49  80  -4 -31 -75 -78  -9  77 -18 -45 -21 -92   0   0
 -25-103 117 112  54 -60 -67  61 -57 -73  -4  75 -12  29 -44  93
 100  62  99  39  86  83  60  99 -73 106  -7   0   0   0   0   0
  17 112 -53  -6 -53 -28  61-114  69 106 116   0   0   0   0   0
 -49 -21-105  29 -32  -8  72 -69 -43  29 -14 -65 107 -25-104 115
 -10 -44 -69 -73  23 -38  69 -87 -52 100 112  63 118   5   0   0
 -27 -23 -26 102 -98 -63  63  63 -81 -12 -47  37 -36 123 110 -69
-109 -15 -67 -51 -23 -53 -31 -46 -58 -52  11  40 108  60 -42 -24
   1-114 -90 -31   0   0   0   0   0   0   0   0   0   0   0   0
  79 -18  -4 -36 -36  60 118 -35   4  -5  48 107  38  -9   0   0
  29  70 -44 -44 -27 -82  -7  15  93-108  46-105  49 -48  26  97
-114 -10 -97   0   0   0   0   0   0   0   0   0   0   0   0   0
 -26  -9 125 114  69 -74 -32  30  -4-123 -17 112  67   0   0   0
 -20  31  91 -25 -80 -20 114 -30  21 -38  18  94  76 -82  85 127
 -76  60-110  23  94-117  40  28 -31 -82  -4-117  66-103  65-101
  20 -43 -24   0   0   0   0   0   0   0   0   0   0   0   0   0
-116  50 -17 -33  42  93 -30  28  98  92  70  53 -81 -18 118   0
   5-110  79 -81 -13  31 115 113  24 -17-107 -30 118 -99 -77  69
 104  46   0   0   0   0   0   0   0   0   0   0   0   0   0   0
  -2 -27 -98 -49  -1  52  53 118 123 -98  94  55   0   0   0   0
 -19-100-101 119  71  -9-104 -90   6 -22  62-102  24 -27   0   0
-107-111 -38 111 -92 122-126 -18 -45  71 -59 -58 -25   0   0   0
 -68  -2 115 -62 -77 113  84-122  27 -57 -39 108  -4 -65   0   0
 -21 -10   6  51 -63 123 -54  86 -39  15-105  -6 -79  24-101 -10
 113  23 123   0   0   0   0   0   0   0   0   0   0   0   0   0
  87  88 -79-121  62  59 -42  88  47  11  25 -49-122-122-116  87
 -21 -33  57-115 117  86 -13-107 119-104 122 -17-106 -75   9 101
  89 -74 -90   0   0   0   0   0   0   0   0   0   0   0   0   0
 -92 -61 -87 104 107-110 125-118 -43  79  65  63-102  -2   0   0
 -99-128-125 -53 107 112  58  14 -53 -47 -25 -77 125-100  25  83
 -52 -15 -65 110 -75 -39  53  97  90  -7 -30-105 -29  76 -21  13
  53 -29  90 -35 -25  92  89 -28 -97-101 -90  93 -29 -73  94  58
  39  -2   0   0   0   0   0   0   0   0   0   0   0   0   0   0
 -78 107  11-128 -68 -98  23  82  39  56 -13 -37 -55 -36  25  30
  22 -39 -50   0   0   0   0   0   0   0   0   0   0   0   0   0
  -7 -24  32 107  -9  59  -8  15 -96  75  92 126 -87 -95  93 -49
  69 -11-122 -54 115 100 111 111  76  31   0   0   0   0   0   0
-109 -90  74 -29 -30 -84 -30 -97  99 108  11 -11  43  86   0   0
 -44 -77 -70 -60  85 -17-104 -13  61 -93  -2 -66 -33 -66 -62  -3
 -18   0   0   0   0   0   0   0   0   0   0   0   0   0   0   0
 -75 -69 -83 -95 116-114 -98  18 -72 -13 -30   0   0   0   0   0
 -17 -64  51 -76  23  40 111 -49  19   0   0   0   0   0   0   0
 104 -87 -98 -15 -30 -21  -9  65 -82 -27 -86 -44-125 -22 -87 -19
 125   0   0   0   0   0   0   0   0   0   0   0   0   0   0   0
  -4 -60  87-105  41 -69 -95-108  -6 -48 116  51 126  15 -49  95
  47   0   0   0   0   0   0   0   0   0   0   0   0   0   0   0
  58 110 -74  72  59 -91 103 -36 -11 -97  50-118 -73  37-114 -76
 110 -12 -33 -31  -3-117  62 -22  61 116   0   0   0   0   0   0
 108   2 -67 -85 -99 -78  58 -50 123 101   0   0   0   0   0   0
 -10 -31 -70 126-110  91 -22 -68  22-114 -35 101 -18 -87 -55 -67
  18 103 -37 -44 -21 -22 -71-124 -78 101 -38  23 -73  -2   3   0
  90-115-100  61  95  10  19 -74 107 -18  56 -69   0   0   0   0
  -5 109 -78-121 -19 -18  77 -54 -17 -96  43 -83 -75  85  57 -13
  88  -9 112   0   0   0   0   0   0   0   0   0   0   0   0   0
  98  78  83 -72  -1 -67 -71  29-105-123  92 127  -4 -79  -9   0
 -90 -47 -75 116 -57  12 -33-103  57 -22 -81 -94 -57  91   0   0
 -58 -55 -98 -22  60 -83 -15 -65  29 -21  78 127 -41 111  38 -42
  -5 127 121 -58 -65 -82 -51 -33  -1 -88  91-111 126   0   0   0
  64 -53 -41 -40  56 117 -70 100  -9  13 125 -77 -23   0   0   0
 -26  11  -2  57 -78 -35 118 115-106  52 -67  56 110  -8 116   0
  63 -59  22   7  21  -3  34   4 -87  -2  69 -69 -51 -85  30   0
  37  81 -88 121 -91  -3 -90 -97 -62  83  25 -51  77 112  77 -50
-113   0   0   0   0   0   0   0   0   0   0   0   0   0   0   0
 -11-115 103 -90 123-124  29  13   6  60  -4  -5 -77 -10  57-107
   2  76  81  -4 127  73 -22  89  -5 127 -90-100 -92  99   0   0
 -31  68 126 -35 -26  66-117  52 -71 100   0   0   0   0   0   0
  74 107 -34 115 -52 -24  90  15 -54 -92  71 -67 -35 -19 -16 -34
   7   0   0   0   0   0   0   0   0   0   0   0   0   0   0   0
 -63 -58 116-102  -1 109  61  -6-105 112 -78 -82-114 -78 -16 -51
  89   5 -90 -69  -4 -37 -72 126   1  14 109 -38  85 -60 -77-123
 116-111 103  29  91 124  67 -49 -39 -51 127  23 -22 -52 -81-101
 -42  44   0   0   0   0   0   0   0   0   0   0   0   0   0   0
-119-103 115 119 -23  17-119  43  28 -85 -51  29   0   0   0   0
  74 -19  62  39 -47  31  93  -7-103 102 -25  37  67 -78   0   0
  74 100 -35 102 -15 -21 -54  20 -79 -56  13  84  23  79  -1  59
 -30  92  63   0   0   0   0   0   0   0   0   0   0   0   0   0
 -35  42 -51  76 -36 -35  29  87 -84 -57  13  31 -41 -65 -50 -53
  37 -23 -67-115 -26-126-121 -20  63  99  81   0   0   0   0   0
 112  -1  51 -26 -31  82  52  43 -62-112  -7  93 -20 -55 -61-123
 116 116   0   0   0   0   0   0   0   0   0   0   0   0   0   0
 -62  95  98   7  93 -72-104 -99  -5 -22 -54-105  31 -56 -70 -68
-101 -30 -74   0   0   0   0   0   0   0   0   0   0   0   0   0
 -48 -52 -43 -65  34 -97  40 -59  87 -17 118 124  30  82 -15  82
 104   7 111-113 -15  -3  84 -50 -52  81 -51  71 106  97 -85 -51
  96   0   0   0   0   0   0   0   0   0   0   0   0   0   0   0
   3  78 -33   3 -77 123 -34  47-127 -83 -15-116 101   0   0   0
  34  76 -87  28 -29  77  74 -41  33  78-117 -17 -44  98 -20-115
 -42 -77   0   0   0   0   0   0   0   0   0   0   0   0   0   0
 106 -26  89  75  89 -42  37 -85 -85  -3 107 -50-102 103 -88  39
  46 126 126 -20 107   0   0   0   0   0   0   0   0   0   0   0
  31 126 -21-121 -39 -43 -67 -71 -12-119 -41-119 -31   5 -87 124
  69 110  54 -47  59  76  47 -73   0   0   0   0   0   0   0   0
  -1 -72  59  88 -73-103 -40  50 -78 -49  53-111-102  52  68   0
 -98  34 -97  -5 127  53   7-117  62 124 -33  95  63 127  27-117
 -37   0   0   0   0   0   0   0   0   0   0   0   0   0   0   0
 -66  59 -94  40 121  23 -77 -29 -50-104  31 -97 -63  -2 123-100
-100 -36 105  -7 -14 -89  20 -19  88   0   0   0   0   0   0   0
 -19  40 110  45  21 107  84 -20  98  47 -25 -65  -2 106 -17  27
 -14   0   0   0   0   0   0   0   0   0   0   0   0   0   0   0
  99 104  30 -88  24 -67 -23-125  49 113  79 -85  -6-117 127 -65
 110  90 -39  49   0   0   0   0   0   0   0   0   0   0   0   0
 125 -30 -53   3 -89-126  57  91  46 124 -87 -91 -17 -84 -70 -76
 -98   0   0   0   0   0   0   0   0   0   0   0   0   0   0   0
  -8 -17 -26 -59  54 -46 -24  67  38  78  59  85  91  84   0   0
  49-116  69-122 -75  53 107  98 -50   0   0   0   0   0   0   0
  73  46 117 119 105 -98  20  71 -13 -98 100 -20 -84 126  67 -32
 -14   0   0   0   0   0   0   0   0   0   0   0   0   0   0   0
 -38  59  47-107 100  80  23 -96 -25 -49   0   0   0   0   0   0
 -14  74 -67  88  99 103 -49 -51 -72 -54 -20-117  29  51 -80  57
 -82  77  44  75  59   0   0   0   0   0   0   0   0   0   0   0
 -33 -63  37 -15 -71 -56 -46 -98 -30  62 -47  -1  73 -10-100 119
 -76   0   0   0   0   0   0   0   0   0   0   0   0   0   0   0
 106 125 -71 -47 -99 114   7 113 -12  88-104  82 114   0   0   0
  94 109 120 117 -59 107 -10 107   0   0   0   0   0   0   0   0
  79  -5 120-111-126 -32 -37 -58 -82 -37-112 121-107 -24 120-105
  59   0   0   0   0   0   0   0   0   0   0   0   0   0   0   0
 -50 -36  92 123  -1 102 107  39 -68  88 -50 -34 -44-125 102 -26
  -1  46  -4 109  38   0   0   0   0   0   0   0   0   0   0   0
  45 -80 -25 103 115  60 -50  17 -72 -92 -34-108  62-103   3 -51
  75 113   0   0   0   0   0   0   0   0   0   0   0   0   0   0
  19 -69  11 -94 -91  70  76 -29  68  92 -49 -12 -30 -93-100 120
  12 -90 -34  79  89 -13 -63   0   0   0   0   0   0   0   0   0
  71 -76 -25  -8 -68  63  59-121  27  85 -95   0   0   0   0   0
  95 -19 113  63  -7 114   5 101  55 -41  18  86  37 115  30  70
 -66  53  82  91-112  -3   0   0   0   0   0   0   0   0   0   0
   4  72 -25   6 -69 -71 -41  44 -92  -3 -57  11  57-101 -30  15
-108  -9  51   0   0   0   0   0   0   0   0   0   0   0   0   0
  98 117  33 -83  60  93  44  53  26  41  -5 120 -34 -14 -41 -34
  48 -17 -31  -7 -23 -43 114  18 120  38-126  59 -83 -30 105 -20
  61   0   0   0   0   0   0   0   0   0   0   0   0   0   0   0
 -81  79-104  63  53  71  46 -44 123 -12 -81 -13  77 -77 -84 104
 -47   0   0   0   0   0   0   0   0   0   0   0   0   0   0   0
  94 -43 -66 -65  62 109 -84  98-113 -66 -53 -85 -51  57 -71  27
  61  41   6  74  43  29 107  85  29 -81-117  81-119 -85  67 100
 119 -81 -82 -96   0   0   0   0   0   0   0   0   0   0   0   0
 -13  77 -82 -93  62 -74 -29  58 103 -84  35  -6 -77 -35  77 113
  89 -42 104  57  -6   0   0   0   0   0   0   0   0   0   0   0
 -41 -74  36 -84-110 -18 -61  46-106 -55 -96 -99-105  38  59  89
  24  11 102 118   0   0   0   0   0   0   0   0   0   0   0   0
 109  58 -52  12  61 -57  10 126  75-121 -59 -89  14 -83 -36 122
 -63   0   0   0   0   0   0   0   0   0   0   0   0   0   0   0
  25-106 -77  47 105  -4  11 111  -3  62 -94 122-106 116 -53  75
  33 -76   0   0   0   0   0   0   0   0   0   0   0   0   0   0
 106  59 100-102 -28 -56 -97-119  56-117  92 -53-105  49   0   0
 -29  63 -30-101 -45  68  -4 109 -52 -80  89 -20-107  68 124-113
 -85  46 -51   0   0   0   0   0   0   0   0   0   0   0   0   0
  96  50 122  48 -46-104 -67  62 124 -18  74  -9 -52   0   0   0
 -41 -53 107 -49 -19 105 110-124 -10 -35 -90  83  -2 -47 123  58
 108 106   0   0   0   0   0   0   0   0   0   0   0   0   0   0
 103  45 104-121 -35  57  13  90-125 -98  87 117 -63 101  38 -59
 -68   0   0   0   0   0   0   0   0   0   0   0   0   0   0   0
 -81 -97-102-105  94-125 126  -9 -57 -99  63 116  13  98 -73   0
  68 -88  49  53 -36  38  90 -57 104 -76-102  90 -94 -26 125  77
  29 -12 109 -20   0   0   0   0   0   0   0   0   0   0   0   0
 117  42 125-121  98 -54 -50  -2 -87   0   0   0   0   0   0   0
  88  92-121 -77 124 -57 114  19 -81 -10  14  42-110 -30 -34  -8
 111-101 123   0   0   0   0   0   0   0   0   0   0   0   0   0
 -19  43 120  60  62  61 -37 123 -12  59  92 -91   0   0   0   0
-119 -38 -58 -77  -6 -19  45 -46 -66 -44  88 -75 104 110-107   0
  -1 -81 -40  -3 118  59  62 -68 -42  92 -84 -13 -16-104  15  47
 -90  45 -83 -37 110   8 -77 119-122   9 -99   0   0   0   0   0
  91  49 -74  73  27  21  26  86 123 -85 -20 -68 -55 -22 -37 122
 -50  83 -40 101  88   0   0   0   0   0   0   0   0   0   0   0
  30  33 -91  72 -38 -55 -13 -20  99 -80  33 109 122-105 119 -69
-118  49 -37   0   0   0   0   0   0   0   0   0   0   0   0   0
  -1 -76 119 -59 109  55-109-121 -94 -77 103 -42 -29  25   0   0
  15 -21  29 -90 -51  96  11 102 -53 -35 -24 -73 -22 111 -17 115
 -65 -54   0   0   0   0   0   0   0   0   0   0   0   0   0   0
  -7 -64  86 -55 103 117 108 -65 -80  45 109 -35 -15 126  17 -74
  85 -14 111 -90   0   0   0   0   0   0   0   0   0   0   0   0
  67  57 112  86 -30  79 -32-117 -71 -38  70 -81-105 -17-113 -32
 111  87  -7 -18-101  79 -74 -75   0   0   0   0   0   0   0   0
  59 -90 -93 106  31 -18 -65 109 -24  85 -34  63 -10 -81  31   0
 -88 -51  76   5  63  38  -7  48  90 -78 -32 -18  38   0   0   0
 -95 117 -99-111  25  47 -73 -33  79  23 -84  85   0   0   0   0
  29  39  99 103  88  71 115 107 -75  45 101 -38  67 -76   0   0
-109 103 -20  86 -58 -16 -82  77  53 110 -95  91  28 -20 -37 -18
  78 -57 120 123 119   6   0   0   0   0   0   0   0   0   0   0
 127 -63 -16 -81 -27 -34 -13 -48-105 115 114  69  26  68 126   0
 -78-125 -45  31 111 -91 106 109-108 -31 -67 -83  23 -60  89 110
 -14   0   0   0   0   0   0   0   0   0   0   0   0   0   0   0
  25 -34 -33  -7  97 -53 -13  -5 113  -2-108 103  30  15  -6 -14
  62 -81 127 119 -17 112  26 -12 -43 -99-114 -73 -12 -53-122  63
  -4   0   0   0   0   0   0   0   0   0   0   0   0   0   0   0
  40  -8-101 -64  -2 -21  62  97 -36-116 -28  72  60  36 -30  17
 -53 -94  20 -94-123  60  31 -74 -47 -98 -11  90 -31 123 121 -58
  60 -33 -81-108   0   0   0   0   0   0   0   0   0   0   0   0
  51 -22 119 -66  31  47 -90 -49  13  85 -98  45 -51 -90 126 -94
  95 -44   0   0   0   0   0   0   0   0   0   0   0   0   0   0
  -1 -39 -49 -73 100-109 -52 -63 -62 100-103 -73  59 -50   0   0
  55 -49 105 122  21   7  52  14  89 -65 -65  93  90 -99  92-111
-121   0   0   0   0   0   0   0   0   0   0   0   0   0   0   0
  83  79  30 102 -67  -1  87-123  71 119   2-107 114 -84 -90   0
 117 -44 -86 -34 -10  76 -31  42 -74 106 -68 -41   0   0   0   0
 -19  -5  77-102  35 -55 114 -30 -99  56 -57 -13  42  99  62 114
  59  14 -41  -7  -2 -80 -63   0   0   0   0   0   0   0   0   0
 -13  37  60  31 123  92 -29 -43  95 109 -15   0   0   0   0   0
 123 115  68 -65 -76 -33 115  60-106-100 -45 120  45-117   0   0
 126 -11  54 -76-124 102-110 -87  35 -72  22 -65 -54 -83 107   0
  76  96   6 117  22-115-103-122 -41  96 -10 -77-119  37   0   0
  93  86  -5 -27  30  75 -21-111 -78 -71 -51 -85 -45-110  87 -36
 -66 -70-110 122 -90 -23  25 -10 -80  97  77 -79  87 -72  20  86
 119-111 -42 -88   0   0   0   0   0   0   0   0   0   0   0   0
  84 -21-108 121 -24  -3  56 -67 -96 -71  21 -81 -34-103 -45-123
  63  -8  95  86  90 -38-110  25-121   0   0   0   0   0   0   0
  50 108  22-127 -73 -52 107 -36 125 108  93 112-104 -98-116 -92
 -97 -38  34  55  39 -74  78 -69-106  -2 -12 -16 -49 -48   0   0
 -10 -81 -28 -93 117 -87  -8 -18  57  63  73-120 -12  81 -79 -83
-110 -12   0   0   0   0   0   0   0   0   0   0   0   0   0   0
  -2 -55 -92 -97 118  17 -78 -25  47  86 -63 109  91 126  19 -51
   8-106  75 123   0   0   0   0   0   0   0   0   0   0   0   0
  89  79  73 -15 116 120  45 -16  90 -43 -91  87 -42 110   0   0
  24  83 -46 -16 120 -17-113 -95 -69 -34  44 -59   0   0   0   0
  55  24  22  95 -12  23-103 -10 -44 -22 118  91 -79 -69 -78 -91
  88 127   0   0   0   0   0   0   0   0   0   0   0   0   0   0
  62 -24-113 -12  -3 -31  -9  33  63 119 -89 121 -10 -12 -77-102
 -15 108   0   0   0   0   0   0   0   0   0   0   0   0   0   0
 -76 -34  93  78  77 -38 -53 101 102 -94 -53   6  89 -60 -63 -24
  38   0   0   0   0   0   0   0   0   0   0   0   0   0   0   0
 -40 -97  21-105 -62-122 113 -56 -25 -17  90 -17  59 -23  99   0
