  4 141 159 115 201  52 189 244 203 147 245 178  18 212  72 100 
 12 183  10  27 249 147   3  23 211 191 158  10  31 113 207 144 
  6 222  24  87  62 203 254  94 145  54  10 163 106 154 251  54 
  5 169 242 167  27  77 136 131 173   5 233 161 137 142 203 143 
  8  42 110  10 186 152 151  34 224  24  99 142  31  79 171  50 
  1  29 178 183 193  22 247  75  52  43  49 168 174  57 224 234 
  7 123 158  42 120  41 110 248 246  16 168 171 230 136 188 152 
 11  39  34  60 241 222 180 208 177  27  97 118 226  68  24 183 
 13 145 211 217 152 235 250  70 177 252  76 224 239  96 157  75 
  9 150 226  32 109 222   1 126 190  72 113 105 147  78  86 179 
 15  52 137 109 118 204 202 198 105  79 208 217 126 143  62  49 
  3 140   6 249 108 184 148 219   1 108 241 237 169  47  78  96 
 10  37 146  59  51  79  34 253 146 100 157 216 254   8  33  79 
  2 191   7 182  79 205 233  14  52 137 248 119 203  77  42  96 
 12 107 205 189 146  63  70 126  23   1 193 175 170 135 233 121 
 14  34  52 108 209  82 179 204 110 151  97 148 130   9 195  56 
  6 109  44 214  24 118 206 139  51 105  75 177  78  85  18   3 
 11 253 126 149  85 232  71 232 252 188 252 196 104 147  48 115 
  8 175 178 209  80 242   4  88 201  71  35 212  68   3 163 156 
  1 231 248 164 243  75 166 120 148 227 103 141 247  77 191 165 
  4  17 117  32 156  63 242 182 206 177 205  53 110 245   8 130 
 13 125 108 227  75 142 135  54  46 219 121 237  25 105  79  24 
  7 152 187 186  70   4 196   9 166  65  52  55 228 188  47 200 
 12 100 247  63  63 156 112 189  57  95 112 107  55  33 160 214 
 15  49 195 201  77  57 108 167   1 141 119 116 109 105 169 154 
  3 209 142  34 142  31 100 105 217  61 236 163  89  31  70 121 
  5 213 165  40  10 232 171 153 237 129  39 174 175 141 172  16 
 14 195 104  29   2 127 176 161 217  96 110 113 233 144 247 175 
 10   4 229 238 161  25 158 173 161  34  99  68 138 118 151 230 
  9  12  53 176 223 161 251 202 172  71 141 180 132 144 178 105 
  2 235  83 175 182 124 226  59  53  68 211 236 208  16 217  74 
  1 201  94 220  84 219 196 139  99  87 196 157  55  52  65 101 
 15 112 163  75  31  93 208  14  94  65 180  79  47 220 160 217 
  4 130 224  55 228 251  22  10 159 240  83  64  57  73   4 252 
  7  51 208  20  43 127 194  78  17   6  56 143  77 112  19 189 
  6 219 138  25 217   6 128  93  75  65  53 187 191  73 128  75 
 13 221  68 181 208 251  36   6  30 159  64  16  42 141 146 186 
 11  93 200  59 155  89 166  97  52 110  54  45 215  56 187 163 
  8  72 185  76  75 167 204  37  91  90  55 192 244  12 246 230 
 12 134  48 118  98 141 109 139 113 220 125  41 121  47 225 129 
 14  44 225  33 118 138  22 109  45  44 128 145  99 177 129  60 
 10 206  15 191 125 150  20 120 116 250 232 231 200  12 135 146 
  2 198 118 161  56  26  42 135 152  32  12  42 249 222 198 130 
  3   2 187 205  11  52 220  61  71  14  34 201 235 160 241   0 
  1 210  42 120  76 183  34 154 178  22  88  39 247  37 203 235 
  5 173 253 110  97   6 100 175 106 139 162  52 130 235 240 102 
  7 234 107 135 197 171 170 100 162 179 204  10 198 146 122 105 
  6 150  23 245  36 187  43 190 129 154 103 223  91   1  60 175 
 13 218 104 120 221 121 210 172 203 122 168 120  74  68 175 122 
  4   5  81 101 244  29 229 234 145  69 142 226 252 129  60 135 
 15  79 199  63 196 103  58  29 198 100  11 191 219 170 227 216 
  5 244 168 225 215  32 126 169 130  83  64  91 198  73  13  32 
  9  32 105  17 240 106  33 171  79  98 227   3  43   2   0 171 
 14 227 217 107 140  74 150 206  47 196 156 132  38  27  90 162 
  2  60 251 155 234  41  72 173 237 203 217 162  35  52  54 216 
 11 121   3  35  50 197  62 158  40  65  78 179 117  93 177  87 
 12 228 248  85  13 103 242 113  36 112 168  42  28 111 156 220 
  6 136 179  96  26 222  89 220  16 221  89  68  60  91 115 194 
  8 129 208 132 210 250  13 133 250 180 170  33  18  78 205 118 
 10 250 209  91  69  21 239 164 129  86 220 120 251 222 112   6 
  7 250 128 149   8  59 236  74 201 156 181 183  64 115 230  91 
  3  37  64 233 150   4 134 254 103 110 166  69 233 194 159 145 
  4  34  84  92 143  68  59 153 117 236 115 212  51 246  87 151 
  1 114 219 109 161 237 195 225 135  18   2 146  17 161 139  83 
  5 240   8 213 106  70 219 231 229 193 112 110  97 214  14 131 
 11  28 168 235 154 109  90 217  96  30  55 185 244 149 134 226 
 12 146 177  87  30  75  71   3 160 133  25 209  87 147 152  76 
  8 178 135  28  32 188 105  54 115  69 121 242 211  34 255 118 
 13   2  29 161 102 132  34  51 123 209  14  43  15 249  37  38 
 15 154  29  57   1 112  96 227  41   2 128  90 190  54 231  30 
  2  97 105 171 131  89 105 161 112 205 151 145  40 172 144 207 
 14  86  62  81  67 246 240  72 151 165  30  41   4  20  20 171 
  9 165 103  88 244 149 208 199  99 101  48 137 110 133 164  35 
  6  47 207 155 249 150  28 177 232 246 162 185  56 195 163  78 
  7 138 165  68 159 140 171 201 102 222 103 144 205 178  51 184 
  3  90 226 233  43 185 136  48  21 150  64 120 117  52 195 177 
 10  92 106 228  67  82 141  33 245 151  19 197 157  84 207  54 
  1  42 120  69 227 156  56 161 244  22  55 176   1 189 210   1 
  5 208 230 238 134 136   4 169  44 121 222 171 254  34  91 182 
  8 209 241 144 251 228 228 201 172 110   2 246 133  45 211 102 
  4  11 126 234 247 136 255 217 214  85 134 167 158  49 200 133 
 15  71  12 164 136  89 129 239 128 213 109 215  33 183  86   2 
  2  66 135   9  91 110 188  79  34  83  85 102 203  29 236  12 
  9 171 208 182 208 119  76 123 243 182 140  75  82 203  40 125 
 14  14 163  95 198 157 141 225 196 204  67 179 251  84 131 203 
 11 223 109  50  16 103 221   3  63 147 101 176 166  54  20  64 
 13 127 228  77 154 170 135 209 119   2  73 140 118  84  74 203 
 12 171  64  31 146 244 120  79 188 102 154  64 238 222 109 142 
  6  87 102  22  89 148 160  48 226 190 151 104 121 200 238  16 
  1  39  13 118 226 176  57 159  53  63  86 158 243 211 145 131 
  3  17  87  43 247 235 115 111 113 121  82 184  63  31 197 233 
  4  84 179  59 101   7 142  95 131  10  18 148 141  27 255  36 
 10 199  18 206 107 106   4 131 255 190 145 192 198 198 246  78 
 15  92   3 128 244  13 239  19 124 111 217  19  41 100  35 148 
  8  43 138  54  48  57 194  95  23 102   2 121  37   7  42  50 
  2 176 163 237 192 141 245   4 138 223   0   4  73 253  59  53 
  7  22 247  33 175 245 233 217 221 191 131  37  30  35 180  22 
  5 181   6 154 170  16 191  26  26  23  12  61 166  85 242  35 
 14  62 121  10  31 222 246  64 193  44 156 120   5  60 121 241 
 11 120  41  90 166  60 125 120  52 191 228  76 226 194 135  95 
  6  85  52 145 214 163 197   5 236  21 180 231  39 207 161  58 
  9 185  57  53  93  52 133   3  12 252 175 195  97 142 143 121 
  4 104  60  19 143  21 234  29  60 161 251 173 106 176 169  50 
 12 200 152  17 129 243 171 194 144  90  98  72 189 227 185 180 
 13 169  79  94 146 206 238  50 241 140  78 245  16 129   6 230 
  1 124 250 191  10 182 208 203  10 225  83  78 146 186  25  27 
  8 178  47   5   1 196 147 187 114 142 144 208 188 116  82 216 
  3 223 188   5 216  58 100 215  60 222 168  24 184 174  34  75 
 10  29 109  44 143   4 141 144  48 197 189  41 129 116 201  73 
 14 143  27  80 182 135 166  67 178  47 101 169 201 207 171 188 
  7 206 141  64  71  70 119 247 144  91  32 201  99 165 138 204 
  2 116   7 233 109 100 138  28 182  74 137 165 207 170  38 127 
 15 222 247 217 145 139  67  59 142 169  95  16  30 214  17 246 
  6 168 248 236 225  31  23  32 206 216 212  81 170 150  83 242 
  9  50  85 237  61 211   3 206 139 164  53 207 114 223 146  32 
  5  33  68 242 167 224 245  48 186 184 254 186  29 201 216 122 
 12 192  77 224 159 114 190 145 140  36 233  19 129 232  18 215 
  4 250 169 189 245  54  92 230 186 220 204  12  36 233 185 145 
 10  54  62 170 174  86 227 189 196  33 242 190 171 138 204  79 
 11 226  48 205  21 130 146  63 232 231 176 132 223 232  20  41 
 13 137  67 175 179  67 112  92 152  53  27 194  95 224 136  80 
 14 247  59  17 134  35 219 142  20  52 207 186 223   0  21  45 
  8  88 118  88 215 174 251  64  31 202 198  34  18  87  54 102 
  1 252 239  33 114 224 101 180 210 152 204 177 173  22 217  77 
  3 169 176 217  95  73 157  14 191  11 247 248  47 140 252 131 
  2 232 192 151  27 203 111  86 141 141   4 136 202 112  68 232 
  9  77  75 198  49 157 112 218 225  75 225 177 222  35 221 176 
 15  99  69  22 173 179 212  58 113  79 242 111  66 136  60 166 
  6  42 213   0   3  99  23  30 228 187  88 153   3  75 131 220 
 12  49 133  12 220 246 249 189 217  82 139  83  65 111  66  79 
 11  20  61 169 111 117 114  20 126  44 157   0 120 229  97 241 
 10 188 129 153  61 159 102  20  85  95 245 116  52 224 232 250 
  7  66 138 163  94  48 246 162 240  43  58  80 144 246 136 172 
  5 251 158  35  24  85  95 252   8 186  74 173  87 136 195 173 
  4  27 129 162 208  28  61  44 176 154  30 144 197 182   8  75 
  8  90 112  10 177  37 221 136  90 110 247 162  92 177 253 108 
 13 114 239  92 203 136 219 113 218  25   9 185 122 149 139 179 
 14  96 137 232 150  50  82 133 100  24 102 227  94 111 255 226 
  3 201 202 212 137  32 152  63 144 166 113 255 209 152 145  85 
 15 244  42   7 161  49  96  44 187 216  55  52 208 229  51  37 
 11 226  18 240  59  96  96  79  78 181 120  99  73 241  46 207 
  1  96 239 169  59 138  24  28  91 137 224 194  32 109  35  30 
  9 213 144 135 126 190  99  67 181  31 157   4 150 133 181 213 
 10 169  90 142 125 134 242  32 203  57 121  36  50  92 159 183 
  6 184  36  76  17  17 244 120 107   0 107 107  87 131  87 203 
 13 234 115 249  23  11 222  62  51  57 164 241   1 228  93  54 
  4 130 122 129  53  71 113 241  24 145  80  83  31  83  99 245 
  2  53   4 235 206  58 184 192  39  41 138 201  73 126  38 231 
  8 175 191 213 231 105  58  32 149 137 201 206 113  54  79 205 
 15  56 226   0  97 205  51 110 150  16  89 224 177 132  92   4 
 12 224 229 203 116 225 128  79 248 249  53   7  55 249 203 127 
 11 168 124 141 226  90 144 231  39  87  42 126 213 131 170 118 
 14 245  29  56 184 196 187 156  18  88 225 191 124 235 231  89 
  5 110 163 192  70 243 251 125   0 155  94 120  37   8  75 123 
  9 166 147 227   9  43  74  37 117 196  27  49  21  67  13  72 
  7 164 128 136 141  89 186  25  92 182 212 241 109  94 225  25 
 10 235 228 103  59 133 229   6 181   5 149 210 190 132 120 195 
  3 134 152 136 182  75  57 229 228 146  22  41  42 114 122 233 
  1 170  45  93  36  92 104 119  13 187 247 118  96 109  18 223 
  6 163 249 120  73 206 128  76 212 184  64 193 228 164  45  52 
  2 146  36 104  97 185 197 125 133 179  37 187  51 248 224 141 
  8  39 164 123  75 126  13 162  71 134  15 232 163 103 104 205 
 15 189 150 251 207  75 232 122 242  82  32 222   9   0  49 101 
 13  79  40 199 152 164  63 154 250 226 165 237  25 108  62  74 
  5 102 248  66  40 117  35   0 203 172 241 181 166 252 203 103 
 12  27 203 242  36 218  26  39 186  74 171 116  25 120 232 226 
 14  92 244  71 144  50   7 148  24  22  51  72  83 214 210  32 
  2 200 235  86 179 143  35  99  86 226 154 125  26  32 240  14 
  4 196  81  40 203 250  58 115 108  76 120  89 142  37 115 175 
 11  64 145  24 195 180  14  15 228 176 194  76 144 156 243 239 
  1  54 188  66 218 215  18 111  46 200 103  16  47 205 118  91 
  9  26 183  29  64  77 206  70  89 164 253  33  40  10  78 149 
 10 170  36  80 145 187  12 208 102 204  29 226 170  10  76 232 
  3 155 137  32  51 136 229 240  13 243 146   3  69 234  44  92 
  6 152 238 166 120  51 107  54 113  29  21 194  77 236   9  41 
  8 130 172 158 138  26 199  63   0  72  31  35 199 129 181  78 
  7 175  46  66  30  63 195 103 249 105 238  79  45  66 106  82 
  5 105 237 228 222  68   5 216 101 154  71 186  34 144 183 143 
 15 136 213 214 142  44 212 100 146  47 116 123 120  50  24 169 
  2   5  12 162 241 131  93 143 179 190  34  33   9  55 202  17 
  1 111  19 157 150 247 240  65  66 120 240 123 192  41 230 160 
 14 109  92 126  66 100 109  57  57 244 235 136 226 117  51  88 
 11 232 148  47 219 110 201 139 236 220  36 186  20 199 128  12 
  4  14  94  24 121  92 172 214 141 159 182 132  77 161  88  96 
 12 187 184  13 236  39 249  63 250  57  45 220 249 118 129  60 
 13  71 125  89 235 251 139 217 100 206  67 121  22 165 247 235 
 10 215 174 143   3  45   8  46 190 130  70  62  41 188 115 112 
  3 182 209 142 107 192 151 121  68  92  12 102 236   8 151 218 
 14 130  35  57  35 148 166  59  22 207 182  35 185 218 183 134 
  8 140 182 151 144 109  27 105 157  63 160 142  64   0 238  86 
 11 191 213 178  16 201 180 171 220 117 190  69 185 113 235 227 
  2 244 209  46  54 232 152  61 160 168 213 182 174 161 110 187 
  6 234 138 190  65 107 200  10 122  52 148 247  70   6 232 219 
  5 173   0 235  31 143  76  43 153  66   5 173  91  56  49 107 
 15 103  18 137  25  47  23 241  63   9 204  49 130  24  62  30 
  1 222 134 215 117  80 192  45  84  11 169 156  31  34  44 219 
  4 210  78 170 234  96 138 141  94 223  58 122 142  57 113 220 
  9 135 222   7 215 179 253 166  14  85 226  82 177   5 131 156 
 12 232  42  29 132  54 134 181 205 144 107 173  19 120 128 194 
  3 251  87  45 108  25 120  31  81 146  56   9  40  77 186 196 
  7 221 119 161 181  97 226  13 104 201 140  47 232 130 150 251 
 13 128 153 145 142  99  23  29 142 106 149  82 124 226 174 132 
 11 132  67 114 112 209 196 161  83 122 243 176  95  44 233 190 
 10 223 142 157 209  12   2 251 125  97  74  31 225  98 247 233 
  6 212  30   4 253   0 108 134  67 179 224  62  88 232 224  86 
  5 139  90 190 230  85  79 155 177  67  10  71   7 120 177  16 
 14  96 241  81 189  89 125  61 163 205  66  58 106  27 156 186 
  4 118 231 195 133  14 202  35 112  50 199 126  92 189 136  50 
  1  60 161 181 146 182 181 104 199  77  70 217 189  17  14 144 
  8 255  81 120 163 201 172  84  88 148  36 184   2  71 180 246 
 15  60  83   9 247 106 156 200 140 119 176 103  85 164  16  61 
  2 174   0  74  65 139 100  86  16 132  58 133 193  63  98 200 
 12  22 206 197  41  58  67 126 253   3 141 102  56 164 211 118 
  9 118 139  97 249 107 174 117   1 178 177 174  37 189 125 190 
  3 140  60 254 193 235 166 234  93 216 175 235 222  51 208 240 
 11  93   9  10  50  93 235 144  10  71  81 229  46 165 167 179 
  5 169  72 254 245 140  45  15 182  15 181   3  51 128  20  20 
  1  26 151 129 124 233  58 243 244 158 164   3 175  63 235 236 
  6 140 245 207 219 222   9 182 213 191 187  96  74  64 200  44 
  4  31 201  32 188 162  46 118 229 136 121 237 224 247 214  54 
  7  69  44 111 235 105 225 118  69  77 228  52  77 187 196 170 
  8  50 244 142 111 108 223  96 193 186 180   5  31 133 252  83 
 10 164 249 117 164 237  57  29  77  60 147  97 176 215 143 150 
 11  74  93  16 190 227 126 143  22 192 189  24 191 201  46  24 
  9 169   3  12  28 151  27 207 106 106  67  40 243 209  65 132 
  5  75  47 186  60  73 225 190 172 216  29  55  96   6  89  30 
 13 147 138 124 170 225 146 242  59 252   7 192 158 154 171 168 
  2 236  46   7 236 117 221 209 199   8  20 167 121 112  81 154 
 15 166 237 196 186  41   7  66 114  57 244 159 164   6  14 102 
  1  94 174 101 216 181  12  52  23 243  92  11  45  38  76 163 
 14 136  82   9 234  48  22 220  40 182 106  15 133  48 217 177 
 12 122 150 245 190 183 232  66   0  29  17 206  32 232  77 161 
  3 245  70 206 255 155 113  63 110  81 196  26  29 192  46 119 
  6 222   6 128 255  13  83  29 141   9  53 246 182 180  92 145 
  7 113  35 220  97 115  45 123 222 145  72 248 223 215 192 164 
  4 242 105 197 213 219 251  11  55   5 106 179 207 109 158 194 
 10 209 162 201  58 227 188 114 129 189 152 212 216  38 125 211 
  9  44  13  22  16  43 204  30 197  57 247  56   1 117   1  23 
 15 149 106 218  88 133 132 225  23  17 153 108 230  58 195 129 
  1  22 183 171 206  15 209 209  40  40  53 254 150  82  39 186 
  2   1  52  28 111  63 176 235  80   7 221 176  59  72 134 150 
  5 252 181  17 236 245  98  97 104 171   0 154  19 114  33 173 
  1  45   0   0   0   0   0   0   0   0   0   0   0   0   0   0 
  3  42 102  42 113 206 114  44  17   0   0   0   0   0   0   0 
  4 162  17  93   0   0   0   0   0   0   0   0   0   0   0   0 
  5  81   0   0   0   0   0   0   0   0   0   0   0   0   0   0 
  6 201 132  62  97 129  47   0   0   0   0   0   0   0   0   0 
  7 124 185  55  68 160   0   0   0   0   0   0   0   0   0   0 
  8 131  88 123 138 172 218  99 157 139  68 189  91  26 205   0 
  9  59  19  38   0   0   0   0   0   0   0   0   0   0   0   0 
 11  55  33 217 168 116  79 164  10  10 122 223 241 231  77   0 
 12 118  12 247 250  83 209  62 230  13 133   0   0   0   0   0 
 13  57  39 254  97 126 220  30 176 126 255 111  85  77 240   0 
 14 158  73 164 211 119  47 152  29 100 120 214 149 119   0   0 
 15 150   0   0   0   0   0   0   0   0   0   0   0   0   0   0 
