01010001001011001000000000000010001011011000000110001100001001100001010000010100100001001000001000100001000000010001000100100001
00001001000010010101100000000000100010000000000100000000000000011110000000100100001001000000000000101001101001011001000000011100
00000000111010000010000100000000000001100000010100000010010101000001000100001001000100110000100010000000101010001001110001100100
00000000000000000001101000011100010000000001000001000000000000010000000100100010111000000000000000000011101000001000101010011010
00010001101010010101000000110101000000010000100101000000101000010100010001100000000001001001101100100000010000000010101000000101
00010000100100101000000101001000001000010001000010110000100000000000000000000101010010000000010010010001010000010101000000100000
00000000000000000000000000000000000000000000000000000101100110010000110001100100101000011100000001010000100000100100000100000100
00000111000000010000000100100110010111010000101010000010010001000000000100000100010110010001010100111000110010000000000001001110
00101010001001000011000010000100000100011101110000011101100000001010110000100011000100000101000000000010010001000000010010010001
01010000100001011000011000000111011000000000000100100010101100000000001000000000000000001010000000000000100100000010000000000000
11000100000000010000101000100010010000000111110000000100001000000110000000000100000100101000000000000101001111000000000001000000
01110100000100100000000000000000010010001000000000000110011010110000000100010000000000110000000000001011001101000000000000010011
10011011000110111000000000000000001000011100010010000000000100000000101000001101100001100000000000010000000001100110000010000000
00000000000000000000000000000000001000100100000000010101111000010000000011100000100100000000010001001000000000000000010100010000
00100000100000101000000001000010000001100111100011000000000000000010010011100010010000010011000001001000100100111000101000001010
00000011000001000000001000100001001000000100000010000000000000100000010000010010000000110000110101010000000000100101000010011010
00000000000000001001000000000110001010101100000000011100000001001010000100111100110000000011100011011100100000000101100001011010
00001000001101000000010100000101000101001101100101001100010110100111000100011000011010011111001110000000000010100101110000000111
00000100001001100001101110001000000000000010001000101000000100011010011100100011010000101110000010010000110001001001000000000000
11100100100000001010100000000001010110011000010101100100100000000010011100000010010101100000000000000000001110010101101001101101
00000000000000000000000000000000000010001000000110010100000000000001010000100000000000110000000000000000001100010000001100101000
00001000111000001000001001100001000001000101000000000010000101110000001000010000000000110000000001001101100100101100001000000001
01001100000000000000010000001100100100000110001000101000000100000000011000100100000010110001001000000001000001001000010100101100
10001001000000000000100000001001100000001110000000000000001100000001100000100100111001100001100010000100001001000000001000000010
11101101100110000101010000000001000000010001000010000110001000001010010011000000010100100000100001010000000000001101010010000100
00010010000100010001000000000010001010100100110000000101100001010100100101011000000000000000000001000001000010110000000001000011
10001010000110010010001001000110000000000010110000001000000110001000100000010000011001000001010001000101100011100100010110001100
00000000000000000000000000000000000111000000000101100000000000000001001000001001000000000000000001001011000100100001101000001010
11100000000000010100000111000001001000100000000000101001000010000001010000001100100000000110000010000000010000000000100000000010
00000101000100010101010000010100000000010010000010011010000000100000100000101001000000000100101000010100000001000100100000000001
01100001000000010000000111000100001000000000000000100010101001000000010000100000010000001111011000100001000000000000100110000010
00100100000000000010100001010100001010000001101100000001110001011101110010100010100000101000000000000100101000101010000100000001
00001000010000000000000000010001000110000000000010101000000011000110100000100000010000000000101000000000000000100010011000000000
00000100100101100000000001000000000000000000010100000001110000001011100000000100101100010000111010000100001100001100001110010000
00000000000000000000000000000000011010000000000100010000110010000001110001010011000100000000010001010101000100000001000001000000
00000000010000011100110000000010000000010100001001010010011110001000010000000010000000001100010000100000010000000010100010000000
01000000010010000100010001000000110000010100000000000000001010000000110000010010010000100111000110010110000010000000100000000010
10110000011010101000000000000100000010110011111010000011000001000001010010000000001000000000100010000001010001001000010001000000
10100010001000000000001001100000001000100000010111000000001100010100010001000000000001110000001100000101000000110001010001010010
00100001000101000000010001000001101000001011000000100010000000101000000010000010000111100000000100000100010100110100001100000001
00001000010110000000000001000101101000000011010100100100100000001011010111100000000000001010000100000000101100000010000100100000
00000000000000000000000000000000001110001000000000100000000000101100000000000000010001000010010000100000010000000001000000100110
11011000000000000000010000000000011001000000001100001000010000110000100110000101001111000000010000000010000001000001100000100011
01000000000000010000101000100100000000000100000000000100100000010100001000000100110000000000000000001000110001010000001001010000
00000000011010000000011000011000100100000011100100110000000000000011110000001010110100000000011011000010010001110100001001111001
11010000000000010100001000000000000000000001000000100000000010110110000010000000001000000100000100000100000000001110000010100000
01100000100100000011001010000001001010011001100000001010001000001000000000001010110000010000110000111010001001100101010101110001
10101111100001100010001010100110100000000000111101000000010010100000000000100100011111101000001001000000100101000000000100010010
00000000000000000000000000000000001000110110010000000001000000100000111010010010101101000010010010000000101000000100000100010110
00010000010001110000000100000010001010000000000110000000100000001100100000001000000000010100010010001011000000010000000010000000
00000000000000000110000000010011001000000000000000001000000010001001010011000010100000010010000110100101100001000000001001110001
00100001011010000100001000100010011010001010000101011110110000100010001010000001000001000000000100000011000110000100000001000001
00101000111010000000010000100100010100010001011010101001000010010000010100000011000000100011001000000001011000000001011100001000
01101000010000010000101001000001000000000101100001101101001000010000101000000010100101000110001000000101110000001010001001000000
00000000011000011001000010010000100000000000000000000011100000000011000000100100010000001001010000000000000100000000000000000000
00000000000000000000000000000000000001000010010000000110000000000101001010000010100100000100010111100010001010011000000001011000
10000101000100100000000100010000000010110010000101000000011000001000000000100000000000101010000010010000000001011000000111000001
10001000111000000000001000000011100000000000011011001010000000100110000001010010010000100000000100001000000001100010000100010101
10000001000000011001010001110010001001000000000000110010100000110000101000000000110101000100000000010010001000001010000100010001
10010110100100010000000000000010000111000100001000010001100000000010000000000000101000000010011100100000001100001000010000010000
00001000001001000000000100000100001011010110000000001001010100000000100001010000000011010100000010000000000100001000001100000000
00000000000010100110000000000101010001010000000100000000101000110010000000011010000001000000000101010000011010000000000000110010
00000000000000000000000000000000000001000000010000000100000000000101100000100000000011000000100000000000000010000000010100000000
00000000001001000001000000010101000000000100100110100000000000010000001100110101001010000000001000011010000000001000000000000000
10000000100101000000001011000000000010001110010000000000000100000100000000000000001001101000010000011011001101001000010110010001
00000000001000101100000000010001011001001000001001010001010101100010100000000010010010000001000000100010100010110000001010000101
00001100100001100010001001000101000001000010000001000101010000011000000000001001011010000100010010100101011001000100000000001001
00010001000010010000000100001010000010000000001000000001100000000010000001011000000000001000100001000000001000111010001010011000
10101000000000000101001000100000000100001010011000000010000100010010000000000010001000100000011001001000001000001000001100100010
00000000000000000000000000000000001100000000110100000000001010000000000000000000000010001011000000000110000010000100010001011000
00011101101000000110001100000001000000111110010000011001011010001000010001010100001000000110001000000010100000000101101110000000
00010010000000000000100010011000100000100000001000000000000110000000000000010110101000000000100100001000000000001110010111000000
00100101000001100000010100000010100000100100000010000000001000000000000001011101000110010000000010001010111011000000000001000000
10011010110010000100000000000001001000000010000101000010010100010010110100110000001000010100001000000000001111110000000000001000
00000010001101101100000010001000000000011001000000000101010000100010000001111010001100000001101111100000010000010001110000000101
10010010100110010100010000000000010000010100100000001010000010110010000000000000011100000001000000010100000010000000111100100001
00000000000000000000000000000000000010010010110100110101000001101000010001010100000000000000110001000100000000100100011100010000
00010000100000110000001010000000011000101000010000101011010000011010010000000001100000110001000010000001011000000000001001000100
10000000010000101000110000110010101100000000000100000100000110000000001011010000000010000011000010010001000001101101001010000000
11011010000000000100100010000101110000100000010000000000001010000001000000001000000000100000000010100000001001000101010001000001
10010001010010100100000101010000000011010111110000000010000001110000011000000000000010000010101100010000000000111001010000010100
00000011001000000001000100001000001001001011001001010100001010000001000000001000011000110000000010000000101000000000000010000000
01100000011000100100000000010000000001100000000001000100100000100000010001000001011001001000110001001000001000000101110000000000
00000000000000000000000000000000000000110000000000000000010010001000000010010010100000100001000101001010000010000010000100100100
11101100010011010000110110010000000010000000011000110010011001100000000000100000110000100000100100101001111000000000000101000100
10000000011000000100000000010000000000000000100111001110000001001010100010100110000010000011110100000100011001000011000100011000
00000111000010010010100100000110110000000000001000000011000000101010001011000000001011110000000000000001100111000101000000100100
00000001010100110010100000000100010000000101001111000000100000000000110011001000010011000000001110111100010010001000110000001010
00000001010000001000011001010001000000100000000000101010000100000100000000001000100100000000000000000000100000000000001110000100
00010000100000100101000000000100110000001000000110000000110010100000001001100101000000000100011100000011100000000001000101010100
00000000000000000000000000000000001100100000001000100010001001001000101001010100010100000000100100000001110011010000011010000110
10000101000100000001000100100010110010001011000000010000000101000000000100000001000111100010000000000000000100000000000010000110
01000000110000001001000000000000001001110101010100000111100001010000000110010010000010010000000000000010100001000100000000101000
01010100000010001010001000010000010100100001100000000100001010000001000001100001010010000010010001001000001101000001000010110000
00000001001000100000000010001101000011010000000100011110010001000001011000100000010011001100010100100000100001011001010010000000
01000000000100001000110000100010100000000000100000110000000000110000000001010000000100000101100000100110001100001000000001000100
00010100100000011100001010000010000000010000100101100000000001000010100000100000000000000100000100011000100000001000001011100101
00000000000000000000000000000000000001111001000010001110011010100100010000000000000010010000000100010000000100000000111000010001
11010010001110000000001010110100010100010100000000000010010100010001001001000001100011000000010001011000001100010000000100111010
00010000010000110000010010000000000000000000000010000010000111010000100110000000000000000001010000000100001000000000000000101010
00000001001000000000000000000000001010110100000000011000001000000000110100100000011010000000000010001010000010000000000001100010
00100001001100010101000000011000000000000110001011000010000010101000000000100000010000001100011110110000100010001011000110000001
00000000100100100100000001010001000101000000000000011011101000000001010001000001000100000000010010000100110001100000000000000000
10000001000000010001001010000100010000110001010000100011000010010000000001011000001010000000000110010000010010000010000000001011
00000000000000000000000000000000000000000100000001000010100010001100001100100100000100000000100000000001000000101011000010011000
00101010010010100111000000011000100000011000100000000001100000110100010000000000100100010001010000101000100000010000100101000001
00000000100000101000010001010010001101000000100010010000000111000100000000100001001001000100000100001010000100110011100010001111
00000000010000010000000000000000000000110000110110000100010001001010000001000000001001100000100000100000000110111000100000001100
10010010101000000001101010001100011010010000011110000001000100000011000010001100100101101000101000010001110000000000100001001100
00000011000000010000110001101000000000000011000000000110110110000000000100000010001100001000001110101000000000100100111000000100
10000000000000001110000110000010000010001000001000001000010100100000001000011010011001101010001100010000100110000100000000000010
00000000000000000000000000000000100101000100011000100000001000000001001010100101000000000001000000000010000000010100000010001000
00010001000000100011011100100000001001000000000010010000000011010101000010000000101100100000100000000111100000001010000010000001
11000000000001100111001100000000000111001110100010000100100110000000110000001000100000001011001000111000000010110000011000011000
00010000101010110100000000000000100101010100110000001100000010011011000000000000001010100000000100001000011010100001000011000001
00000101001100001000010011100001111000001000000000000000001000010011010000100000100000000000011100101100100000100001000000000000
00010000101000000000000001000100011011000100100010100100101001000010100101110100100000001000100000000100000000001100001100100110
00100000101010000001000100000000010000010001100100011000101001001100100000010000010001011110000010000101111001110010110001100010
00000000000000000000000000000000010011000000001001001000000000110001100100000000110000000001000100011000100000000010000000111110
10100000001000010100100000000001001011100110010100000100001000001010111110100000000100001000110001110010010001000000100011010000
01000010000000010000001010100010100011001000100000000110100000010010001000100000000000000000000000000000000011001000000000000001
01000101011001000100001010000000000010000010000100110001100000100011000000101000000000011000000010000101110001010100000001010000
01010001000100000000000100100000000001011100010000001000000000110010100001101101001000111001000000000000000001010000000000101000
10100100000000000001001001000000000000110010100000110000100111001000000111010000000000101010000100000100000000000000100111001001
10000000000101000000000110000000010001100000000010010100001000000110000110000000000100000000000010001110000000000000000000110000
00000000000000000000000000000000001000010110000001101011010010001010000000000100000001101000000000100011000000000100000000000000
00000100010010001010100001000000001000001100010011010001010001100001000010010100001110010000000100100000000001101010011000000000
00000011000010001000101000000100100100001010000010100000001000100010000000000100000000000000101000100000000010000010000001001110
10001011000000000000010100101000001001100100100101001100000001001000001001100000000100001001001100010110100000000011100100100010
10000000101011010001001100001101000010000000100001110101101010000011000001011000100010100100001101000010001010000000010000010100
00000000000101100111000010101000010000001001110010100011000011100000000000100010100110110000000101110001100010010000101000100000
10001000000001010100100001000001000001000101110101001100010100010001110000001000001000010001001010001001100101000000001000010010
00000000000000000000000000000000001010001000000010110000000000000010100110010010110000001100000000100011010101000000000000110000
10000000010110000100000000000010000110000101010000010000000011001000100000010100100110001000011100000001000101000010011000001011
00000000010010000000000000000100000010100100000000000110110100001001001010000000111010000010100000000000001001000000000001101100
01001000011000000000111000110100100100100000110101100000000010100000100000001100000000000000000010000110110000001010110010000011
00111011101001011001011000000000110100100001000011100010000001010000000001010011001000010000010000001000000100001000100100110000
01000010000000000000100000011000000000000110000100110001110001100101100000000000010110100100001000000001000101001000100000100000
00001101000000100001001010000010010011000001100000010001010000000000001100010010101000001000010100100000000100000000000000010011
00000000000000000000000000000000100010000100000100010000110010000000100010010000000000000000011000011000000000001100110001101000
01000000001010000000001000100111011110101000001010001000111010000110110010000001101000011000100000000001000100000100000011000010
00011000000000001100010100000000100000001011000101000000101000101000010000000000001000000000001100110001101100011000100010000011
00110000000010000100011001100000000000000000000110101110000110000010010100000000000001001100000001000000000000000101100111010000
00001110101000000011001000000100010111000000000000100000100010100001011000000110000110101010000011000000000011001001000000001000
00101000100001000010001000001000000000100010000100101000100100000111101000001100000000001110000000001001100000100000000001000000
01010000000010000011000011000100100000000000000000001000010000000010000010000000100001010000000001100000000110011100001011010000
00000000000000000000000000000000000001000000001010000000000010001000000000010100100001000000011110100011100110111001000010000000
00000110100000000010000001000100000001100000000010001001010000100000000000101100100000000000001001100100010100010000000000101000
00100110000000100100000100001000000100000001101010100001010011000000000011000000000011110000001000111010110001000010010000001011
11100000011000010010000000110100001000000001010001000000000000001000000010100001001011000000010000000010011110010010001000000010
00010010000001110001010100011100111000000001010000101000000000111010010010000001000001010011000000000000000010101001001000000000
00001011000000000011011000000000010100000000111000100100000101000010100110111110010000000000011001010000100010000000010010001001
10100000100000010010100000001000001110000010000000010010000100000000001010000110001000000010010011000000110001011001000100011001
00000000000000000000000000000000000100001100001000100010000000101000000000000111001000000000001000000011001010001010001000010100
00000000000000000110010000011001100000011001000100001000100010000111000101000010100001100000000000000000010010000010000000000100
00011000100100000010000000000000000101000010000001000000001000000000000110000000001100100001100010100000101000100000001010000100
00001100001110100000001101000000000000110100100000000000000011100000100000010000000000000000100110000000000011000000111001100010
00001000011001001011010001010100100011000100000001000100000001011010010000001000000000000000100010000100100001010000001010000000
00000010001010010001001000000001000010000100000100000000000001000000000100000000010100001000101000000000000010000001000000010000
00000100100000010011001010000001000010100000000000001000000001010000001000001011000000000011110000101010000011001000100110110010
00000000000000000000000000000000001000010001010000010110100111000000110000010100100011010100000000001010000000010011000000100010
11000100010000000001000000000010011010000010000000110101100000000000101000001000000000000000000001000000000000000000010000000000
00010001000000100110111000000100000100001000000010000100000000001010100001101000000010000000000010001010011010000000000000001010
00000110001100000101011011010100100010001010000000000000001001100010110000000101010010010011001000000000010011000001010100000010
10000010000110010000000100001000001110000011010000100001000101001100100101011000000001010001101000000000000000010010001001010000
00010000010001000111100010010010110000100010001100001110000000000001000010100110000100100111000000000000010101000000011001011000
01001001001000000011110010000000111010010100100000001110000000000000010110001000000000000001000000000001010000000000010000011000
00000000000000000000000000000000000011110000110010000001000000100000010000000100000100011010000100110000001000000010001011010010
00000100000110000100000100101000000000000000010011000100001111001000100101100100001001001100000000100001000000110001000000101100
01011000000100100000001000011001000010010000110010010001011001001000001000100000010001100010001101000100000010011000111000011000
00000000000010000000100000000011100010000001000001011000000000010100000011001000000000101010000010010000010010011000100011000000
01000011001000100000000000000010101101100000100001010001011000000001000100010001000100001110100010001100000010011100101000000000
00000000100110000000010000000000010000001000000000001000000000000001000000001001000000000110001000000110100001100111100011000000
01011010001000100000101000001000000000000010001010001100101010001001010000010010001100010000000110100010000000010000000000100100
00000000000000000000000000000000001101101000100000011000000100000100100001101000001000100000001100000010001000001110000000110000
01100001000101000010010000000000010000001000110000000001000000000000000000011010000001000010010000010001001010010011000010101000
00000000000000000011101000100010000100100010000000000111000000000001100001010000110010000001000100000100000010000010011010001010
10001010101001100101000000000010100010110011000101110000100101111000001000010000000000000000010100100000001000000010000000100000
01000000000010000000100001000000000000000001101001100000000000010101000101000110010010000010010100100100101011011011000000000010
00101000000000000000101010001010100101010000000110000010010100000000000001010101010000000001000010000000100000100011001010000000
00100000001000011000000000001110010001000010111000000001101000101010110110000001000010000010001000001000000000000001000001000000
00000000000000000000000000000000001000000000000101010100100100000001000100101110000001000000100100000010001000000100001000001110
00000000010000000011110000010100100100100011010100010011101010001000011010110010000000000000000100001000000010100001100000110100
00011000000100000111001000011000000000011001010010110000000001001000110001000011000111011101000010010001001011111011001000010011
00000011000010001101110101000001100001100100001010100000110100001000100001100010000101110001100000000000010000000011100010001100
00000000000000000000100000010001010001001000100000000000100000000000000100011100001001110000001110110100010000001000101000001000
00000011000100000000010000011100010100000100100000010000010100000000000001001001001011011100110000000010000000000110110000000010
01000000000000001010000001001000010000000000001000011111000000010101001010010101100000011100101000011000011001000000000000001001
00000000000000000000000000000000010100011100001000000010000100100001010000100000000000000100100100101000100000001000000001001000
00100101100100110100000001000100000000000100000010101001001001000000010000011001010001010100100000010111100100001000001000001010
00011001100010100000001000000010001010010000000010000000101001110100010001100000000001001101000000000000100010010000000010001111
00111100010001001100000100000000100000000010110000000110100110000001000000101010100000000001000010100001000010010010000000100000
00000001010001000001000000000100000000000000101000000010001010010110000001001100001010110100000001110001001000010010110000000001
00010100100101000000010100100100010110000100000000000000000011000000001010000000001001001110000100001010110000000100010110000000
00100010010010000100100000001000001000001000000110100010101100001101000001100010000010000000100010010000010000100010000010000101
00000000000000000000000000000000000000000000001000011001000000111000000100000000100101011000100000000000000101001100010100000100
00001000000100100100000000001111000000000000000100000001000011000011001000010010100110110000000000000001011001110001100011100000
00100100110000010000000010000000110011000001001010010000010000000000000100010000111010000000001000001100100001000010000111000101
10010010101011001010010010100001000100000100011010000010000000000000000010000110001000000100010000000001000000110100000010000100
00000111000110000101000010010001110000000000000010000110010100010000010000010100100000100110110000000000010001010010100001000000
00000110001000100000000010001000000000001101001000000000010011011100000100101000100010000011001001010100000000110010101000010000
00000000100001000000100110100111000100010010100000000001010000111000000001000000001001000010100000010000000100000010000010000100
00000000000000000000000000000000011000001000010000001010000000000100001010011000000010000001000100110000011000101010000110110001
00001110000000001010000000001011001001000011001110001000110101000000000000110100011000000000101011000011000011100000011001000000
00001010101000000100101000010011000101010001111000000101100010100010111011101001000000100001010010000000011000000000001010100001
00000000110001001000101010000010001000010000010101010000000001101000100100001100001000101110000010001000000000100010010100010111
00010100001000010000000000000000000000100000000011000000000111010000000101000011100000001110100100000000101000000010010010000000
01001000100110010010001000000000000100001000110000000000000100000000000100100100100000101111001100010000010001011000001010100100
00101010000000000110101000010101100110001110011010000000010011000000000001010000000110110000000001000001000000001001000000101000
00000000000000000000000000000000000001000001011000000110011010001000000000011111100010000101001101011000011000000101100001000000
00000100000010101101000100100100001001010000000000000001001010001010000010000000000010000000001000000000001011001001000000000000
01001001000011100000100001000000101011001000000001000100001110000001100101100000011010010000000000000011000100101000001001000100
01010001001000111010010000100000000001100000100001000000000001111000001000001001100000000000000000100000000000010000000000001101
00100100010000000101000000011000000000101000000100011011001110000110010001101010000000000000001011001100000110000000100000000000
00011100100000110100100000010001111100010000001010001000110001011010010001100010000000000000000100010000000010000000100001000000
10000000010000000000010010101010101010000011000001100001000000010000000000000100111100101110001000001000000001000001111000001000
00000000000000000000000000000000000000001001010010000111001100100100001000100000000000111100000000000000001110100000000000110000
00001011010000011001011001011000000101001000001111000010110000001110000000101000010100000000000001000011101110110100001010100000
10110001000000000100010000000000000000001100010000000000100100010110101101100101000100010010000110000100100011110000000000110100
00001100001000110000000100000000000000011011000100000100100100001000100010101000110001010101000100000000001001001000110000000101
00000000100010001100001010100100110010111000001001000000010100100010001010101011100011000110000010100100100000010000000010010000
00010000101000000010000010000100000100100001110010100011010000011100101000010000011001000001000000111010000100011101010010000001
00100010000000011001000000111011001101000000010000101000001100000011100000000101000001011001100000101011100101110110010011000010
00000000000000000000000000000000000000001010000000000001101010010000000010000100000000000010100000001010000011100000000001000011
00000000000000000000000000000000000000000000000000000000000000000000000000000000000000000000000000000000000000000000000000000000
00000000000000000000000000000000000000000000000000000000000000000000000000000000000000000000000000000000000000000000000000000000
00000000000000000000000000000000000000000000000000000000000000000000000000000000000000000000000000000000000000000000000000000000
00000000000000000000000000000000000000000000000000000000000000000000000000000000000000000000000000000000000000000000000000000000
00000000000000000000000000000000000000000000000000000000000000000000000000000000000000000000000000000000000000000000000000000000
00000000000000000000000000000000000000000000000000000000000000000000000000000000000000000000000000000000000000000000000000000000
00000000000000000000000000000000000000000000000000000000000000000000000000000000000000000000000000000000000000000000000000000000
00000000000000000000000000000000000000000000000000000000000000000000000000000000000000000000000000000000000000000000000000000000
00000000000000000000000000000000000000000000000000000000000000000000000000000000000000000000000000000000000000000000000000000000
00000000000000000000000000000000000000000000000000000000000000000000000000000000000000000000000000000000000000000000000000000000
00000000000000000000000000000000000000000000000000000000000000000000000000000000000000000000000000000000000000000000000000000000
00000000000000000000000000000000000000000000000000000000000000000000000000000000000000000000000000000000000000000000000000000000
00000000000000000000000000000000000000000000000000000000000000000000000000000000000000000000000000000000000000000000000000000000
00000000000000000000000000000000000000000000000000000000000000000000000000000000000000000000000000000000000000000000000000000000
00000000000000000000000000000000000000000000000000000000000000000000000000000000000000000000000000000000000000000000000000000000
00000000000000000000000000000000000000000000000000000000000000000000000000000000000000000000000000000000000000000000000000000000
00000000000000000000000000000000000000000000000000000000000000000000000000000000000000000000000000000000000000000000000000000000
00000000000000000000000000000000000000000000000000000000000000000000000000000000000000000000000000000000000000000000000000000000
00000000000000000000000000000000000000000000000000000000000000000000000000000000000000000000000000000000000000000000000000000000
00000000000000000000000000000000000000000000000000000000000000000000000000000000000000000000000000000000000000000000000000000000
00000000000000000000000000000000000000000000000000000000000000000000000000000000000000000000000000000000000000000000000000000000
00000000000000000000000000000000000000000000000000000000000000000000000000000000000000000000000000000000000000000000000000000000
00000000000000000000000000000000000000000000000000000000000000000000000000000000000000000000000000000000000000000000000000000000
00000000000000000000000000000000000000000000000000000000000000000000000000000000000000000000000000000000000000000000000000000000
00000000000000000000000000000000000000000000000000000000000000000000000000000000000000000000000000000000000000000000000000000000
00000000000000000000000000000000000000000000000000000000000000000000000000000000000000000000000000000000000000000000000000000000
00000000000000000000000000000000000000000000000000000000000000000000000000000000000000000000000000000000000000000000000000000000
00000000000000000000000000000000000000000000000000000000000000000000000000000000000000000000000000000000000000000000000000000000
00000000000000000000000000000000000000000000000000000000000000000000000000000000000000000000000000000000000000000000000000000000
00000000000000000000000000000000000000000000000000000000000000000000000000000000000000000000000000000000000000000000000000000000
00000000000000000000000000000000000000000000000000000000000000000000000000000000000000000000000000000000000000000000000000000000
00000000000000000000000000000000000000000000000000000000000000000000000000000000000000000000000000000000000000000000000000000000
00000000000000000000000000000000000000000000000000000000000000000000000000000000000000000000000000000000000000000000000000000000
00000000000000000000000000000000000000000000000000000000000000000000000000000000000000000000000000000000000000000000000000000000
00000000000000000000000000000000000000000000000000000000000000000000000000000000000000000000000000000000000000000000000000000000
00000000000000000000000000000000000000000000000000000000000000000000000000000000000000000000000000000000000000000000000000000000
00000000000000000000000000000000000000000000000000000000000000000000000000000000000000000000000000000000000000000000000000000000
00000000000000000000000000000000000000000000000000000000000000000000000000000000000000000000000000000000000000000000000000000000
00000000000000000000000000000000000000000000000000000000000000000000000000000000000000000000000000000000000000000000000000000000
00000000000000000000000000000000000000000000000000000000000000000000000000000000000000000000000000000000000000000000000000000000
00000000000000000000000000000000000000000000000000000000000000000000000000000000000000000000000000000000000000000000000000000000
00000000000000000000000000000000000000000000000000000000000000000000000000000000000000000000000000000000000000000000000000000000
00000000000000000000000000000000000000000000000000000000000000000000000000000000000000000000000000000000000000000000000000000000
00000000000000000000000000000000000000000000000000000000000000000000000000000000000000000000000000000000000000000000000000000000
00000000000000000000000000000000000000000000000000000000000000000000000000000000000000000000000000000000000000000000000000000000
00000000000000000000000000000000000000000000000000000000000000000000000000000000000000000000000000000000000000000000000000000000
00000000000000000000000000000000000000000000000000000000000000000000000000000000000000000000000000000000000000000000000000000000
00000000000000000000000000000000000000000000000000000000000000000000000000000000000000000000000000000000000000000000000000000000
00000000000000000000000000000000000000000000000000000000000000000000000000000000000000000000000000000000000000000000000000000000
00000000000000000000000000000000000000000000000000000000000000000000000000000000000000000000000000000000000000000000000000000000
00000000000000000000000000000000000000000000000000000000000000000000000000000000000000000000000000000000000000000000000000000000
00000000000000000000000000000000000000000000000000000000000000000000000000000000000000000000000000000000000000000000000000000000
00000000000000000000000000000000000000000000000000000000000000000000000000000000000000000000000000000000000000000000000000000000
00000000000000000000000000000000000000000000000000000000000000000000000000000000000000000000000000000000000000000000000000000000
00000000000000000000000000000000000000000000000000000000000000000000000000000000000000000000000000000000000000000000000000000000
00000000000000000000000000000000000000000000000000000000000000000000000000000000000000000000000000000000000000000000000000000000
00000000000000000000000000000000000000000000000000000000000000000000000000000000000000000000000000000000000000000000000000000000
00000000000000000000000000000000000000000000000000000000000000000000000000000000000000000000000000000000000000000000000000000000
00000000000000000000000000000000000000000000000000000000000000000000000000000000000000000000000000000000000000000000000000000000
00000000000000000000000000000000000000000000000000000000000000000000000000000000000000000000000000000000000000000000000000000000
00000000000000000000000000000000000000000000000000000000000000000000000000000000000000000000000000000000000000000000000000000000
00000000000000000000000000000000000000000000000000000000000000000000000000000000000000000000000000000000000000000000000000000000
00000000000000000000000000000000000000000000000000000000000000000000000000000000000000000000000000000000000000000000000000000000
00000000000000000000000000000000000000000000000000000000000000000000000000000000000000000000000000000000000000000000000000000000
00000000000000000000000000000000000000000000000000000000000000000000000000000000000000000000000000000000000000000000000000000000
00000000000000000000000000000000000000000000000000000000000000000000000000000000000000000000000000000000000000000000000000000000
00000000000000000000000000000000000000000000000000000000000000000000000000000000000000000000000000000000000000000000000000000000
00000000000000000000000000000000000000000000000000000000000000000000000000000000000000000000000000000000000000000000000000000000
00000000000000000000000000000000000000000000000000000000000000000000000000000000000000000000000000000000000000000000000000000000
00000000000000000000000000000000000000000000000000000000000000000000000000000000000000000000000000000000000000000000000000000000
00000000000000000000000000000000000000000000000000000000000000000000000000000000000000000000000000000000000000000000000000000000
00000000000000000000000000000000000000000000000000000000000000000000000000000000000000000000000000000000000000000000000000000000
00000000000000000000000000000000000000000000000000000000000000000000000000000000000000000000000000000000000000000000000000000000
00000000000000000000000000000000000000000000000000000000000000000000000000000000000000000000000000000000000000000000000000000000
00000000000000000000000000000000000000000000000000000000000000000000000000000000000000000000000000000000000000000000000000000000
00000000000000000000000000000000000000000000000000000000000000000000000000000000000000000000000000000000000000000000000000000000
00000000000000000000000000000000000000000000000000000000000000000000000000000000000000000000000000000000000000000000000000000000
00000000000000000000000000000000000000000000000000000000000000000000000000000000000000000000000000000000000000000000000000000000
00000000000000000000000000000000000000000000000000000000000000000000000000000000000000000000000000000000000000000000000000000000
00000000000000000000000000000000000000000000000000000000000000000000000000000000000000000000000000000000000000000000000000000000
00000000000000000000000000000000000000000000000000000000000000000000000000000000000000000000000000000000000000000000000000000000
00000000000000000000000000000000000000000000000000000000000000000000000000000000000000000000000000000000000000000000000000000000
00000000000000000000000000000000000000000000000000000000000000000000000000000000000000000000000000000000000000000000000000000000
00000000000000000000000000000000000000000000000000000000000000000000000000000000000000000000000000000000000000000000000000000000
00000000000000000000000000000000000000000000000000000000000000000000000000000000000000000000000000000000000000000000000000000000
00000000000000000000000000000000000000000000000000000000000000000000000000000000000000000000000000000000000000000000000000000000
00000000000000000000000000000000000000000000000000000000000000000000000000000000000000000000000000000000000000000000000000000000
00000000000000000000000000000000000000000000000000000000000000000000000000000000000000000000000000000000000000000000000000000000
00000000000000000000000000000000000000000000000000000000000000000000000000000000000000000000000000000000000000000000000000000000
00000000000000000000000000000000000000000000000000000000000000000000000000000000000000000000000000000000000000000000000000000000
00000000000000000000000000000000000000000000000000000000000000000000000000000000000000000000000000000000000000000000000000000000
00000000000000000000000000000000000000000000000000000000000000000000000000000000000000000000000000000000000000000000000000000000
00000000000000000000000000000000000000000000000000000000000000000000000000000000000000000000000000000000000000000000000000000000
00000000000000000000000000000000000000000000000000000000000000000000000000000000000000000000000000000000000000000000000000000000
00000000000000000000000000000000000000000000000000000000000000000000000000000000000000000000000000000000000000000000000000000000
00000000000000000000000000000000000000000000000000000000000000000000000000000000000000000000000000000000000000000000000000000000
00000000000000000000000000000000000000000000000000000000000000000000000000000000000000000000000000000000000000000000000000000000
00000000000000000000000000000000000000000000000000000000000000000000000000000000000000000000000000000000000000000000000000000000
00000000000000000000000000000000000000000000000000000000000000000000000000000000000000000000000000000000000000000000000000000000
00000000000000000000000000000000000000000000000000000000000000000000000000000000000000000000000000000000000000000000000000000000
00000000000000000000000000000000000000000000000000000000000000000000000000000000000000000000000000000000000000000000000000000000
00000000000000000000000000000000000000000000000000000000000000000000000000000000000000000000000000000000000000000000000000000000
00000000000000000000000000000000000000000000000000000000000000000000000000000000000000000000000000000000000000000000000000000000
00000000000000000000000000000000000000000000000000000000000000000000000000000000000000000000000000000000000000000000000000000000
00000000000000000000000000000000000000000000000000000000000000000000000000000000000000000000000000000000000000000000000000000000
00000000000000000000000000000000000000000000000000000000000000000000000000000000000000000000000000000000000000000000000000000000
00000000000000000000000000000000000000000000000000000000000000000000000000000000000000000000000000000000000000000000000000000000
00000000000000000000000000000000000000000000000000000000000000000000000000000000000000000000000000000000000000000000000000000000
00000000000000000000000000000000000000000000000000000000000000000000000000000000000000000000000000000000000000000000000000000000
00000000000000000000000000000000000000000000000000000000000000000000000000000000000000000000000000000000000000000000000000000000
00000000000000000000000000000000000000000000000000000000000000000000000000000000000000000000000000000000000000000000000000000000
00000000000000000000000000000000000000000000000000000000000000000000000000000000000000000000000000000000000000000000000000000000
00000000000000000000000000000000000000000000000000000000000000000000000000000000000000000000000000000000000000000000000000000000
00000000000000000000000000000000000000000000000000000000000000000000000000000000000000000000000000000000000000000000000000000000
00000000000000000000000000000000000000000000000000000000000000000000000000000000000000000000000000000000000000000000000000000000
00000000000000000000000000000000000000000000000000000000000000000000000000000000000000000000000000000000000000000000000000000000
00000000000000000000000000000000000000000000000000000000000000000000000000000000000000000000000000000000000000000000000000000000
00000000000000000000000000000000000000000000000000000000000000000000000000000000000000000000000000000000000000000000000000000000
00000000000000000000000000000000000000000000000000000000000000000000000000000000000000000000000000000000000000000000000000000000
00000000000000000000000000000000000000000000000000000000000000000000000000000000000000000000000000000000000000000000000000000000
00000000000000000000000000000000000000000000000000000000000000000000000000000000000000000000000000000000000000000000000000000000
00000000000000000000000000000000000000000000000000000000000000000000000000000000000000000000000000000000000000000000000000000000
00000000000000000000000000000000000000000000000000000000000000000000000000000000000000000000000000000000000000000000000000000000
00000000000000000000000000000000000000000000000000000000000000000000000000000000000000000000000000000000000000000000000000000000
00000000000000000000000000000000000000000000000000000000000000000000000000000000000000000000000000000000000000000000000000000000
00000000000000000000000000000000000000000000000000000000000000000000000000000000000000000000000000000000000000000000000000000000
00000000000000000000000000000000000000000000000000000000000000000000000000000000000000000000000000000000000000000000000000000000
00000000000000000000000000000000000000000000000000000000000000000000000000000000000000000000000000000000000000000000000000000000
00000000000000000000000000000000000000000000000000000000000000000000000000000000000000000000000000000000000000000000000000000000
00000000000000000000000000000000000000000000000000000000000000000000000000000000000000000000000000000000000000000000000000000000
00000000000000000000000000000000000000000000000000000000000000000000000000000000000000000000000000000000000000000000000000000000
00000000000000000000000000000000000000000000000000000000000000000000000000000000000000000000000000000000000000000000000000000000
00000000000000000000000000000000000000000000000000000000000000000000000000000000000000000000000000000000000000000000000000000000
00000000000000000000000000000000000000000000000000000000000000000000000000000000000000000000000000000000000000000000000000000000
00000000000000000000000000000000000000000000000000000000000000000000000000000000000000000000000000000000000000000000000000000000
00000000000000000000000000000000000000000000000000000000000000000000000000000000000000000000000000000000000000000000000000000000
00000000000000000000000000000000000000000000000000000000000000000000000000000000000000000000000000000000000000000000000000000000
00000000000000000000000000000000000000000000000000000000000000000000000000000000000000000000000000000000000000000000000000000000
00000000000000000000000000000000000000000000000000000000000000000000000000000000000000000000000000000000000000000000000000000000
00000000000000000000000000000000000000000000000000000000000000000000000000000000000000000000000000000000000000000000000000000000
00000000000000000000000000000000000000000000000000000000000000000000000000000000000000000000000000000000000000000000000000000000
00000000000000000000000000000000000000000000000000000000000000000000000000000000000000000000000000000000000000000000000000000000
00000000000000000000000000000000000000000000000000000000000000000000000000000000000000000000000000000000000000000000000000000000
00000000000000000000000000000000000000000000000000000000000000000000000000000000000000000000000000000000000000000000000000000000
00000000000000000000000000000000000000000000000000000000000000000000000000000000000000000000000000000000000000000000000000000000
00000000000000000000000000000000000000000000000000000000000000000000000000000000000000000000000000000000000000000000000000000000
00000000000000000000000000000000000000000000000000000000000000000000000000000000000000000000000000000000000000000000000000000000
00000000000000000000000000000000000000000000000000000000000000000000000000000000000000000000000000000000000000000000000000000000
00000000000000000000000000000000000000000000000000000000000000000000000000000000000000000000000000000000000000000000000000000000
00000000000000000000000000000000000000000000000000000000000000000000000000000000000000000000000000000000000000000000000000000000
00000000000000000000000000000000000000000000000000000000000000000000000000000000000000000000000000000000000000000000000000000000
00000000000000000000000000000000000000000000000000000000000000000000000000000000000000000000000000000000000000000000000000000000
00000000000000000000000000000000000000000000000000000000000000000000000000000000000000000000000000000000000000000000000000000000
00000000000000000000000000000000000000000000000000000000000000000000000000000000000000000000000000000000000000000000000000000000
00000000000000000000000000000000000000000000000000000000000000000000000000000000000000000000000000000000000000000000000000000000
00000000000000000000000000000000000000000000000000000000000000000000000000000000000000000000000000000000000000000000000000000000
00000000000000000000000000000000000000000000000000000000000000000000000000000000000000000000000000000000000000000000000000000000
00000000000000000000000000000000000000000000000000000000000000000000000000000000000000000000000000000000000000000000000000000000
00000000000000000000000000000000000000000000000000000000000000000000000000000000000000000000000000000000000000000000000000000000
00000000000000000000000000000000000000000000000000000000000000000000000000000000000000000000000000000000000000000000000000000000
00000000000000000000000000000000000000000000000000000000000000000000000000000000000000000000000000000000000000000000000000000000
00000000000000000000000000000000000000000000000000000000000000000000000000000000000000000000000000000000000000000000000000000000
00000000000000000000000000000000000000000000000000000000000000000000000000000000000000000000000000000000000000000000000000000000
00000000000000000000000000000000000000000000000000000000000000000000000000000000000000000000000000000000000000000000000000000000
00000000000000000000000000000000000000000000000000000000000000000000000000000000000000000000000000000000000000000000000000000000
00000000000000000000000000000000000000000000000000000000000000000000000000000000000000000000000000000000000000000000000000000000
00000000000000000000000000000000000000000000000000000000000000000000000000000000000000000000000000000000000000000000000000000000
00000000000000000000000000000000000000000000000000000000000000000000000000000000000000000000000000000000000000000000000000000000
00000000000000000000000000000000000000000000000000000000000000000000000000000000000000000000000000000000000000000000000000000000
00000000000000000000000000000000000000000000000000000000000000000000000000000000000000000000000000000000000000000000000000000000
00000000000000000000000000000000000000000000000000000000000000000000000000000000000000000000000000000000000000000000000000000000
00000000000000000000000000000000000000000000000000000000000000000000000000000000000000000000000000000000000000000000000000000000
00000000000000000000000000000000000000000000000000000000000000000000000000000000000000000000000000000000000000000000000000000000
00000000000000000000000000000000000000000000000000000000000000000000000000000000000000000000000000000000000000000000000000000000
00000000000000000000000000000000000000000000000000000000000000000000000000000000000000000000000000000000000000000000000000000000
00000000000000000000000000000000000000000000000000000000000000000000000000000000000000000000000000000000000000000000000000000000
00000000000000000000000000000000000000000000000000000000000000000000000000000000000000000000000000000000000000000000000000000000
00000000000000000000000000000000000000000000000000000000000000000000000000000000000000000000000000000000000000000000000000000000
00000000000000000000000000000000000000000000000000000000000000000000000000000000000000000000000000000000000000000000000000000000
00000000000000000000000000000000000000000000000000000000000000000000000000000000000000000000000000000000000000000000000000000000
00000000000000000000000000000000000000000000000000000000000000000000000000000000000000000000000000000000000000000000000000000000
00000000000000000000000000000000000000000000000000000000000000000000000000000000000000000000000000000000000000000000000000000000
00000000000000000000000000000000000000000000000000000000000000000000000000000000000000000000000000000000000000000000000000000000
00000000000000000000000000000000000000000000000000000000000000000000000000000000000000000000000000000000000000000000000000000000
00000000000000000000000000000000000000000000000000000000000000000000000000000000000000000000000000000000000000000000000000000000
00000000000000000000000000000000000000000000000000000000000000000000000000000000000000000000000000000000000000000000000000000000
00000000000000000000000000000000000000000000000000000000000000000000000000000000000000000000000000000000000000000000000000000000
00000000000000000000000000000000000000000000000000000000000000000000000000000000000000000000000000000000000000000000000000000000
00000000000000000000000000000000000000000000000000000000000000000000000000000000000000000000000000000000000000000000000000000000
00000000000000000000000000000000000000000000000000000000000000000000000000000000000000000000000000000000000000000000000000000000
00000000000000000000000000000000000000000000000000000000000000000000000000000000000000000000000000000000000000000000000000000000
00000000000000000000000000000000000000000000000000000000000000000000000000000000000000000000000000000000000000000000000000000000
00000000000000000000000000000000000000000000000000000000000000000000000000000000000000000000000000000000000000000000000000000000
00000000000000000000000000000000000000000000000000000000000000000000000000000000000000000000000000000000000000000000000000000000
00000000000000000000000000000000000000000000000000000000000000000000000000000000000000000000000000000000000000000000000000000000
00000000000000000000000000000000000000000000000000000000000000000000000000000000000000000000000000000000000000000000000000000000
00000000000000000000000000000000000000000000000000000000000000000000000000000000000000000000000000000000000000000000000000000000
00000000000000000000000000000000000000000000000000000000000000000000000000000000000000000000000000000000000000000000000000000000
00000000000000000000000000000000000000000000000000000000000000000000000000000000000000000000000000000000000000000000000000000000
00000000000000000000000000000000000000000000000000000000000000000000000000000000000000000000000000000000000000000000000000000000
00000000000000000000000000000000000000000000000000000000000000000000000000000000000000000000000000000000000000000000000000000000
00000000000000000000000000000000000000000000000000000000000000000000000000000000000000000000000000000000000000000000000000000000
00000000000000000000000000000000000000000000000000000000000000000000000000000000000000000000000000000000000000000000000000000000
00000000000000000000000000000000000000000000000000000000000000000000000000000000000000000000000000000000000000000000000000000000
00000000000000000000000000000000000000000000000000000000000000000000000000000000000000000000000000000000000000000000000000000000
00000000000000000000000000000000000000000000000000000000000000000000000000000000000000000000000000000000000000000000000000000000
00000000000000000000000000000000000000000000000000000000000000000000000000000000000000000000000000000000000000000000000000000000
00000000000000000000000000000000000000000000000000000000000000000000000000000000000000000000000000000000000000000000000000000000
00000000000000000000000000000000000000000000000000000000000000000000000000000000000000000000000000000000000000000000000000000000
00000000000000000000000000000000000000000000000000000000000000000000000000000000000000000000000000000000000000000000000000000000
00000000000000000000000000000000000000000000000000000000000000000000000000000000000000000000000000000000000000000000000000000000
00000000000000000000000000000000000000000000000000000000000000000000000000000000000000000000000000000000000000000000000000000000
00000000000000000000000000000000000000000000000000000000000000000000000000000000000000000000000000000000000000000000000000000000
00000000000000000000000000000000000000000000000000000000000000000000000000000000000000000000000000000000000000000000000000000000
00000000000000000000000000000000000000000000000000000000000000000000000000000000000000000000000000000000000000000000000000000000
00000000000000000000000000000000000000000000000000000000000000000000000000000000000000000000000000000000000000000000000000000000
00000000000000000000000000000000000000000000000000000000000000000000000000000000000000000000000000000000000000000000000000000000
00000000000000000000000000000000000000000000000000000000000000000000000000000000000000000000000000000000000000000000000000000000
00000000000000000000000000000000000000000000000000000000000000000000000000000000000000000000000000000000000000000000000000000000
00000000000000000000000000000000000000000000000000000000000000000000000000000000000000000000000000000000000000000000000000000000
00000000000000000000000000000000000000000000000000000000000000000000000000000000000000000000000000000000000000000000000000000000
00000000000000000000000000000000000000000000000000000000000000000000000000000000000000000000000000000000000000000000000000000000
00000000000000000000000000000000000000000000000000000000000000000000000000000000000000000000000000000000000000000000000000000000
00000000000000000000000000000000000000000000000000000000000000000000000000000000000000000000000000000000000000000000000000000000
00000000000000000000000000000000000000000000000000000000000000000000000000000000000000000000000000000000000000000000000000000000
00000000000000000000000000000000000000000000000000000000000000000000000000000000000000000000000000000000000000000000000000000000
00000000000000000000000000000000000000000000000000000000000000000000000000000000000000000000000000000000000000000000000000000000
00000000000000000000000000000000000000000000000000000000000000000000000000000000000000000000000000000000000000000000000000000000
00000000000000000000000000000000000000000000000000000000000000000000000000000000000000000000000000000000000000000000000000000000
00000000000000000000000000000000000000000000000000000000000000000000000000000000000000000000000000000000000000000000000000000000
00000000000000000000000000000000000000000000000000000000000000000000000000000000000000000000000000000000000000000000000000000000
00000000000000000000000000000000000000000000000000000000000000000000000000000000000000000000000000000000000000000000000000000000
00000000000000000000000000000000000000000000000000000000000000000000000000000000000000000000000000000000000000000000000000000000
00000000000000000000000000000000000000000000000000000000000000000000000000000000000000000000000000000000000000000000000000000000
00000000000000000000000000000000000000000000000000000000000000000000000000000000000000000000000000000000000000000000000000000000
00000000000000000000000000000000000000000000000000000000000000000000000000000000000000000000000000000000000000000000000000000000
00000000000000000000000000000000000000000000000000000000000000000000000000000000000000000000000000000000000000000000000000000000
00000000000000000000000000000000000000000000000000000000000000000000000000000000000000000000000000000000000000000000000000000000
00000000000000000000000000000000000000000000000000000000000000000000000000000000000000000000000000000000000000000000000000000000
00000000000000000000000000000000000000000000000000000000000000000000000000000000000000000000000000000000000000000000000000000000
00000000000000000000000000000000000000000000000000000000000000000000000000000000000000000000000000000000000000000000000000000000
00000000000000000000000000000000000000000000000000000000000000000000000000000000000000000000000000000000000000000000000000000000
00000000000000000000000000000000000000000000000000000000000000000000000000000000000000000000000000000000000000000000000000000000
00000000000000000000000000000000000000000000000000000000000000000000000000000000000000000000000000000000000000000000000000000000
00000000000000000000000000000000000000000000000000000000000000000000000000000000000000000000000000000000000000000000000000000000
00000000000000000000000000000000000000000000000000000000000000000000000000000000000000000000000000000000000000000000000000000000
00000000000000000000000000000000000000000000000000000000000000000000000000000000000000000000000000000000000000000000000000000000
00000000000000000000000000000000000000000000000000000000000000000000000000000000000000000000000000000000000000000000000000000000
00000000000000000000000000000000000000000000000000000000000000000000000000000000000000000000000000000000000000000000000000000000
00000000000000000000000000000000000000000000000000000000000000000000000000000000000000000000000000000000000000000000000000000000
00000000000000000000000000000000000000000000000000000000000000000000000000000000000000000000000000000000000000000000000000000000
00000000000000000000000000000000000000000000000000000000000000000000000000000000000000000000000000000000000000000000000000000000
00000000000000000000000000000000000000000000000000000000000000000000000000000000000000000000000000000000000000000000000000000000
00000000000000000000000000000000000000000000000000000000000000000000000000000000000000000000000000000000000000000000000000000000
00000000000000000000000000000000000000000000000000000000000000000000000000000000000000000000000000000000000000000000000000000000
00000000000000000000000000000000000000000000000000000000000000000000000000000000000000000000000000000000000000000000000000000000
00000000000000000000000000000000000000000000000000000000000000000000000000000000000000000000000000000000000000000000000000000000
00000000000000000000000000000000000000000000000000000000000000000000000000000000000000000000000000000000000000000000000000000000
00000000000000000000000000000000000000000000000000000000000000000000000000000000000000000000000000000000000000000000000000000000
00000000000000000000000000000000000000000000000000000000000000000000000000000000000000000000000000000000000000000000000000000000
00000000000000000000000000000000000000000000000000000000000000000000000000000000000000000000000000000000000000000000000000000000
00000000000000000000000000000000000000000000000000000000000000000000000000000000000000000000000000000000000000000000000000000000
00000000000000000000000000000000000000000000000000000000000000000000000000000000000000000000000000000000000000000000000000000000
00000000000000000000000000000000000000000000000000000000000000000000000000000000000000000000000000000000000000000000000000000000
00000000000000000000000000000000000000000000000000000000000000000000000000000000000000000000000000000000000000000000000000000000
00000000000000000000000000000000000000000000000000000000000000000000000000000000000000000000000000000000000000000000000000000000
00000000000000000000000000000000000000000000000000000000000000000000000000000000000000000000000000000000000000000000000000000000
00000000000000000000000000000000000000000000000000000000000000000000000000000000000000000000000000000000000000000000000000000000
00000000000000000000000000000000000000000000000000000000000000000000000000000000000000000000000000000000000000000000000000000000
00000000000000000000000000000000000000000000000000000000000000000000000000000000000000000000000000000000000000000000000000000000
00000000000000000000000000000000000000000000000000000000000000000000000000000000000000000000000000000000000000000000000000000000
00000000000000000000000000000000000000000000000000000000000000000000000000000000000000000000000000000000000000000000000000000000
00000000000000000000000000000000000000000000000000000000000000000000000000000000000000000000000000000000000000000000000000000000
00000000000000000000000000000000000000000000000000000000000000000000000000000000000000000000000000000000000000000000000000000000
00000000000000000000000000000000000000000000000000000000000000000000000000000000000000000000000000000000000000000000000000000000
00000000000000000000000000000000000000000000000000000000000000000000000000000000000000000000000000000000000000000000000000000000
00000000000000000000000000000000000000000000000000000000000000000000000000000000000000000000000000000000000000000000000000000000
00000000000000000000000000000000000000000000000000000000000000000000000000000000000000000000000000000000000000000000000000000000
00000000000000000000000000000000000000000000000000000000000000000000000000000000000000000000000000000000000000000000000000000000
00000000000000000000000000000000000000000000000000000000000000000000000000000000000000000000000000000000000000000000000000000000
00000000000000000000000000000000000000000000000000000000000000000000000000000000000000000000000000000000000000000000000000000000
00000000000000000000000000000000000000000000000000000000000000000000000000000000000000000000000000000000000000000000000000000000
00000000000000000000000000000000000000000000000000000000000000000000000000000000000000000000000000000000000000000000000000000000
00000000000000000000000000000000000000000000000000000000000000000000000000000000000000000000000000000000000000000000000000000000
00000000000000000000000000000000000000000000000000000000000000000000000000000000000000000000000000000000000000000000000000000000
00000000000000000000000000000000000000000000000000000000000000000000000000000000000000000000000000000000000000000000000000000000
00000000000000000000000000000000000000000000000000000000000000000000000000000000000000000000000000000000000000000000000000000000
00000000000000000000000000000000000000000000000000000000000000000000000000000000000000000000000000000000000000000000000000000000
