00000001111100000010000000000000000001000010100000010110010001010000000000000010011000000100100101010100000000000000010001001000
01001100100100100101010101000010000100010000010111000001000000000001101011001010000000110000010100101100010100001000000000100010
01100100110100000001100000111010101001001111100000100001010000010100000100100001001101110000100110000110000100110100100001000000
10000000000000000000010000000000001101001100110000000010010000000000001000100000100000000000000101000000000011001000101000000010
10000000100010011000001001010011100010010011110010010000010000010000100001000000000010001010000001111000110100000010001000000000
00000000000001010001001100100000011111000000100001000010000100100100110101000000011100000100000100111001000101001000000010100100
00000000000000000000000000000000010100000001001000000001101001010000100000100000000100011010000101000110010100001001010101001010
10010000000100000000011100000010000000000000000100000000010101010001010000100000000000000001001101001000001000000101010001110010
10100100100000100011100000001011001000001000001010000000010110011100011000001000010000001000000100010000000001001000000001000000
01000010000001000000010000000100000010101000100000000110000000010110001000000000010000100000001010000011110100100100111100001000
00011001100000101000000000000111110000100000000010000000101110010000000000000110001100100100000000000000001101000100101000001011
00000000000101010101100000100000100000000100000000000100010000010000000100000100000100000001000110100000001100001100000101100100
00010000100110100000000010000111000000001000000010001000000100000010000010100100110110100110000000110000000000110000000001000010
00000000000000000000000000000000100011011000001010001000110100001000000101010000001000001100100101100000110000011100000000100000
01000000010010111000100100110000110000001000000000000000001000010100110000010010000110000000100100001000011100000010100010000001
00011000010110010000000000010010010000111000011000001011000000000000000001010101000000010000110001100011000000101010000011110000
00001001101100000001100000000000100010001000010000000000000100010000000000001000000000000101001100101001100000110000000000000011
01001100001100111100100011000000001000000010100000000000000010001000100100100000001000000010000010001100000110000000000001000000
01000100110000000100000001000101000100000000011000110010110001001101000000000000010101110110100001001100000100000001010001000111
01000100011000010000101100011000000000011000000000000011000000011000110000000100000000000000101001001000110001000000100111010010
00000000000000000000000000000000000100010001100010110110100101110011000100110100000001101001000000101001000000000110110110010000
01000001000000000000001011000010100110000001001001010000000000101000001010001010000010010101000000100010001000011100010000100000
10110100000000100010000000001000000100000000000000010100001000000000100000001010000000001011000000001000000100000000001001110101
00110011000000010000000110010000000010000011000010000000000011010010100000000000011000011110000110100010000000001101011000000100
00000110000100000111000101010100000001000011101000000000110010100100000001000000000110010000110000001001100000101000001011010000
11000000001000100000000000010001100010000010001000100001000001001000001000100100001110111010100101000000000000001000000000001100
01110000110001100011010000101110000000010001110000001000100010010001000000011001100001001100100000110000001010000010100100010110
00000000000000000000000000000000000100110100100000010000001001000100001101000000110001010000000001001010000000111000000011000011
10010011001001000111000000000000001100000000010010001010100100000000000000001000100000001001001000000010100001000011000010000010
00100100010000010100000000001000010000000010000100000000001000000001011101010100000010010010011000001000101000000000101001000001
01001000000101010000000000100100000101000100010010001000000000000101010100111010010010000011000000100110000000001010000001000100
00001000000010001010000011100000100000010000100000000000101100001100100000010000100100000010000011011001010000100000000000011100
00100000000000100001010100011001000000010100000000011010001010000011001001000000000000001001000000011000000000000010000001001010
01101000100001000010000100001001011101000011100110000101000000000000010011000100011000100010001100000000100010000010000000010010
00000000000000000000000000000000000010000000010000110110001000000110001010011000000000101000011110000010010110010000100000000101
01010110000001011010110000100110110011100000010010000000000010000100010000000000000000000001000111110000000010000000011000010000
10010011000011110010001000000001001001100011001011000001000000000101000010000100010001000000000100100001001010000100011100000000
00100100000000100010100101010000010000100001110110100000000011001001100000101000000001101001010000011010100110001000001101000011
01100100100001100001000000000000010010100110000000001000100000001101001000010111000001000000100000000000110000000010100000010100
00000000001000010101000010000100100010001000000000010010001001101100110110101000100000000101011110000010110001101001110100000100
11010101010100010100000011100000100001001000001010000110000000001100100100000010000010000011001100010000000000000001001001010000
00000000000000000000000000000000000101010100001000000000100010000001001110000001110110000110001000001000001001000000001100000000
00000001100101000000000110000001001000001000000000001010100100000000100001000011100000010000010100000111100000000001100000000100
00000011001100001000100010010100000000000010010000100001011111010000100000100001000010000010001000010111100001001011000100001000
00010100000000001000001001000000000100000000010000100001100000100000000000000100000000000011000000001000000001000000100000000000
10000010110000101000110000010010010100001000100010000100000000011100000100001000101000000100000000100010010100010000001101000100
00000001000001001000101001001000100000000000100101000000111000100010000010000010000010000000000001000100100010100010000100000010
00001011000010000100010100100000000000010000001110001110100001000000100100000000100100000001110000000000010000001001000000010001
00000000000000000000000000000000000000000001001001000000101100001001100110000010000000000001000001000000100000000000100000010001
00000000000000000000001001001000010001000010001000100001100001001000000000110000000000000111100000000000100001010010000110000000
00000000001000100010001000000000000000000000011101000000001000001001000000110000000010111000000100000100010000100001010100100100
00000000010010010000001000100010100011110000000001100100000001000001001010000000100001100001000000100001100001000000000010101010
00000000010100000011111010000000100001001001001010011001100000000000110000010011000001001000000001100000001000010001010100010000
00100000010100101000010000100110000100100001001101000110000000010010010000000010100000000000110000100001100000110000100000000000
00000000100010001001001000010110110010000000000000010101000100100000100001000111101101001111001110000001000100010100101000100000
00000000000000000000000000000000001110001000100101111011000000110110110000011000010000100000000000100011100001001000100010000110
00000101011100011000101000011001100101000010101100000001000010000001000001000000001011100101101000010000100111011000110011100000
00001000010010100001001000000000110100000010011000000001011000000000000000100010110000001011110100000011001100000100000010100101
01010000101001010001000100010000000110010000000011000000100001001001100110101100000000100100100000000000000001000000001000000010
00100000001000000000000010000111010001100000101110101101001000010000001010001010100110000000000010010000001001100001011010000000
10100000100100000001010001000000000000000000000000000001000000101000001000100010000000010111000000101100001000010010110100100001
10100100001000010000001000101000001000000101001011010000000000100010000100000001001100001001000100110100101011000000000000100111
00000000000000000000000000000000001000000000000001000110000000000100000001000100010001000001100100000101100000001001000000000001
10001000100001000000001010010000100100000011001100100000010000100010110100000100001001000100000000001001000011010101100010000001
00100001000000000111001001100000000011000000010010000001100100000001000000000001100011000010001000101010001000100010000100000011
00000010110110100010000010111010000101001100011100001100000000010101100000110000100101110000010100101110110000000001100101100001
10000100001100000010100000000000110011000101000110111000010000000001000010000000100010000000000011011000010000100000110011011011
10000000001100000100100100000000000000011100000000000000000000000000010000000000001000001100010001001010000000001010010000000001
01000010010000000100000010100011010000001000010000000011000000001000000000011001000011010000001010000100100000100001001000101000
00000000000000000000000000000000001100000110011000101000010011000001000100101100000001100110001001000000001100000100000000000000
10000100011000011000000000010001010000110110010110000110111000000001100000000100100100001101000010100100011000000000010000000000
11001100001110010001000000000000000100011000010010000111000000011001000001110110000110010000000100010100000010001000010001000000
10010000000000101001111000000000001011110000001000001010000000001000000000000101100101110010000100000101110000100000001100000000
00001100000010001000101010000000001001000001000000000001010001000000000010000000100000000001000100100000011001000011000001000100
00000000000101100001110000100000000000000000010000111010000000000010010000000100010011110001001100000010000101111000010000011000
00001010000100010000000000100000000001011001011000100000100001000100001011010101010000000011010110000110000001101000000100110000
00000000000000000000000000000000100001000000000010000000001010110001000011000001011001000000100101000001100011000000100010000100
00000100000010010000001010010000101010100010001000110010001000011000010010001000101000000000000000010100000100101000000000000001
01000000000000001000000000011101111010101010001000000011100001000001000000000100010000001000000000000000000000010001000000000010
10000100010110010000101010010000100001100001000010010000000000000010001000000001000000000100001000000000000000000010000000010000
00000000000011000010100000100000000000001001101010000100000010010101000000000000000010011000101100110010101001000010100010000000
00110100000000000001011011001001001001000000000101110000000001000000011010000000001010001000000000110000010000011010000000001001
01011000000100001000000000000010100001110010000000001011010010110001110011010000100001000110000000110100000100000000000011000000
00000000000000000000000000000000000000110000000100000010010000111110101000000010000000000001010010001000000000001100000001000001
01000010000000000000010101010001000000000000100101100000000011000100101010110001001000000001101101110100100000010000000000001100
00000010010100100110000000000000010001000001001110011110000000011001000011000000000110010010011000011000110000010100011010000001
10010000101000000110001000000001001011000101000100000000000000000000001000000010100010100010001011100000100000000100000000000000
01110011000000100000000001000000001100101010110000101001000100010000100001000000000100100000000010000000100010000101000011100000
00010000000000000000100010000001000000010000101101011000000000010000010000011001100101100010010000000000001001010010000000010010
00100000000100100011001100010000000000110000101000001001010010100011010000000101000100110000100010000001000000000000000000000001
00000000000000000000000000000000000111010010000111000010000101000010000110100001000001001001000000010000010001001000100100011010
10001000000010001000000000000100000010100000100100000000000110000110001001000010101100010010000100111000001000111010000000000100
00100000001001001000100001011001000000100001110100001000000011001000000000000000010011101100100000000000100000001001111010000000
00001011100011000101010010110001010000100000000011001110001001010010011000000000001000111000100100000010101010000100000000101001
00000000101000010001001110001000001110000000000000000001000000101000010000000000000000100000000000100000100000000000000100010000
01000000111100000000110000110010001000000001000000111000010000100010000000010011011010010110000011010000000001001110011001100001
00000000100000000000000100000110000010011011000000001110100001000001000010000100011000100010100001000010010101100000001011011010
00000000000000000000000000000000000100000110000010100010011000000000000010000010000000010100010010000010000000100101001000010100
00010001000000000000011001000001100010000001000001000100000010010000000000001000000100000000001010110000000110000000001011010000
10010011100000011000000000000010100000000101001000111000010100000000011001010000011000001110010000011101000011001000010010001010
00000011000101000010100000000100000010010000001101001101001001000101010010101001010000010010000000000010011000100000000000100110
00000010010000000100001000000011000010101001000010010001000001010010001011000100000101100100101000000010000101001000000100000000
11001100010000000000010100000000010000001001000010000111010100010000000000011010000000010100010001110000100001010100000000001000
00100011101000000001010100100000000100001011000010010000000010000011000001000001000001000000000111011000011100000001000101110000
00000000000000000000000000000000000000100010100101000100000001000001100010001000001101011000101000000000010011010000000000000100
10001001000010010010000010000000000000110101010011000010100100000000101100001000000000000000001000000011100100000100001000001101
00011000000010010010001000001000001000100010011000100100000000110000110000010100000000000100000000011010000100010011100001000010
10000000110000010001010000100010010101000101000000100000100000000010000000001000010000010000010100000001000000000000000011011100
10000110011100000000001100000000000000100010001000010101100000100001000100000000000010111100001000000110000010100000001000100010
00000010000100100000000001000101011100000000001100100000100000100100000001001101100000100000001000010010011000000000100000111001
00010100000010111000101000100000000010000110001000000110010000001000011011001100001010000000100110000001001011000000000010000000
00000000000000000000000000000000000000110000000111100000001110000000000001101011000100011000000000000000000000001100011010000011
01000000100010000000100000000000010000000010000110000000000010100000001001001110011000000100111000001010000100100000000000000010
00010001000010000000001000000000100111000000001000110000100100011011000001001100010110000011010011000000000000101000000011000110
01000001100110100011100001001100000010010000000010000000101010011101100101100000000000010000100101010001000100100000101010000000
00001101000101100000001010011100000100000101010111100001101010000000001000100001010000001000001100100000000000000110000000100011
10000001011000000100001010101100010100010100100011000001000000000000000100000000000100000100000000100001110000000100011100101001
00011100000000011000110000110000100100000100000011001000001000010001110000110010000111010000000100000100001011000110100000000100
00000000000000000000000000000000100000001000000000101010000101100000001100000000001000000100000110000010000000010010010110110000
01000100000000010100000100000100010010010001001000000100100100111001000000101100000010110000000000000000110110101100010000000101
00000100101000100001001001010001000001100000011010100110000101000100000010000010000000001000001100100001100000101001000000110110
10100000101000000111100100000100000000010100000000000000000100011000111000000000000000001000001100010000000101101001001001100000
11001010000100001101100100011010011100000000100001000110000000000000000010000000100110000010010000000100010010001001110010001101
01100001000100000000100100001000000000010010011110000011100000001000100111001101100100001000001000000100110001100000011100011010
00100111001100001100000000000001010110000000000001001000000010010100000010011011100000000000000000000001010000100001000100010000
00000000000000000000000000000000000001000101000001000000010010000000000000000101010000010000000100010000001000100000011000010000
10010000001101010000100000010000000010100001000000010100000001000010000000001000000000000010010101000001010000000100000110011000
10000000111000000001000011100101100100011000001010000000100000100000100111101000000001000000101101010010010000110000000100001000
00100000000100011101000011100101010010010110100001001000000100010000010000110000000000010001001001000000000101100010001001000001
00100001000000000001100000001000000001000101001110000101010001000000000000011000001100000011100000000101100010110010000010000100
01000000000100001100001001010000001001000000010010001000000000100000001110100000011000000000000000000000000000000100000100000001
01000011100010101001011110010110000010000000000100001011000000110010100110010001000000010100100001010000010000001001000000000011
00000000000000000000000000000000000000000010010000110011000010010001000100100000000000010110100000000000000001101110111001100100
01000001010100000000110010000000000000001000011000001100011110000110100011010100100000000000000001100010100000100010011000110000
00000011000100000001000000000100100100101000100000000000010000000000110000100000000111000000001101000001011000000000110010010010
00000000000001100000000110000000000100000010001000000000000000000100110100000100001001000100100001110000000001001110011010000100
00000000010100001000001000001011010111100100000011100000010010000001001000100001000000000000000011001000010100000010000011000010
00111100001101000010010111000010000010100000000001110000000000011100010001000000010100100001101100010100000001010011000010010010
00100010100010001010001001000010000101000010000000001000000100001000101010100010000010000000000000100000101000000001010100100000
00000000000000000000000000000000000010100100000010110000000001000000000001100000000000000001010001000000100000000100001010110001
00000000010010001001000000000101100001000000000001101000110010100100000000100010100010001001000001001000000000001000100110100000
00000000000011000000010100010010001000010001000101010100010001010010010100100000101000110000000100000000010000100000000010000000
00001101000001100100101001001100100000010000000001000000000010101000101010101000000000000000000010000000101000000010000101000000
00000000000000001001000010100010100000000000011010000000001000001001000011100000111000100100000010000000000010000110001110001110
10000000110000000010100000000001000000000000111000110011111100000100100010100101000000001000000000000000010001110000100010001001
00000000010000001010010010000000000010001100000001000100000000111100010000100100011000000000000000100000000101000000111100010110
00000000000000000000000000000000000100000100000000001000010110100100001000010000010010100000100000011001000000111000110100010000
00001000000011000001000000011010011000010001101010000000001001000000001000000010000100000000000000011001010100101111010101000100
00001000011101110000000000000000000000000001010001000000100010000000000001101100010101000100000100100000000000010001100010011000
00111000100000100010010100000000010110101000100011000000010001100100011000100001010001010000110010000010100000000000001000000010
10100100010010000001001000000110000010000100000000010100000011100110000000010000000011000010100111000000000000000110000010000001
00000000000010000110110010010010100011000000011000000000000001001001000100101000001001000010010000000000011111000000011001001001
10101010001001100001000000000001000010000010100010000000101000000000110111010001000100110011010000000010100000100010010000000000
00000000000000000000000000000000101001011110100000001000000000010000000000000010000000001000110110000011000001010110000000000000
01010000000000101001100000011100000000101000001010010111001101000000100011001000000001100000110000000110000000110001100011101101
00001011110000000101010000000001000000000010000000100000110001000111001000000000001100010010001100100100000100010010001000110000
10001010110010010000010001011001011100000011110100101001011011000000000100110000000100000010001000000011010000001011100000011010
01001111000011000101000001011110000101000000001000100110000100000011010000100000001001110110000100001010000001100001001100100000
00011010001000111101000010010000001000001010001110100001010100110000100100000000100110101000101000001010000101100110000101000000
01100010000000010101001000000000010100100101100001001100001000000000000100011100000000000010000000111111010011100000000001101011
00000000000000000000000000000000000000100000000000000100000011010000000000110000000001101000000000001001010000000010010100010000
01000000100000000000100000000010010110101000100010001000000000000000010100111001100110000000011110011000000010001100000111100010
01011000100000100100010010000010100100000100101101100000100010001000100110001100000001000000100110000000000010110000000000100000
00011000100101000001000000101000000100001000000101100000000100010010101100000010000000011101110101000000000011000011011010001000
00001000000001010000011010000000100000011001000100000000101011100000000000000000001101000100001000001000110000011100010000000001
10100110001000000000000001000010000011001000000000000000000010000001010000100100010001010010000001101011000101101000100100101101
00100000010000010001000101010010100000001001000000010100110000010000010000000011000111100000001011100101000101000000000100111001
00000000000000000000000000000000000000000000000100100100010100110001000000100110100000100000110001001110001000010010010000011001
00001001001000000100111010000000010000000000010010101000000000010000010001001010000100001001000100100001000001001000011000010000
11000101100010110000000010010010101000000100010000011000100000000100000100100001100011000000000010001001010000000010110000001000
11000101000000100000000000100100000100100000100000000011001110011001000010011011101000000100100010001000000001000101001100001000
00101100000000011001100011100100110100011001000010000011001001000001110100110001000000101100010001001110100000010010001000101011
00000000100001100100010010000100000001111010000101110110001010000100000000000010001101010100000000100100000000101010000000100000
11100000100001110000001000010000000110100000101001011110001001010001000000100101000011000001000100001000000000100001000111100000
00000000000000000000000000000000011010010000001010101000000001000000000000111011000100010100000010010110000000100000000000101101
00000000010110011101000101001000000100001000100010000100000000000010010000101100000001000000010001100100101000101010000000000100
01100111110000000010000000000000011000000000001010100100100001000000001000000000010010110000001101100000100000011000111000100000
00100000000001000001000000000000010100101000000011000100000000010101101000001100000001011010000010000000001010000010100000000001
10001000011101100000100001000000001100011010000010101000000100000000100001001001001000010000100010000001000000000000110001000001
00001001110011011101001001011010000000001100000101101001110000100000000000010001000100000000010011100000000000011000001000000001
01000100000001001100000000000000010001001001010000000000110110010101001100001010000010000001110000010001001100010100000100000000
00000000000000000000000000000000010110010011000000010100000000000000011010000001000000000000000000000101000100001110000000001000
01000000000011001000000000100100000000000000100001000001100111000001000000000010000000000000100100001100000001000010000101000000
00100000001001100001001000001010100000000000100100000000101000000100001010001000001110000000000011100000010000000000011001100001
01000000010101100100110010101000000001000011011000001000000000100100100001010010000000110111000000000010000110001100010010100000
00010001011000010000010100001001000100000000000000101101000011000000000100000001000010000010010000100011000100010000000101010010
00100100000001001010000000000010000000000110010010001001010010000010000000011010000110000001100000000000010101001011001000110010
00000010000000001011000001000001000000010011000000100000000010100001000000001111000110011000000000010100000011001010000000010000
00000000000000000000000000000000000110000100100001100000101110110000000100110001000000010000000010010110000001000000100010000100
00101010000000010010110000010001000100000101000000000000100001101100010000100000001001010000000000000010000000001100000000100100
10001000001000101010110000000011110111000000010001000000000000000100100001101001111011001001000010100101110000001010100000100100
00000001011010010000000110000001100000000101000010000010100010010000100001011010001000000100010100000000010000100010000111000010
00000001000010010000111010100010000000000000000000001000100101000100001000000010000000000000000101000100010000101000010001000011
10110011100001001110000000100000011110101000001110010010001001010000000101001100000000001010100001101000000010110000000100000000
00001000001101001001010100001001000000001000000100011100000000000100000010001000010100011000010000100100000000011000000100100010
00000000000000000000000000000000001010011010010001000010001010101111000000000100100001010000100000100100010000000001001010001101
10000100010000000000001000000000010000001000010001000101000110011000100000010100100000000000001000100010000000001000010001000000
10000000000001011000000100100000000001100000101100110011101000010011100110010010000100000000001001100100001000001100001001011000
11100001010000000100100000010100000000100101110000001001101100100001100000101001001001000000100001011010100011000100000000000010
01101000010100010001110000110000001110000001000110110001000100000001000000101011011010010000100000100000000000000010010000100001
10101010000100100000001000000100000010010000010000000000000100000000100100101100000000000000000101000000101100010110001100000100
11010010000000011100100001000000100000001110000001000000001001000001010001000001010011010000010100000000000000001000010000000001
00000000000000000000000000000000000110011000000100000000100000000100000001000101000000000000001010010100111100100000011000001001
00000000100010100000010000100100000010000000000011100100000010010000000100101010100010010000000010000000000101010000000001000101
00001000000000000001000010100000100001000001100000001010000010110000100000100010100000001000001000110000010001100000010000000011
00000001100001000001000010000000110110100001000000001001101010000001000010110001000001100000001000110001000001100000100000000100
00001000011010001000000100000010100010000110000000000000100000000000101001100100111001000000000010000111100111101100100000100000
00000000000101001010011000101000100001000001100000011010000000000010000011100000000010001100001100111100000001100000000011100110
00000001100000000000010101000000010100000000000000000010000000100100000100000100010000001000000110100010101000100100001000100100
00000000000000000000000000000000011010101100000000101010101100000000000101000000000001000000000011000000010011010000010101010011
10100001111011000100010010100000000010110000010100000000110010000000000000010000000000001001100101101001000010110110000110000000
00010100101001011100110000100001001000000100000100110000110000010010000001100001000100000000000001000110111110000110101001000000
00010001000100000100000000000100100100001001001000000000001000111001000000000001100000010001010000010000000000010000101100000010
10101110100011000010000000010000111011001000010011000000000010000100010100010000000000100010001100000000100000000101011000000000
00010000010010000001010010000000010010010000000000010000001000110000010000000000100010100010100011011001000000000100000010000000
00010000001001011011100000001110100000000001100001000000101000110011101000011100110010000000000000000101100100100000000110100000
00000000000000000000000000000000100100001100000110000100001011101011001011010000000000001010000000101010000000100100000000100110
00010100100110001100011000010001000000110000010000001100101000010010000000010010110000110001100100000001100000110000100000000000
01001000101000000100000010000010010001000100000001100000001001110000001000100100000010101000000100110000000101000010100100010000
00000000000101010000000000000011000001100010000000001100100000000000010010000010010000100010000001001000100000010101110000000101
00000011000000000100000011001100000000100010000000100101000001110000000000001000000001000000001010000100100010001100000000010000
00001000000001001100001100000100000110000100100010000010100100000000010001010000100010000001001010000010000000101001000100000010
10010011000000100111111001000000000100000000100000000000000000010000000100000010000010000101001011000011010010000000000100000000
00000000000000000000000000000000000101010000111000010101001000000000000000100000000011000000010010001100010000000000100011100001
00000000000000000000000000000000000000000000000000000000000000000000000000000000000000000000000000000000000000000000000000000000
00000000000000000000000000000000000000000000000000000000000000000000000000000000000000000000000000000000000000000000000000000000
00000000000000000000000000000000000000000000000000000000000000000000000000000000000000000000000000000000000000000000000000000000
00000000000000000000000000000000000000000000000000000000000000000000000000000000000000000000000000000000000000000000000000000000
00000000000000000000000000000000000000000000000000000000000000000000000000000000000000000000000000000000000000000000000000000000
00000000000000000000000000000000000000000000000000000000000000000000000000000000000000000000000000000000000000000000000000000000
00000000000000000000000000000000000000000000000000000000000000000000000000000000000000000000000000000000000000000000000000000000
00000000000000000000000000000000000000000000000000000000000000000000000000000000000000000000000000000000000000000000000000000000
00000000000000000000000000000000000000000000000000000000000000000000000000000000000000000000000000000000000000000000000000000000
00000000000000000000000000000000000000000000000000000000000000000000000000000000000000000000000000000000000000000000000000000000
00000000000000000000000000000000000000000000000000000000000000000000000000000000000000000000000000000000000000000000000000000000
00000000000000000000000000000000000000000000000000000000000000000000000000000000000000000000000000000000000000000000000000000000
00000000000000000000000000000000000000000000000000000000000000000000000000000000000000000000000000000000000000000000000000000000
00000000000000000000000000000000000000000000000000000000000000000000000000000000000000000000000000000000000000000000000000000000
00000000000000000000000000000000000000000000000000000000000000000000000000000000000000000000000000000000000000000000000000000000
00000000000000000000000000000000000000000000000000000000000000000000000000000000000000000000000000000000000000000000000000000000
00000000000000000000000000000000000000000000000000000000000000000000000000000000000000000000000000000000000000000000000000000000
00000000000000000000000000000000000000000000000000000000000000000000000000000000000000000000000000000000000000000000000000000000
00000000000000000000000000000000000000000000000000000000000000000000000000000000000000000000000000000000000000000000000000000000
00000000000000000000000000000000000000000000000000000000000000000000000000000000000000000000000000000000000000000000000000000000
00000000000000000000000000000000000000000000000000000000000000000000000000000000000000000000000000000000000000000000000000000000
00000000000000000000000000000000000000000000000000000000000000000000000000000000000000000000000000000000000000000000000000000000
00000000000000000000000000000000000000000000000000000000000000000000000000000000000000000000000000000000000000000000000000000000
00000000000000000000000000000000000000000000000000000000000000000000000000000000000000000000000000000000000000000000000000000000
00000000000000000000000000000000000000000000000000000000000000000000000000000000000000000000000000000000000000000000000000000000
00000000000000000000000000000000000000000000000000000000000000000000000000000000000000000000000000000000000000000000000000000000
00000000000000000000000000000000000000000000000000000000000000000000000000000000000000000000000000000000000000000000000000000000
00000000000000000000000000000000000000000000000000000000000000000000000000000000000000000000000000000000000000000000000000000000
00000000000000000000000000000000000000000000000000000000000000000000000000000000000000000000000000000000000000000000000000000000
00000000000000000000000000000000000000000000000000000000000000000000000000000000000000000000000000000000000000000000000000000000
00000000000000000000000000000000000000000000000000000000000000000000000000000000000000000000000000000000000000000000000000000000
00000000000000000000000000000000000000000000000000000000000000000000000000000000000000000000000000000000000000000000000000000000
00000000000000000000000000000000000000000000000000000000000000000000000000000000000000000000000000000000000000000000000000000000
00000000000000000000000000000000000000000000000000000000000000000000000000000000000000000000000000000000000000000000000000000000
00000000000000000000000000000000000000000000000000000000000000000000000000000000000000000000000000000000000000000000000000000000
00000000000000000000000000000000000000000000000000000000000000000000000000000000000000000000000000000000000000000000000000000000
00000000000000000000000000000000000000000000000000000000000000000000000000000000000000000000000000000000000000000000000000000000
00000000000000000000000000000000000000000000000000000000000000000000000000000000000000000000000000000000000000000000000000000000
00000000000000000000000000000000000000000000000000000000000000000000000000000000000000000000000000000000000000000000000000000000
00000000000000000000000000000000000000000000000000000000000000000000000000000000000000000000000000000000000000000000000000000000
00000000000000000000000000000000000000000000000000000000000000000000000000000000000000000000000000000000000000000000000000000000
00000000000000000000000000000000000000000000000000000000000000000000000000000000000000000000000000000000000000000000000000000000
00000000000000000000000000000000000000000000000000000000000000000000000000000000000000000000000000000000000000000000000000000000
00000000000000000000000000000000000000000000000000000000000000000000000000000000000000000000000000000000000000000000000000000000
00000000000000000000000000000000000000000000000000000000000000000000000000000000000000000000000000000000000000000000000000000000
00000000000000000000000000000000000000000000000000000000000000000000000000000000000000000000000000000000000000000000000000000000
00000000000000000000000000000000000000000000000000000000000000000000000000000000000000000000000000000000000000000000000000000000
00000000000000000000000000000000000000000000000000000000000000000000000000000000000000000000000000000000000000000000000000000000
00000000000000000000000000000000000000000000000000000000000000000000000000000000000000000000000000000000000000000000000000000000
00000000000000000000000000000000000000000000000000000000000000000000000000000000000000000000000000000000000000000000000000000000
00000000000000000000000000000000000000000000000000000000000000000000000000000000000000000000000000000000000000000000000000000000
00000000000000000000000000000000000000000000000000000000000000000000000000000000000000000000000000000000000000000000000000000000
00000000000000000000000000000000000000000000000000000000000000000000000000000000000000000000000000000000000000000000000000000000
00000000000000000000000000000000000000000000000000000000000000000000000000000000000000000000000000000000000000000000000000000000
00000000000000000000000000000000000000000000000000000000000000000000000000000000000000000000000000000000000000000000000000000000
00000000000000000000000000000000000000000000000000000000000000000000000000000000000000000000000000000000000000000000000000000000
00000000000000000000000000000000000000000000000000000000000000000000000000000000000000000000000000000000000000000000000000000000
00000000000000000000000000000000000000000000000000000000000000000000000000000000000000000000000000000000000000000000000000000000
00000000000000000000000000000000000000000000000000000000000000000000000000000000000000000000000000000000000000000000000000000000
00000000000000000000000000000000000000000000000000000000000000000000000000000000000000000000000000000000000000000000000000000000
00000000000000000000000000000000000000000000000000000000000000000000000000000000000000000000000000000000000000000000000000000000
00000000000000000000000000000000000000000000000000000000000000000000000000000000000000000000000000000000000000000000000000000000
00000000000000000000000000000000000000000000000000000000000000000000000000000000000000000000000000000000000000000000000000000000
00000000000000000000000000000000000000000000000000000000000000000000000000000000000000000000000000000000000000000000000000000000
00000000000000000000000000000000000000000000000000000000000000000000000000000000000000000000000000000000000000000000000000000000
00000000000000000000000000000000000000000000000000000000000000000000000000000000000000000000000000000000000000000000000000000000
00000000000000000000000000000000000000000000000000000000000000000000000000000000000000000000000000000000000000000000000000000000
00000000000000000000000000000000000000000000000000000000000000000000000000000000000000000000000000000000000000000000000000000000
00000000000000000000000000000000000000000000000000000000000000000000000000000000000000000000000000000000000000000000000000000000
00000000000000000000000000000000000000000000000000000000000000000000000000000000000000000000000000000000000000000000000000000000
00000000000000000000000000000000000000000000000000000000000000000000000000000000000000000000000000000000000000000000000000000000
00000000000000000000000000000000000000000000000000000000000000000000000000000000000000000000000000000000000000000000000000000000
00000000000000000000000000000000000000000000000000000000000000000000000000000000000000000000000000000000000000000000000000000000
00000000000000000000000000000000000000000000000000000000000000000000000000000000000000000000000000000000000000000000000000000000
00000000000000000000000000000000000000000000000000000000000000000000000000000000000000000000000000000000000000000000000000000000
00000000000000000000000000000000000000000000000000000000000000000000000000000000000000000000000000000000000000000000000000000000
00000000000000000000000000000000000000000000000000000000000000000000000000000000000000000000000000000000000000000000000000000000
00000000000000000000000000000000000000000000000000000000000000000000000000000000000000000000000000000000000000000000000000000000
00000000000000000000000000000000000000000000000000000000000000000000000000000000000000000000000000000000000000000000000000000000
00000000000000000000000000000000000000000000000000000000000000000000000000000000000000000000000000000000000000000000000000000000
00000000000000000000000000000000000000000000000000000000000000000000000000000000000000000000000000000000000000000000000000000000
00000000000000000000000000000000000000000000000000000000000000000000000000000000000000000000000000000000000000000000000000000000
00000000000000000000000000000000000000000000000000000000000000000000000000000000000000000000000000000000000000000000000000000000
00000000000000000000000000000000000000000000000000000000000000000000000000000000000000000000000000000000000000000000000000000000
00000000000000000000000000000000000000000000000000000000000000000000000000000000000000000000000000000000000000000000000000000000
00000000000000000000000000000000000000000000000000000000000000000000000000000000000000000000000000000000000000000000000000000000
00000000000000000000000000000000000000000000000000000000000000000000000000000000000000000000000000000000000000000000000000000000
00000000000000000000000000000000000000000000000000000000000000000000000000000000000000000000000000000000000000000000000000000000
00000000000000000000000000000000000000000000000000000000000000000000000000000000000000000000000000000000000000000000000000000000
00000000000000000000000000000000000000000000000000000000000000000000000000000000000000000000000000000000000000000000000000000000
00000000000000000000000000000000000000000000000000000000000000000000000000000000000000000000000000000000000000000000000000000000
00000000000000000000000000000000000000000000000000000000000000000000000000000000000000000000000000000000000000000000000000000000
00000000000000000000000000000000000000000000000000000000000000000000000000000000000000000000000000000000000000000000000000000000
00000000000000000000000000000000000000000000000000000000000000000000000000000000000000000000000000000000000000000000000000000000
00000000000000000000000000000000000000000000000000000000000000000000000000000000000000000000000000000000000000000000000000000000
00000000000000000000000000000000000000000000000000000000000000000000000000000000000000000000000000000000000000000000000000000000
00000000000000000000000000000000000000000000000000000000000000000000000000000000000000000000000000000000000000000000000000000000
00000000000000000000000000000000000000000000000000000000000000000000000000000000000000000000000000000000000000000000000000000000
00000000000000000000000000000000000000000000000000000000000000000000000000000000000000000000000000000000000000000000000000000000
00000000000000000000000000000000000000000000000000000000000000000000000000000000000000000000000000000000000000000000000000000000
00000000000000000000000000000000000000000000000000000000000000000000000000000000000000000000000000000000000000000000000000000000
00000000000000000000000000000000000000000000000000000000000000000000000000000000000000000000000000000000000000000000000000000000
00000000000000000000000000000000000000000000000000000000000000000000000000000000000000000000000000000000000000000000000000000000
00000000000000000000000000000000000000000000000000000000000000000000000000000000000000000000000000000000000000000000000000000000
00000000000000000000000000000000000000000000000000000000000000000000000000000000000000000000000000000000000000000000000000000000
00000000000000000000000000000000000000000000000000000000000000000000000000000000000000000000000000000000000000000000000000000000
00000000000000000000000000000000000000000000000000000000000000000000000000000000000000000000000000000000000000000000000000000000
00000000000000000000000000000000000000000000000000000000000000000000000000000000000000000000000000000000000000000000000000000000
00000000000000000000000000000000000000000000000000000000000000000000000000000000000000000000000000000000000000000000000000000000
00000000000000000000000000000000000000000000000000000000000000000000000000000000000000000000000000000000000000000000000000000000
00000000000000000000000000000000000000000000000000000000000000000000000000000000000000000000000000000000000000000000000000000000
00000000000000000000000000000000000000000000000000000000000000000000000000000000000000000000000000000000000000000000000000000000
00000000000000000000000000000000000000000000000000000000000000000000000000000000000000000000000000000000000000000000000000000000
00000000000000000000000000000000000000000000000000000000000000000000000000000000000000000000000000000000000000000000000000000000
00000000000000000000000000000000000000000000000000000000000000000000000000000000000000000000000000000000000000000000000000000000
00000000000000000000000000000000000000000000000000000000000000000000000000000000000000000000000000000000000000000000000000000000
00000000000000000000000000000000000000000000000000000000000000000000000000000000000000000000000000000000000000000000000000000000
00000000000000000000000000000000000000000000000000000000000000000000000000000000000000000000000000000000000000000000000000000000
00000000000000000000000000000000000000000000000000000000000000000000000000000000000000000000000000000000000000000000000000000000
00000000000000000000000000000000000000000000000000000000000000000000000000000000000000000000000000000000000000000000000000000000
00000000000000000000000000000000000000000000000000000000000000000000000000000000000000000000000000000000000000000000000000000000
00000000000000000000000000000000000000000000000000000000000000000000000000000000000000000000000000000000000000000000000000000000
00000000000000000000000000000000000000000000000000000000000000000000000000000000000000000000000000000000000000000000000000000000
00000000000000000000000000000000000000000000000000000000000000000000000000000000000000000000000000000000000000000000000000000000
00000000000000000000000000000000000000000000000000000000000000000000000000000000000000000000000000000000000000000000000000000000
00000000000000000000000000000000000000000000000000000000000000000000000000000000000000000000000000000000000000000000000000000000
00000000000000000000000000000000000000000000000000000000000000000000000000000000000000000000000000000000000000000000000000000000
00000000000000000000000000000000000000000000000000000000000000000000000000000000000000000000000000000000000000000000000000000000
00000000000000000000000000000000000000000000000000000000000000000000000000000000000000000000000000000000000000000000000000000000
00000000000000000000000000000000000000000000000000000000000000000000000000000000000000000000000000000000000000000000000000000000
00000000000000000000000000000000000000000000000000000000000000000000000000000000000000000000000000000000000000000000000000000000
00000000000000000000000000000000000000000000000000000000000000000000000000000000000000000000000000000000000000000000000000000000
00000000000000000000000000000000000000000000000000000000000000000000000000000000000000000000000000000000000000000000000000000000
00000000000000000000000000000000000000000000000000000000000000000000000000000000000000000000000000000000000000000000000000000000
00000000000000000000000000000000000000000000000000000000000000000000000000000000000000000000000000000000000000000000000000000000
00000000000000000000000000000000000000000000000000000000000000000000000000000000000000000000000000000000000000000000000000000000
00000000000000000000000000000000000000000000000000000000000000000000000000000000000000000000000000000000000000000000000000000000
00000000000000000000000000000000000000000000000000000000000000000000000000000000000000000000000000000000000000000000000000000000
00000000000000000000000000000000000000000000000000000000000000000000000000000000000000000000000000000000000000000000000000000000
00000000000000000000000000000000000000000000000000000000000000000000000000000000000000000000000000000000000000000000000000000000
00000000000000000000000000000000000000000000000000000000000000000000000000000000000000000000000000000000000000000000000000000000
00000000000000000000000000000000000000000000000000000000000000000000000000000000000000000000000000000000000000000000000000000000
00000000000000000000000000000000000000000000000000000000000000000000000000000000000000000000000000000000000000000000000000000000
00000000000000000000000000000000000000000000000000000000000000000000000000000000000000000000000000000000000000000000000000000000
00000000000000000000000000000000000000000000000000000000000000000000000000000000000000000000000000000000000000000000000000000000
00000000000000000000000000000000000000000000000000000000000000000000000000000000000000000000000000000000000000000000000000000000
00000000000000000000000000000000000000000000000000000000000000000000000000000000000000000000000000000000000000000000000000000000
00000000000000000000000000000000000000000000000000000000000000000000000000000000000000000000000000000000000000000000000000000000
00000000000000000000000000000000000000000000000000000000000000000000000000000000000000000000000000000000000000000000000000000000
00000000000000000000000000000000000000000000000000000000000000000000000000000000000000000000000000000000000000000000000000000000
00000000000000000000000000000000000000000000000000000000000000000000000000000000000000000000000000000000000000000000000000000000
00000000000000000000000000000000000000000000000000000000000000000000000000000000000000000000000000000000000000000000000000000000
00000000000000000000000000000000000000000000000000000000000000000000000000000000000000000000000000000000000000000000000000000000
00000000000000000000000000000000000000000000000000000000000000000000000000000000000000000000000000000000000000000000000000000000
00000000000000000000000000000000000000000000000000000000000000000000000000000000000000000000000000000000000000000000000000000000
00000000000000000000000000000000000000000000000000000000000000000000000000000000000000000000000000000000000000000000000000000000
00000000000000000000000000000000000000000000000000000000000000000000000000000000000000000000000000000000000000000000000000000000
00000000000000000000000000000000000000000000000000000000000000000000000000000000000000000000000000000000000000000000000000000000
00000000000000000000000000000000000000000000000000000000000000000000000000000000000000000000000000000000000000000000000000000000
00000000000000000000000000000000000000000000000000000000000000000000000000000000000000000000000000000000000000000000000000000000
00000000000000000000000000000000000000000000000000000000000000000000000000000000000000000000000000000000000000000000000000000000
00000000000000000000000000000000000000000000000000000000000000000000000000000000000000000000000000000000000000000000000000000000
00000000000000000000000000000000000000000000000000000000000000000000000000000000000000000000000000000000000000000000000000000000
00000000000000000000000000000000000000000000000000000000000000000000000000000000000000000000000000000000000000000000000000000000
00000000000000000000000000000000000000000000000000000000000000000000000000000000000000000000000000000000000000000000000000000000
00000000000000000000000000000000000000000000000000000000000000000000000000000000000000000000000000000000000000000000000000000000
00000000000000000000000000000000000000000000000000000000000000000000000000000000000000000000000000000000000000000000000000000000
00000000000000000000000000000000000000000000000000000000000000000000000000000000000000000000000000000000000000000000000000000000
00000000000000000000000000000000000000000000000000000000000000000000000000000000000000000000000000000000000000000000000000000000
00000000000000000000000000000000000000000000000000000000000000000000000000000000000000000000000000000000000000000000000000000000
00000000000000000000000000000000000000000000000000000000000000000000000000000000000000000000000000000000000000000000000000000000
00000000000000000000000000000000000000000000000000000000000000000000000000000000000000000000000000000000000000000000000000000000
00000000000000000000000000000000000000000000000000000000000000000000000000000000000000000000000000000000000000000000000000000000
00000000000000000000000000000000000000000000000000000000000000000000000000000000000000000000000000000000000000000000000000000000
00000000000000000000000000000000000000000000000000000000000000000000000000000000000000000000000000000000000000000000000000000000
00000000000000000000000000000000000000000000000000000000000000000000000000000000000000000000000000000000000000000000000000000000
00000000000000000000000000000000000000000000000000000000000000000000000000000000000000000000000000000000000000000000000000000000
00000000000000000000000000000000000000000000000000000000000000000000000000000000000000000000000000000000000000000000000000000000
00000000000000000000000000000000000000000000000000000000000000000000000000000000000000000000000000000000000000000000000000000000
00000000000000000000000000000000000000000000000000000000000000000000000000000000000000000000000000000000000000000000000000000000
00000000000000000000000000000000000000000000000000000000000000000000000000000000000000000000000000000000000000000000000000000000
00000000000000000000000000000000000000000000000000000000000000000000000000000000000000000000000000000000000000000000000000000000
00000000000000000000000000000000000000000000000000000000000000000000000000000000000000000000000000000000000000000000000000000000
00000000000000000000000000000000000000000000000000000000000000000000000000000000000000000000000000000000000000000000000000000000
00000000000000000000000000000000000000000000000000000000000000000000000000000000000000000000000000000000000000000000000000000000
00000000000000000000000000000000000000000000000000000000000000000000000000000000000000000000000000000000000000000000000000000000
00000000000000000000000000000000000000000000000000000000000000000000000000000000000000000000000000000000000000000000000000000000
00000000000000000000000000000000000000000000000000000000000000000000000000000000000000000000000000000000000000000000000000000000
00000000000000000000000000000000000000000000000000000000000000000000000000000000000000000000000000000000000000000000000000000000
00000000000000000000000000000000000000000000000000000000000000000000000000000000000000000000000000000000000000000000000000000000
00000000000000000000000000000000000000000000000000000000000000000000000000000000000000000000000000000000000000000000000000000000
00000000000000000000000000000000000000000000000000000000000000000000000000000000000000000000000000000000000000000000000000000000
00000000000000000000000000000000000000000000000000000000000000000000000000000000000000000000000000000000000000000000000000000000
00000000000000000000000000000000000000000000000000000000000000000000000000000000000000000000000000000000000000000000000000000000
00000000000000000000000000000000000000000000000000000000000000000000000000000000000000000000000000000000000000000000000000000000
00000000000000000000000000000000000000000000000000000000000000000000000000000000000000000000000000000000000000000000000000000000
00000000000000000000000000000000000000000000000000000000000000000000000000000000000000000000000000000000000000000000000000000000
00000000000000000000000000000000000000000000000000000000000000000000000000000000000000000000000000000000000000000000000000000000
00000000000000000000000000000000000000000000000000000000000000000000000000000000000000000000000000000000000000000000000000000000
00000000000000000000000000000000000000000000000000000000000000000000000000000000000000000000000000000000000000000000000000000000
00000000000000000000000000000000000000000000000000000000000000000000000000000000000000000000000000000000000000000000000000000000
00000000000000000000000000000000000000000000000000000000000000000000000000000000000000000000000000000000000000000000000000000000
00000000000000000000000000000000000000000000000000000000000000000000000000000000000000000000000000000000000000000000000000000000
00000000000000000000000000000000000000000000000000000000000000000000000000000000000000000000000000000000000000000000000000000000
00000000000000000000000000000000000000000000000000000000000000000000000000000000000000000000000000000000000000000000000000000000
00000000000000000000000000000000000000000000000000000000000000000000000000000000000000000000000000000000000000000000000000000000
00000000000000000000000000000000000000000000000000000000000000000000000000000000000000000000000000000000000000000000000000000000
00000000000000000000000000000000000000000000000000000000000000000000000000000000000000000000000000000000000000000000000000000000
00000000000000000000000000000000000000000000000000000000000000000000000000000000000000000000000000000000000000000000000000000000
00000000000000000000000000000000000000000000000000000000000000000000000000000000000000000000000000000000000000000000000000000000
00000000000000000000000000000000000000000000000000000000000000000000000000000000000000000000000000000000000000000000000000000000
00000000000000000000000000000000000000000000000000000000000000000000000000000000000000000000000000000000000000000000000000000000
00000000000000000000000000000000000000000000000000000000000000000000000000000000000000000000000000000000000000000000000000000000
00000000000000000000000000000000000000000000000000000000000000000000000000000000000000000000000000000000000000000000000000000000
00000000000000000000000000000000000000000000000000000000000000000000000000000000000000000000000000000000000000000000000000000000
00000000000000000000000000000000000000000000000000000000000000000000000000000000000000000000000000000000000000000000000000000000
00000000000000000000000000000000000000000000000000000000000000000000000000000000000000000000000000000000000000000000000000000000
00000000000000000000000000000000000000000000000000000000000000000000000000000000000000000000000000000000000000000000000000000000
00000000000000000000000000000000000000000000000000000000000000000000000000000000000000000000000000000000000000000000000000000000
00000000000000000000000000000000000000000000000000000000000000000000000000000000000000000000000000000000000000000000000000000000
00000000000000000000000000000000000000000000000000000000000000000000000000000000000000000000000000000000000000000000000000000000
00000000000000000000000000000000000000000000000000000000000000000000000000000000000000000000000000000000000000000000000000000000
00000000000000000000000000000000000000000000000000000000000000000000000000000000000000000000000000000000000000000000000000000000
00000000000000000000000000000000000000000000000000000000000000000000000000000000000000000000000000000000000000000000000000000000
00000000000000000000000000000000000000000000000000000000000000000000000000000000000000000000000000000000000000000000000000000000
00000000000000000000000000000000000000000000000000000000000000000000000000000000000000000000000000000000000000000000000000000000
00000000000000000000000000000000000000000000000000000000000000000000000000000000000000000000000000000000000000000000000000000000
00000000000000000000000000000000000000000000000000000000000000000000000000000000000000000000000000000000000000000000000000000000
00000000000000000000000000000000000000000000000000000000000000000000000000000000000000000000000000000000000000000000000000000000
00000000000000000000000000000000000000000000000000000000000000000000000000000000000000000000000000000000000000000000000000000000
00000000000000000000000000000000000000000000000000000000000000000000000000000000000000000000000000000000000000000000000000000000
00000000000000000000000000000000000000000000000000000000000000000000000000000000000000000000000000000000000000000000000000000000
00000000000000000000000000000000000000000000000000000000000000000000000000000000000000000000000000000000000000000000000000000000
00000000000000000000000000000000000000000000000000000000000000000000000000000000000000000000000000000000000000000000000000000000
00000000000000000000000000000000000000000000000000000000000000000000000000000000000000000000000000000000000000000000000000000000
00000000000000000000000000000000000000000000000000000000000000000000000000000000000000000000000000000000000000000000000000000000
00000000000000000000000000000000000000000000000000000000000000000000000000000000000000000000000000000000000000000000000000000000
00000000000000000000000000000000000000000000000000000000000000000000000000000000000000000000000000000000000000000000000000000000
00000000000000000000000000000000000000000000000000000000000000000000000000000000000000000000000000000000000000000000000000000000
00000000000000000000000000000000000000000000000000000000000000000000000000000000000000000000000000000000000000000000000000000000
00000000000000000000000000000000000000000000000000000000000000000000000000000000000000000000000000000000000000000000000000000000
00000000000000000000000000000000000000000000000000000000000000000000000000000000000000000000000000000000000000000000000000000000
00000000000000000000000000000000000000000000000000000000000000000000000000000000000000000000000000000000000000000000000000000000
00000000000000000000000000000000000000000000000000000000000000000000000000000000000000000000000000000000000000000000000000000000
00000000000000000000000000000000000000000000000000000000000000000000000000000000000000000000000000000000000000000000000000000000
00000000000000000000000000000000000000000000000000000000000000000000000000000000000000000000000000000000000000000000000000000000
00000000000000000000000000000000000000000000000000000000000000000000000000000000000000000000000000000000000000000000000000000000
00000000000000000000000000000000000000000000000000000000000000000000000000000000000000000000000000000000000000000000000000000000
00000000000000000000000000000000000000000000000000000000000000000000000000000000000000000000000000000000000000000000000000000000
00000000000000000000000000000000000000000000000000000000000000000000000000000000000000000000000000000000000000000000000000000000
00000000000000000000000000000000000000000000000000000000000000000000000000000000000000000000000000000000000000000000000000000000
00000000000000000000000000000000000000000000000000000000000000000000000000000000000000000000000000000000000000000000000000000000
00000000000000000000000000000000000000000000000000000000000000000000000000000000000000000000000000000000000000000000000000000000
00000000000000000000000000000000000000000000000000000000000000000000000000000000000000000000000000000000000000000000000000000000
00000000000000000000000000000000000000000000000000000000000000000000000000000000000000000000000000000000000000000000000000000000
00000000000000000000000000000000000000000000000000000000000000000000000000000000000000000000000000000000000000000000000000000000
00000000000000000000000000000000000000000000000000000000000000000000000000000000000000000000000000000000000000000000000000000000
00000000000000000000000000000000000000000000000000000000000000000000000000000000000000000000000000000000000000000000000000000000
00000000000000000000000000000000000000000000000000000000000000000000000000000000000000000000000000000000000000000000000000000000
00000000000000000000000000000000000000000000000000000000000000000000000000000000000000000000000000000000000000000000000000000000
00000000000000000000000000000000000000000000000000000000000000000000000000000000000000000000000000000000000000000000000000000000
00000000000000000000000000000000000000000000000000000000000000000000000000000000000000000000000000000000000000000000000000000000
00000000000000000000000000000000000000000000000000000000000000000000000000000000000000000000000000000000000000000000000000000000
00000000000000000000000000000000000000000000000000000000000000000000000000000000000000000000000000000000000000000000000000000000
00000000000000000000000000000000000000000000000000000000000000000000000000000000000000000000000000000000000000000000000000000000
00000000000000000000000000000000000000000000000000000000000000000000000000000000000000000000000000000000000000000000000000000000
00000000000000000000000000000000000000000000000000000000000000000000000000000000000000000000000000000000000000000000000000000000
00000000000000000000000000000000000000000000000000000000000000000000000000000000000000000000000000000000000000000000000000000000
00000000000000000000000000000000000000000000000000000000000000000000000000000000000000000000000000000000000000000000000000000000
00000000000000000000000000000000000000000000000000000000000000000000000000000000000000000000000000000000000000000000000000000000
00000000000000000000000000000000000000000000000000000000000000000000000000000000000000000000000000000000000000000000000000000000
00000000000000000000000000000000000000000000000000000000000000000000000000000000000000000000000000000000000000000000000000000000
00000000000000000000000000000000000000000000000000000000000000000000000000000000000000000000000000000000000000000000000000000000
00000000000000000000000000000000000000000000000000000000000000000000000000000000000000000000000000000000000000000000000000000000
00000000000000000000000000000000000000000000000000000000000000000000000000000000000000000000000000000000000000000000000000000000
00000000000000000000000000000000000000000000000000000000000000000000000000000000000000000000000000000000000000000000000000000000
00000000000000000000000000000000000000000000000000000000000000000000000000000000000000000000000000000000000000000000000000000000
00000000000000000000000000000000000000000000000000000000000000000000000000000000000000000000000000000000000000000000000000000000
00000000000000000000000000000000000000000000000000000000000000000000000000000000000000000000000000000000000000000000000000000000
00000000000000000000000000000000000000000000000000000000000000000000000000000000000000000000000000000000000000000000000000000000
00000000000000000000000000000000000000000000000000000000000000000000000000000000000000000000000000000000000000000000000000000000
00000000000000000000000000000000000000000000000000000000000000000000000000000000000000000000000000000000000000000000000000000000
00000000000000000000000000000000000000000000000000000000000000000000000000000000000000000000000000000000000000000000000000000000
00000000000000000000000000000000000000000000000000000000000000000000000000000000000000000000000000000000000000000000000000000000
00000000000000000000000000000000000000000000000000000000000000000000000000000000000000000000000000000000000000000000000000000000
00000000000000000000000000000000000000000000000000000000000000000000000000000000000000000000000000000000000000000000000000000000
00000000000000000000000000000000000000000000000000000000000000000000000000000000000000000000000000000000000000000000000000000000
00000000000000000000000000000000000000000000000000000000000000000000000000000000000000000000000000000000000000000000000000000000
