00010011100001000001000100100000100000110001101100000010000001010101000010000001010000010000001000011101000000100000001000010001
00000100100000000000000001000000000000100001000000000000000000010110001000000001001000100000000000001011000000000010110011010100
00000000100000000110000000000100000110010000000100010000010000000000000010010000011100010001000100010110000000000000001000000010
01000000000001000000001000010000110110110000001100001000010010100000010000000001000000000000010110000000000000000010000010000101
00000000000000000000001000010100000000100000010000011000100110000001000100010000101001000011011000000000000000000000000010110100
00010001001001001101101111000010000100000100000011000001000000100000111010001001000010000100000100001000001101100000100000000000
00000000000000000000000000000000000001111000001010100001010010100100010000110000000001001010000010000011000010000100000000101010
10000000001000000100000010100000000000001100000010001010100000001000000000000010001000001000000000001100010000010000001000000001
00011000001000000100000000001001001000011000011000001001010000000000010100001000100100000010000010000100001001010011010000000000
00000000000001011001000010100000100001000000001010000010110000100100001000101000000000001010000011000000010101000100010000000010
10000010010011001001100110100001000000000010010010001000000010100000001000000100010100001101001000010000000100000110100001000000
00011001010000000000010000001010000101101000010101100110100010000000000101100101000001011001001000000010101000011001000001000000
00100000000000001001000010010001100111100000000101101100000110000100000010000010011100000001001001000110000010000100000100010000
00000000000000000000000000000000000000100010010000100100100001000000000000001000010001000101000000001100000000000001001100001000
00101000001010001010000000001010001100000110001000000110000001110010000000000000001110010000100010010100100111011101000000000110
00000010000100010000001010100100010000101000110101001010110000000000000000000110000000100001001000001110111000100100001100001001
10000011000001001000000000000010000100000000100011100110100000010001000000001001001000100010010100000000000000000000110100010100
10000001100000010000100000000000000100001000011100011000001010101000001011000000000000000100000101010000000001000000000001000000
10010000001100010001111010000011011001100100001000011010000100000111010001001010001001000101000000100010000000000001000110010100
00010000000001000001000000010100100011000101101000100100000000010001000011010001000000010000101000000001010001000100000000000010
00000000000000000000000000000000000100101001000010000100000010000010110100000100100000001000100000000000000100000100100000100000
00000101010011010000000100000010001011000100000000100000001001000001100000100001000010000000100010001000100110000000000000000000
01010000010000001100000011000000001100000110001011100000010001001000010010000000000000100010001000010100110000010110100000000000
00010000101101000000001000110101000100000000001000011000000001010000101000010001010001000001110000010001110000100010001000101000
10000100001000101000000000001000001000001110000000000000000111000010001011000000000100100000000010000111001101011000001000100000
00000101010110010010000000000000100000000100110010000010000100000001011001100000000000000000110001000010000000000000000100000000
00111000001001101000011100000000011000110101000000001000111110000000100000001101000100001000011000100011001010011010000100000100
00000000000000000000000000000000100001100001000001101010010001010010000000000001000001001011100100000100001000001001000001001100
01100110010000010000001001100111000101101010001100011110010000001000000000000010001010000000001101000000000000000000100010010110
00001001000101001111000001110100000010010011011000000001100000000010111000101110100000011000010000000101010001011001001100110110
00000001010010110000001000011011000001011010001000010010000000001100001000000000001000001000010000001010000110001011010100010000
01100001001000011000000100000010000010000000010010000011000000000010100000101000001110100110000000000000011000100000001000000000
00001000000000000010110101101000000000100001010001010000000000010000001000000000001000010011000000010000000001100010011001000000
00000000000000010100000000110101011000111000000001100011010000000110000000000001000000100000000100010000100010000010001000100000
00000000000000000000000000000000011110101001001001010000000001010100000001000000010010011010000000000100001000010001101000010000
01000100010000000011010000000000000010001010100000100001100000000010010111000010000010000001000100100000000010000000001000101100
11000010000001000010000001010001100010000010110110000100000000010010000000010001000000000000001000000000000010010001000110001000
00000101100000100000000000100000000001000000000000101001100000000010000001000100000100001100010000001110000000100010000000000000
00001111010100000010100101001000001000001000000001100000000000000001001001100001000100000000001000110110001100000100000000000000
10000010000011000010000010010000000000000000000000001100000000010000101000100010000010000000001000000010010000000101010001011001
10000101000001100000100100100100001110100010000001100100011000000000000000001011010000101000000001000000000000010000010000000001
00000000000000000000000000000000010000100000000010101011000001010010000100011010001001010111000000000000000010001100110001000000
01000010010000010000000000000000001000011000000010001010000001000001110101100001010100000000000000000000101000001000001010000001
00000010101001000011010101001001110000011000000011000000000001000000110000101001010000001100000000100010000000001010000000001010
00000000000000001000110010110000100010000000000000100001001001010000010000001010000010010000000010001010000000000100000100000000
00000101100000001101010011000010010000010100000000110101000010000100000011100100000010010000011000000000000000000000000000000000
01000101000000010000100000100000000000000001000010110000000000100000010100010000000000100001000000000000000011000100000101110000
00000001001100001100111010110110100110100000000000001001100000000010111100100000000000000010101001000000001000000000100001010000
00000000000000000000000000000000100101000000000111000010011011001000100000011001000010010000100001000100010001100100101000000000
00010000001010100000001011110000100000010001010001000000101011000000000011001000100000001001101000100001010110001100000100000000
00000001000000100000000000110100000100000100011000000001110001001000000000000000001100100000000110000000000100001110101001000000
10111001010000001000000101010000010001000100001000001101000010000000010000000010000000001101110001000010010010001010100100000010
00011101000011001011001100000010000000100000110000101001001001000111000000000100001110000000000001011100010100010000010010010110
00010000010010001000001001010000000100011000000000000010001000110000000000110000000001001110001001100100001001010000101000010101
01100000100000100110001011001000001001000001000110110001000010010100000010101000011000000110001001000000100101000001000000000010
00000000000000000000000000000000010010111001001001000000000000010010010100001100000001000000010100110010000100110001011000000110
00000000011111000000000001000100101011100010000001000001000100010000011000000000010000001000001000000111000000100100100100011000
00001000000000000000100001001000000000100000100000100101000000000000000001110010000000000000110000010000000100000001000000111010
01101101011100011100000100010001100010100101000001110000000100000000010010000001000100000000110000000011000100100000000000000010
00000010000010010000000000110000100010000100110100000000110010001000010111000001000100000000000000010100000000000001111110011000
10000001000101010100000110101000001000001000100010100110011100000000010010000110100010000010100110010111100001011101000000000010
00001110110100100010010001000110000000100101000001010000110001000010000000000101100000110110010010000010000100010011000100001110
00000000000000000000000000000000010001011000001000011001001101010001000000100000100001000000110000000000110000001000000000110100
10000000010001001010000000010100010000000000000100010001101000001000000010000011000010100000101000100000000000000000100000110100
01000010001001110010001000001010110010010110000000000100000000001000100100000000000010100000101100000010000000000000000010001001
11000000010101000000000000100001001111100100101010000001000111110000001001000000000101000000100000000000000000001000110000000000
00000100000111000100001000001000110000010100110000000100010010010101110000010110110100010100000000000000000001100100011100010001
00101111000100101101001000010000001000000000000000100000100001011000001100000110001000100100100110000001001000010000110000100001
00001000000001100110000000000000000000010010101001000110010010000000010010000000010000001100011000000100001011100000000100000000
00000000000000000000000000000000001000010010011010110000011000100000010110000000001000000101010000101000011000101010100110000000
00000100000000100000010010110000010000000010000100001000111100000111000001010000101100000011010001000010010011000000010010000100
01100000000001000001001110000111000000101001001011000000000000000011110100010100000010010010011000100001111000010111000100000000
00001000000100010100000000000010000000101100010000000010000010000000000000000000110100000010001001001011001000100000000000100110
10100000001000010000000010010000000110000110000000000100000001000000001110011001001100000010000000100000000000100000000010100000
00100100010000010000000000000010000010000100001100001000000011010000000101000000100000100000010001010011000011000000100010100100
00001000100101010010000001010000001010000001000110000001001100111000000010110101100000000011111000100100110000000000100000110100
00000000000000000000000000000000111000000000010000111001000000010000001001001100010000000000110000010010100010000000000000101000
11100001001000100001110000000100010000111000000000000000101000010000101001000101000100101110001001000001000010000000001000001110
00011110100000000010010000101000011000010000000011001100000100001001000000000010000000000010110011010000001100000000100100010000
10010000000000001111000000010001000010100000000000000000111000011000100010010000010000000110000110000011001010100000000100011000
10000101010010000100100000100000000001000000000101000010000001000001000000011000000000000000000000010100010100100000000001100101
01101000100000000000000000001001000000100000001000000001100010000100111101001001011101011001001000010000010011001100000100000100
10011100001110000000000100000010010000000100000000001011001110000000010000010000010000000110000100010110000000010000000000001000
00000000000000000000000000000000000011000010100000000001010000001110000000000011101010000100000100100000001101010000000110000001
00000000011001000000100000110000000010000001010000000011000000000101000000010000010001001000000101000000011000110101000010000000
00001000001010000001001011110000010000000001000110000000000001000100000110000000110000100100010100110010100000101010001011010001
00110000010001000101000000000000000000010000100011000000010100100101110100100000000000100000100000001001100001000001000100100000
00011010000000000000000000011000101011000010000000000100000111010101001100000100010010000011000000000100000000100100001010000100
10010010000000101000000000100110100000000010000000000101000000010011000100000101000000010000100100010001101000000000100000000110
00001100010101011010101001101000010000000010011101001010110000010001000001001100100010101101000000000000001110011000000000001001
00000000000000000000000000000000000000000010100001100000000110000000000000100010000110100000000010000000001000000000001100010000
10001001000011100000100000000100000001000000011010001100001010110001101000110000000011000110000000000000100001000110000000010000
00100010000000010000000000010000000111010100000001010000010000100000001110000001000100000100000010110100000000010000001010100100
11000001001000000000000000000010100000000000000001000000000000000100110011011011000000000000010010000110001000000101000010001101
01110110010101000000000001000011011000010000101010000000000000011001100011110000100010000010000000010001010001001010010010010101
01000001000001011100000110000000111011000010000010100011001011010111011001000110001101010010101010010001000000100000000001000000
00100100000001000101000100001010010101100101000000000000000001001001000000010000011000000100000000000010000000000110000001001000
00000000000000000000000000000000110000000100000000010010111000000000001100100100000100010000000100100011111110100011000000000010
10010010000001011100100000000001010000001000000000000101001001010011010001000000001100100000001101011000001110110010000000001000
10001010100001010101000001001000001000110101000000001010001000110000110110100000011010110000010000000000110010000000110100010100
10000000000010100010000000010000001000000000110010000001001000000010100100010001000011000001100100100000000010000000100000000000
00101000000011100010010001100001010000001000110010101001100000101000000010000000000000000010010001000000110000000000000011010000
00001111111100010110000010100001001010010010000100100000000111011001101100100001000000001100100000010000010110000010000101000000
00000010100000100100000100000010000000000001000000001010111001011000110001100000000000000000100000000101000010001010000100010100
00000000000000000000000000000000001010001101000000000000010000001000010001000000100001001001100000010011010111010001000001000000
00000010011101111001010100001010001000001000110100010010001100001000010000000000011000010110000000101000000000010100000000101001
00000001000010000001000100011011110000001100011000010110100000001001000001110001001100000001000000000101000010100001100110100000
00000011000010000001001010010100000100100000000010001000000001000010010101000010001111110000001001000000010000110000000000000010
00010101000000110000000000000000100000001000011001001000000001100001011001000000000110000000110011001100000000000100100001010000
00000110010100100110100100000011000010001000000100000010000000011001001000110100000000010100000001000000100111111100010100010011
01000000010110110000000000111100000011000000000010000000010001100010100000110001110000100000000000011100010000000100101000010010
00000000000000000000000000000000001000010000010001000111000010000110001000110011001000100110000000010001000000001001111000001000
00000000001100000100011000000001000010000000100001000000010101000000000011101011000000100000011000000110000100100000010000000001
00000000111100010010000000000000000100011111000000000110000110000011000000000000101000000010001011000010000000010101000000010000
00001111000000010100101100010010000001010100001100010000010000000000000000000001000000001101100001000101000010101000000001000010
10110001001001010010000001001100101000100101000000000000000100100001100000100010010000110010010010000010000110000000110000001000
11001100000000011000111110100000100000000010010010000100001110000100000000110010001010111000000101110000100100010101011101000001
00101000000100110000010001100100100110100001001010000000000000000000000000001000000001000001100010001011000110001100000000000001
00000000000000000000000000000000100000000000111000011110000000000100010000001010000000110000000000011011010010001101000001000101
01000001011000100010000000000000100001001001000000101110001100001011000000000001001001010010101000000010010110100110001110100011
00001010001000000000000000000000000000000001110000100010010011000001001000101001000001100000000110010101010000010000000001100001
00000110000000000010010000100110110000000000010000010100100001100001100100000101010001001001100001001100100100101010001100000000
00000001000100010000111010000000001000000001001000000000000000110000000000100010000000010000100000000000100100100000001000100011
11000010100000011101001100000000010011000000100001010000010001000000001111000000010001000000000001000001000000000100101010000000
01000100101110001000001100001001000100001001010000000000100000100100000010000100000000000000110010000000011011010100001011000000
00000000000000000000000000000000001010100000000100111000100101000010010000000000000100000100010010010100011010010000000100000011
00100000000000001101000000000100000010100100000000001010110000000000000100001010110000001000011100100001101000000010000010000100
00100010011010010001001000000000000000100101010100001000000000101000000000010010000000111010001001000010000001100101100100100001
00001101100011011001000000010000010001000000000100000000000010110100000000000101001000000010011000000101101000000001100001010011
00100000100010000000000011000000000000010001100001000000010000100000111000001000000001000000100000100010100000000000010100001110
01010010010010010000100011010010010010011000101100000000000011000110000000000001010000101010010001101010001000000010000000010001
00000100100000100000000001000011010000110010110000001100000000101000111001000110110011100010001001001000011100100010010000001000
00000000000000000000000000000000110001000000000001000010100100000000010110000110010100000010001000010100101100000001100000001000
00110101001000000000100000001100100000000010000100100000000001000000010010001011000001010000011110000100100000000001010010000100
00100010000000000110001000000100001010100000000000001000000010001010010000000010000001110001000000101000001110010000000000000110
10010110000000110100000010000000001010000110111000010100000001100101000000100010010001010000000000000000000000110000110000000000
10000000000001000110000010110000000110000101010001001101000011000000011010000000010000001001100001000000000000011000010000100101
00001101010010001000100010000100000010001000010011000100000001000110000100001010010000000000001000000000101100100010000100001011
01010000110110000110000011000000001000110010010100100100000110001011111000000000000011000010110000000000001011000010000000000000
00000000000000000000000000000000001010000000000000001000010000100001000000000101000000110000101100101100000010011000001000000010
00000100000000100000001001000000000000000010001110000000000011100011000000000011010000000000100010000100000000110110000010001000
10000000000001100100100100000101011000000000000100000100101000010110000000000000000100100110010000000000000001010010000000100001
00010100001000001001111000001000010100101000110000011000011001011010000001000001011100001011000000101100000000000000000000000101
11000000010101000001001010010100000010100000001010011001000100001000000000100001100100101000100001100010011000000010101000011000
10011101111011000011000111110100100001011001000110100000000000110110101000100000000001100000000010000000000010010000001101001010
10000100010000000010001010100010111000100000100000001000011101000000001010010000100000101011010100010000111000000101000000000100
00000000000000000000000000000000010001000010100010011000110001011000011000000010110010000110011000001100100100110001111000001000
01000000001010001000010100111101100000100000000010000000100000100011011110001000001000010011010010100000110000000001000110000000
00000010001010011001010100001010001011010000100000000001000110010000000011000001100000100010000101001100000000100010000000000000
10100010000001001000100100000001110001010100000010101001000010010000100001010000010110000000110001000010101010000010010000110000
01000000101100000000000001000010000111000001100011001110011001000000100101100001100000000000000100001010100000111011000011000001
00000001000010101000001010000010000000010110010100101000001000000010000011100100000010000010000100100010001000000000000000000000
11000011000000010001000000000100000011110000100000000011110000100100000000100000001110000100010000000000001110000101010001000000
00000000000000000000000000000000001110010000110000000101000010000000001000010001000000000001010010000001000000100000001111011000
10000101110000000100101110100010011000101101000000001001000111110100100010110100000000000000110100000101110001100001010000000000
00011010000000110000111000101010011000000000011100000001000010000000000001100000001001000000000100000100010000010010100100000000
10001010100010000101010001000000000000000000110101100011000000010010100010000010001001000100000000100000000000101001000000100001
11011000011000110100000110100000100000001000001010100001000101000100001000000000010000000001000011110000010000100010011000000000
00000010001000000010000000100100000100100000000010001000100000001101000000111000000001100000001111010100100000000011010010001000
00010000000100100100010100010000000110000001000001001000000000001010010101100000010010000001001000000000100001100000101000000000
00000000000000000000000000000000000000001001010001000001000000011010000000010000110000100001001011100100100101010100000110001000
00001000010101010001010000000000000000100000000110000101100100001011000000001010101000100001000010100000010000000010000110101010
01000001100001001000001000000000010000000000001000000110010100000000011111100000000000110000100100001000101011001011010100000110
01001000000001100000001000011010010001010101100110000000101000100000000100000100100010001000111000011000110100000001100001001001
00000010000100001101000010010000100010000011000000001100000001000000101000000111111100100010010000000000100010000000100010100110
01010000001000100010000100101000010010100110100000000011110010100010010100110011010100101000000100010101011111101000010100001000
01001000000101000000000000001000011000000000001010110000100000000000001001000000000001110000000000000000000001010011000000001001
00000000000000000000000000000000011100001100010000000000000011100010100110000001000011011000000011100101000000010100010110000000
00100010010100100000000100100010000000010100001000100001000000000001010000000011110100100101010110100010000001000011001000000100
01000100110000000000011010110010000110100001010000001000110101000100000000010000000000100100000010000000000000001010000001100110
01100001001100001000100000011000110010011001001100111010000100000000000010000000010001010011000000100110100000001000001010100000
00000000000101000110100100000001000101000000000100010010000001000100000101110000010010010000100001100100001010111010011000001010
00000001001000000011001000001100010000010110100000100000010000000100101100001011000000001101000000000001101001000100000000110010
00000100011100000000010000000100001111110001100010010010000000000000000000110010000000000000010101000100010100000000000100000001
00000000000000000000000000000000000011001101011001100010100000100011110010000001000000010000111100000110000011001011110100011000
10000000000110000000010000100100000001001001110000100011000001000000000001100110001000001001000000100011000000010001001011010011
01100110001001100100000001001110100000100000100000111100100000010100000000001000001000000010000000101000100001000001000101010100
00011000001000011110100000111101010011010000000101011000101000011110000110100110001000010001100000000000101100000010100010000000
00001000000010000011000100000000000100010101110010011000000000001000000000000000100001000010001011000110100101000000000000000100
00100001000000010000000100001000000011010011100001100101110000001000000000110100001000000100100000000001100000010000001000001010
00000011100000101000000011000001000000100000110100111001100001000000001100001101001000001001000001001010000011000000000010100111
00000000000000000000000000000000000010000000100001000000010000011000100000000000110110000100000010110000110100000010010011011100
10000010000100000000100010000001000000101000100000000100000010101000000001010100011001001000010110001000010000000000010010000111
01010100000000100100001100101000010000101000110011000000101000010100001000000100011100000000001000000000001100001000010000000010
00100000100000000100000111000000111000000101000111000000000101001000000000010010100001000011110000000100000110000110101000010000
01001010100101000000001000110100000001000101011010000000110000000100000001001000011000100000100000001100000010000001101000000010
00010001001000010011000000101000100110110110000010000000101000100000001001000101010100010100001000100010010000110100010000100110
11010001100000001010001001100000000000001010100000000000010000010010000000001000101010000010001000001000011000001010000001110000
00000000000000000000000000000000000000000000000000101100010000000011000100000010000010000100001000011001000000001000010000001000
01101000010001010010000000000011010001000011001001000010110000000010000010000011101010000000000100000000010000000110000110001001
00101001011110000100000000010000101001000001011000001001000000001000110010000001100000000100111011010100001000100000000000000000
00110010000000001000000010010000100000000000001000010000000001000000000100001001011100001000100000100110100000110000111000001000
10000001010101000100001100000100000001000100000000000100001000000000000010100000011010010010001000110000000101000010010000100010
01001010001100000000100110101000000001000001100000000001000001000100011010010000010100101100000010001000110001010001000000010010
10001000000000000001000110000100001000100000101010101100001100010100100001000010000000010000100001000110101000010000001001110000
00000000000000000000000000000000000110000000101010100000000001000000110000001000000100100000010001101100000000000010000100000000
01101000001000111000100101100000000001110010000110010000001110000000000010010100011001010010000000000100001000000010001000000010
00010100000000000010101110010000000010010100000000000101000000000000101000000000100010000001000010000000000001000000001000001000
10000000001010010000000011000000000001000001100011101001100110000000100011001000010000000101000110000000011110101100000001000000
00000000010101000100010100000000001101000000011000000000000010000111100000100001000001001001100001000101100100001000000100010000
00000100100100011000100000110010100100011000010100010000110100010111000110000001000001010010110000100000010010001100101100111000
00001010000000000011011101101010010001110001000000010011110000000000100100010000010000010001101001000000010000000011010010000000
00000000000000000000000000000000001110010000001001010000010100011010110010110000100010010010100000000001001000101111100000000110
00101000000110000100010100101000111100001001000010000010000100100000010000010101100010010001000000010110000000000000000000000100
00000000000001111000000100100000001000000010101100010100001000000000000000000100000001100000000000000000010000000010001100000010
00000010000000100000000001000000000010010111000100100011011000000101100000000000100010000001100000011000001000110111001100000100
00001100100101111010000000010110111010100110000110100000000000100010000110000011000101111010000000000010001101000000000100010000
00000100100000001000100100010101000000011000000000000000011001000000111100000000000001100000000100100001000110000000100001000000
01010001001100000011011100101000001001000000100010001010001010010000101000011001010001011110000001010111000100001010001100101000
00000000000000000000000000000000001110001000100100000101100000000110000010000100101111111000000100001100111000100010010000000100
00001000001000000000100000000100000000101100110101100111000001000000101100000100000000000000001000110000001101000000000000110001
00100000100101110011000010100000000001000001000000001010010000001000000000000000111100000000010000001011000000000100110100001011
01011000000100110000001001001001001010000001010100000000000000100110001001111000000010000000000100000000000010110000100100100000
00110001100101100010001000000000001011101000000110100100000001011000001000010100000001000000100100000010100000100010001001101101
00010000010000101011110000011000000011011010000101001001100000000101000111000000000001000101000000000011100000001000000011000001
00000001000001000001001101000110000000000101000000001001000000000100000010000100100100000001001000001011000010010000000000011000
00000000000000000000000000000000011110100000001101000000001001010000010110100100000001000000000100001010010011101100101100100000
01010001010000000010100001000000000010011010010000010000000000100001110110000000000010010010100100010001001110100000000001000101
00000000001001100000000010011001100000000001110000100100000100000000010000001001100100000000000000001000101000100010100000010011
10000001000000000110000100100000000000100100000000100000111000001011001000001011011010000000001000010000001001100100010010000000
00011100100001110101000110101011010000101000100010100000000001010000000000000000100001010000101100100100000001101000100010000000
00100000101000000001001000000011000011000010001000011100011000000000010000111010100110000000000000000101000101110011010010010000
10010011000000010000011000000010100000000000000100100000101010000000000000100100001010001100000011001000101100001001000001100100
00000000000000000000000000000000010000000000000000100010100110100000101010100100000000000000001001110110000000001000100100001001
00000000000000000000000000000000000000000000000000000000000000000000000000000000000000000000000000000000000000000000000000000000
00000000000000000000000000000000000000000000000000000000000000000000000000000000000000000000000000000000000000000000000000000000
00000000000000000000000000000000000000000000000000000000000000000000000000000000000000000000000000000000000000000000000000000000
00000000000000000000000000000000000000000000000000000000000000000000000000000000000000000000000000000000000000000000000000000000
00000000000000000000000000000000000000000000000000000000000000000000000000000000000000000000000000000000000000000000000000000000
00000000000000000000000000000000000000000000000000000000000000000000000000000000000000000000000000000000000000000000000000000000
00000000000000000000000000000000000000000000000000000000000000000000000000000000000000000000000000000000000000000000000000000000
00000000000000000000000000000000000000000000000000000000000000000000000000000000000000000000000000000000000000000000000000000000
00000000000000000000000000000000000000000000000000000000000000000000000000000000000000000000000000000000000000000000000000000000
00000000000000000000000000000000000000000000000000000000000000000000000000000000000000000000000000000000000000000000000000000000
00000000000000000000000000000000000000000000000000000000000000000000000000000000000000000000000000000000000000000000000000000000
00000000000000000000000000000000000000000000000000000000000000000000000000000000000000000000000000000000000000000000000000000000
00000000000000000000000000000000000000000000000000000000000000000000000000000000000000000000000000000000000000000000000000000000
00000000000000000000000000000000000000000000000000000000000000000000000000000000000000000000000000000000000000000000000000000000
00000000000000000000000000000000000000000000000000000000000000000000000000000000000000000000000000000000000000000000000000000000
00000000000000000000000000000000000000000000000000000000000000000000000000000000000000000000000000000000000000000000000000000000
00000000000000000000000000000000000000000000000000000000000000000000000000000000000000000000000000000000000000000000000000000000
00000000000000000000000000000000000000000000000000000000000000000000000000000000000000000000000000000000000000000000000000000000
00000000000000000000000000000000000000000000000000000000000000000000000000000000000000000000000000000000000000000000000000000000
00000000000000000000000000000000000000000000000000000000000000000000000000000000000000000000000000000000000000000000000000000000
00000000000000000000000000000000000000000000000000000000000000000000000000000000000000000000000000000000000000000000000000000000
00000000000000000000000000000000000000000000000000000000000000000000000000000000000000000000000000000000000000000000000000000000
00000000000000000000000000000000000000000000000000000000000000000000000000000000000000000000000000000000000000000000000000000000
00000000000000000000000000000000000000000000000000000000000000000000000000000000000000000000000000000000000000000000000000000000
00000000000000000000000000000000000000000000000000000000000000000000000000000000000000000000000000000000000000000000000000000000
00000000000000000000000000000000000000000000000000000000000000000000000000000000000000000000000000000000000000000000000000000000
00000000000000000000000000000000000000000000000000000000000000000000000000000000000000000000000000000000000000000000000000000000
00000000000000000000000000000000000000000000000000000000000000000000000000000000000000000000000000000000000000000000000000000000
00000000000000000000000000000000000000000000000000000000000000000000000000000000000000000000000000000000000000000000000000000000
00000000000000000000000000000000000000000000000000000000000000000000000000000000000000000000000000000000000000000000000000000000
00000000000000000000000000000000000000000000000000000000000000000000000000000000000000000000000000000000000000000000000000000000
00000000000000000000000000000000000000000000000000000000000000000000000000000000000000000000000000000000000000000000000000000000
00000000000000000000000000000000000000000000000000000000000000000000000000000000000000000000000000000000000000000000000000000000
00000000000000000000000000000000000000000000000000000000000000000000000000000000000000000000000000000000000000000000000000000000
00000000000000000000000000000000000000000000000000000000000000000000000000000000000000000000000000000000000000000000000000000000
00000000000000000000000000000000000000000000000000000000000000000000000000000000000000000000000000000000000000000000000000000000
00000000000000000000000000000000000000000000000000000000000000000000000000000000000000000000000000000000000000000000000000000000
00000000000000000000000000000000000000000000000000000000000000000000000000000000000000000000000000000000000000000000000000000000
00000000000000000000000000000000000000000000000000000000000000000000000000000000000000000000000000000000000000000000000000000000
00000000000000000000000000000000000000000000000000000000000000000000000000000000000000000000000000000000000000000000000000000000
00000000000000000000000000000000000000000000000000000000000000000000000000000000000000000000000000000000000000000000000000000000
00000000000000000000000000000000000000000000000000000000000000000000000000000000000000000000000000000000000000000000000000000000
00000000000000000000000000000000000000000000000000000000000000000000000000000000000000000000000000000000000000000000000000000000
00000000000000000000000000000000000000000000000000000000000000000000000000000000000000000000000000000000000000000000000000000000
00000000000000000000000000000000000000000000000000000000000000000000000000000000000000000000000000000000000000000000000000000000
00000000000000000000000000000000000000000000000000000000000000000000000000000000000000000000000000000000000000000000000000000000
00000000000000000000000000000000000000000000000000000000000000000000000000000000000000000000000000000000000000000000000000000000
00000000000000000000000000000000000000000000000000000000000000000000000000000000000000000000000000000000000000000000000000000000
00000000000000000000000000000000000000000000000000000000000000000000000000000000000000000000000000000000000000000000000000000000
00000000000000000000000000000000000000000000000000000000000000000000000000000000000000000000000000000000000000000000000000000000
00000000000000000000000000000000000000000000000000000000000000000000000000000000000000000000000000000000000000000000000000000000
00000000000000000000000000000000000000000000000000000000000000000000000000000000000000000000000000000000000000000000000000000000
00000000000000000000000000000000000000000000000000000000000000000000000000000000000000000000000000000000000000000000000000000000
00000000000000000000000000000000000000000000000000000000000000000000000000000000000000000000000000000000000000000000000000000000
00000000000000000000000000000000000000000000000000000000000000000000000000000000000000000000000000000000000000000000000000000000
00000000000000000000000000000000000000000000000000000000000000000000000000000000000000000000000000000000000000000000000000000000
00000000000000000000000000000000000000000000000000000000000000000000000000000000000000000000000000000000000000000000000000000000
00000000000000000000000000000000000000000000000000000000000000000000000000000000000000000000000000000000000000000000000000000000
00000000000000000000000000000000000000000000000000000000000000000000000000000000000000000000000000000000000000000000000000000000
00000000000000000000000000000000000000000000000000000000000000000000000000000000000000000000000000000000000000000000000000000000
00000000000000000000000000000000000000000000000000000000000000000000000000000000000000000000000000000000000000000000000000000000
00000000000000000000000000000000000000000000000000000000000000000000000000000000000000000000000000000000000000000000000000000000
00000000000000000000000000000000000000000000000000000000000000000000000000000000000000000000000000000000000000000000000000000000
00000000000000000000000000000000000000000000000000000000000000000000000000000000000000000000000000000000000000000000000000000000
00000000000000000000000000000000000000000000000000000000000000000000000000000000000000000000000000000000000000000000000000000000
00000000000000000000000000000000000000000000000000000000000000000000000000000000000000000000000000000000000000000000000000000000
00000000000000000000000000000000000000000000000000000000000000000000000000000000000000000000000000000000000000000000000000000000
00000000000000000000000000000000000000000000000000000000000000000000000000000000000000000000000000000000000000000000000000000000
00000000000000000000000000000000000000000000000000000000000000000000000000000000000000000000000000000000000000000000000000000000
00000000000000000000000000000000000000000000000000000000000000000000000000000000000000000000000000000000000000000000000000000000
00000000000000000000000000000000000000000000000000000000000000000000000000000000000000000000000000000000000000000000000000000000
00000000000000000000000000000000000000000000000000000000000000000000000000000000000000000000000000000000000000000000000000000000
00000000000000000000000000000000000000000000000000000000000000000000000000000000000000000000000000000000000000000000000000000000
00000000000000000000000000000000000000000000000000000000000000000000000000000000000000000000000000000000000000000000000000000000
00000000000000000000000000000000000000000000000000000000000000000000000000000000000000000000000000000000000000000000000000000000
00000000000000000000000000000000000000000000000000000000000000000000000000000000000000000000000000000000000000000000000000000000
00000000000000000000000000000000000000000000000000000000000000000000000000000000000000000000000000000000000000000000000000000000
00000000000000000000000000000000000000000000000000000000000000000000000000000000000000000000000000000000000000000000000000000000
00000000000000000000000000000000000000000000000000000000000000000000000000000000000000000000000000000000000000000000000000000000
00000000000000000000000000000000000000000000000000000000000000000000000000000000000000000000000000000000000000000000000000000000
00000000000000000000000000000000000000000000000000000000000000000000000000000000000000000000000000000000000000000000000000000000
00000000000000000000000000000000000000000000000000000000000000000000000000000000000000000000000000000000000000000000000000000000
00000000000000000000000000000000000000000000000000000000000000000000000000000000000000000000000000000000000000000000000000000000
00000000000000000000000000000000000000000000000000000000000000000000000000000000000000000000000000000000000000000000000000000000
00000000000000000000000000000000000000000000000000000000000000000000000000000000000000000000000000000000000000000000000000000000
00000000000000000000000000000000000000000000000000000000000000000000000000000000000000000000000000000000000000000000000000000000
00000000000000000000000000000000000000000000000000000000000000000000000000000000000000000000000000000000000000000000000000000000
00000000000000000000000000000000000000000000000000000000000000000000000000000000000000000000000000000000000000000000000000000000
00000000000000000000000000000000000000000000000000000000000000000000000000000000000000000000000000000000000000000000000000000000
00000000000000000000000000000000000000000000000000000000000000000000000000000000000000000000000000000000000000000000000000000000
00000000000000000000000000000000000000000000000000000000000000000000000000000000000000000000000000000000000000000000000000000000
00000000000000000000000000000000000000000000000000000000000000000000000000000000000000000000000000000000000000000000000000000000
00000000000000000000000000000000000000000000000000000000000000000000000000000000000000000000000000000000000000000000000000000000
00000000000000000000000000000000000000000000000000000000000000000000000000000000000000000000000000000000000000000000000000000000
00000000000000000000000000000000000000000000000000000000000000000000000000000000000000000000000000000000000000000000000000000000
00000000000000000000000000000000000000000000000000000000000000000000000000000000000000000000000000000000000000000000000000000000
00000000000000000000000000000000000000000000000000000000000000000000000000000000000000000000000000000000000000000000000000000000
00000000000000000000000000000000000000000000000000000000000000000000000000000000000000000000000000000000000000000000000000000000
00000000000000000000000000000000000000000000000000000000000000000000000000000000000000000000000000000000000000000000000000000000
00000000000000000000000000000000000000000000000000000000000000000000000000000000000000000000000000000000000000000000000000000000
00000000000000000000000000000000000000000000000000000000000000000000000000000000000000000000000000000000000000000000000000000000
00000000000000000000000000000000000000000000000000000000000000000000000000000000000000000000000000000000000000000000000000000000
00000000000000000000000000000000000000000000000000000000000000000000000000000000000000000000000000000000000000000000000000000000
00000000000000000000000000000000000000000000000000000000000000000000000000000000000000000000000000000000000000000000000000000000
00000000000000000000000000000000000000000000000000000000000000000000000000000000000000000000000000000000000000000000000000000000
00000000000000000000000000000000000000000000000000000000000000000000000000000000000000000000000000000000000000000000000000000000
00000000000000000000000000000000000000000000000000000000000000000000000000000000000000000000000000000000000000000000000000000000
00000000000000000000000000000000000000000000000000000000000000000000000000000000000000000000000000000000000000000000000000000000
00000000000000000000000000000000000000000000000000000000000000000000000000000000000000000000000000000000000000000000000000000000
00000000000000000000000000000000000000000000000000000000000000000000000000000000000000000000000000000000000000000000000000000000
00000000000000000000000000000000000000000000000000000000000000000000000000000000000000000000000000000000000000000000000000000000
00000000000000000000000000000000000000000000000000000000000000000000000000000000000000000000000000000000000000000000000000000000
00000000000000000000000000000000000000000000000000000000000000000000000000000000000000000000000000000000000000000000000000000000
00000000000000000000000000000000000000000000000000000000000000000000000000000000000000000000000000000000000000000000000000000000
00000000000000000000000000000000000000000000000000000000000000000000000000000000000000000000000000000000000000000000000000000000
00000000000000000000000000000000000000000000000000000000000000000000000000000000000000000000000000000000000000000000000000000000
00000000000000000000000000000000000000000000000000000000000000000000000000000000000000000000000000000000000000000000000000000000
00000000000000000000000000000000000000000000000000000000000000000000000000000000000000000000000000000000000000000000000000000000
00000000000000000000000000000000000000000000000000000000000000000000000000000000000000000000000000000000000000000000000000000000
00000000000000000000000000000000000000000000000000000000000000000000000000000000000000000000000000000000000000000000000000000000
00000000000000000000000000000000000000000000000000000000000000000000000000000000000000000000000000000000000000000000000000000000
00000000000000000000000000000000000000000000000000000000000000000000000000000000000000000000000000000000000000000000000000000000
00000000000000000000000000000000000000000000000000000000000000000000000000000000000000000000000000000000000000000000000000000000
00000000000000000000000000000000000000000000000000000000000000000000000000000000000000000000000000000000000000000000000000000000
00000000000000000000000000000000000000000000000000000000000000000000000000000000000000000000000000000000000000000000000000000000
00000000000000000000000000000000000000000000000000000000000000000000000000000000000000000000000000000000000000000000000000000000
00000000000000000000000000000000000000000000000000000000000000000000000000000000000000000000000000000000000000000000000000000000
00000000000000000000000000000000000000000000000000000000000000000000000000000000000000000000000000000000000000000000000000000000
00000000000000000000000000000000000000000000000000000000000000000000000000000000000000000000000000000000000000000000000000000000
00000000000000000000000000000000000000000000000000000000000000000000000000000000000000000000000000000000000000000000000000000000
00000000000000000000000000000000000000000000000000000000000000000000000000000000000000000000000000000000000000000000000000000000
00000000000000000000000000000000000000000000000000000000000000000000000000000000000000000000000000000000000000000000000000000000
00000000000000000000000000000000000000000000000000000000000000000000000000000000000000000000000000000000000000000000000000000000
00000000000000000000000000000000000000000000000000000000000000000000000000000000000000000000000000000000000000000000000000000000
00000000000000000000000000000000000000000000000000000000000000000000000000000000000000000000000000000000000000000000000000000000
00000000000000000000000000000000000000000000000000000000000000000000000000000000000000000000000000000000000000000000000000000000
00000000000000000000000000000000000000000000000000000000000000000000000000000000000000000000000000000000000000000000000000000000
00000000000000000000000000000000000000000000000000000000000000000000000000000000000000000000000000000000000000000000000000000000
00000000000000000000000000000000000000000000000000000000000000000000000000000000000000000000000000000000000000000000000000000000
00000000000000000000000000000000000000000000000000000000000000000000000000000000000000000000000000000000000000000000000000000000
00000000000000000000000000000000000000000000000000000000000000000000000000000000000000000000000000000000000000000000000000000000
00000000000000000000000000000000000000000000000000000000000000000000000000000000000000000000000000000000000000000000000000000000
00000000000000000000000000000000000000000000000000000000000000000000000000000000000000000000000000000000000000000000000000000000
00000000000000000000000000000000000000000000000000000000000000000000000000000000000000000000000000000000000000000000000000000000
00000000000000000000000000000000000000000000000000000000000000000000000000000000000000000000000000000000000000000000000000000000
00000000000000000000000000000000000000000000000000000000000000000000000000000000000000000000000000000000000000000000000000000000
00000000000000000000000000000000000000000000000000000000000000000000000000000000000000000000000000000000000000000000000000000000
00000000000000000000000000000000000000000000000000000000000000000000000000000000000000000000000000000000000000000000000000000000
00000000000000000000000000000000000000000000000000000000000000000000000000000000000000000000000000000000000000000000000000000000
00000000000000000000000000000000000000000000000000000000000000000000000000000000000000000000000000000000000000000000000000000000
00000000000000000000000000000000000000000000000000000000000000000000000000000000000000000000000000000000000000000000000000000000
00000000000000000000000000000000000000000000000000000000000000000000000000000000000000000000000000000000000000000000000000000000
00000000000000000000000000000000000000000000000000000000000000000000000000000000000000000000000000000000000000000000000000000000
00000000000000000000000000000000000000000000000000000000000000000000000000000000000000000000000000000000000000000000000000000000
00000000000000000000000000000000000000000000000000000000000000000000000000000000000000000000000000000000000000000000000000000000
00000000000000000000000000000000000000000000000000000000000000000000000000000000000000000000000000000000000000000000000000000000
00000000000000000000000000000000000000000000000000000000000000000000000000000000000000000000000000000000000000000000000000000000
00000000000000000000000000000000000000000000000000000000000000000000000000000000000000000000000000000000000000000000000000000000
00000000000000000000000000000000000000000000000000000000000000000000000000000000000000000000000000000000000000000000000000000000
00000000000000000000000000000000000000000000000000000000000000000000000000000000000000000000000000000000000000000000000000000000
00000000000000000000000000000000000000000000000000000000000000000000000000000000000000000000000000000000000000000000000000000000
00000000000000000000000000000000000000000000000000000000000000000000000000000000000000000000000000000000000000000000000000000000
00000000000000000000000000000000000000000000000000000000000000000000000000000000000000000000000000000000000000000000000000000000
00000000000000000000000000000000000000000000000000000000000000000000000000000000000000000000000000000000000000000000000000000000
00000000000000000000000000000000000000000000000000000000000000000000000000000000000000000000000000000000000000000000000000000000
00000000000000000000000000000000000000000000000000000000000000000000000000000000000000000000000000000000000000000000000000000000
00000000000000000000000000000000000000000000000000000000000000000000000000000000000000000000000000000000000000000000000000000000
00000000000000000000000000000000000000000000000000000000000000000000000000000000000000000000000000000000000000000000000000000000
00000000000000000000000000000000000000000000000000000000000000000000000000000000000000000000000000000000000000000000000000000000
00000000000000000000000000000000000000000000000000000000000000000000000000000000000000000000000000000000000000000000000000000000
00000000000000000000000000000000000000000000000000000000000000000000000000000000000000000000000000000000000000000000000000000000
00000000000000000000000000000000000000000000000000000000000000000000000000000000000000000000000000000000000000000000000000000000
00000000000000000000000000000000000000000000000000000000000000000000000000000000000000000000000000000000000000000000000000000000
00000000000000000000000000000000000000000000000000000000000000000000000000000000000000000000000000000000000000000000000000000000
00000000000000000000000000000000000000000000000000000000000000000000000000000000000000000000000000000000000000000000000000000000
00000000000000000000000000000000000000000000000000000000000000000000000000000000000000000000000000000000000000000000000000000000
00000000000000000000000000000000000000000000000000000000000000000000000000000000000000000000000000000000000000000000000000000000
00000000000000000000000000000000000000000000000000000000000000000000000000000000000000000000000000000000000000000000000000000000
00000000000000000000000000000000000000000000000000000000000000000000000000000000000000000000000000000000000000000000000000000000
00000000000000000000000000000000000000000000000000000000000000000000000000000000000000000000000000000000000000000000000000000000
00000000000000000000000000000000000000000000000000000000000000000000000000000000000000000000000000000000000000000000000000000000
00000000000000000000000000000000000000000000000000000000000000000000000000000000000000000000000000000000000000000000000000000000
00000000000000000000000000000000000000000000000000000000000000000000000000000000000000000000000000000000000000000000000000000000
00000000000000000000000000000000000000000000000000000000000000000000000000000000000000000000000000000000000000000000000000000000
00000000000000000000000000000000000000000000000000000000000000000000000000000000000000000000000000000000000000000000000000000000
00000000000000000000000000000000000000000000000000000000000000000000000000000000000000000000000000000000000000000000000000000000
00000000000000000000000000000000000000000000000000000000000000000000000000000000000000000000000000000000000000000000000000000000
00000000000000000000000000000000000000000000000000000000000000000000000000000000000000000000000000000000000000000000000000000000
00000000000000000000000000000000000000000000000000000000000000000000000000000000000000000000000000000000000000000000000000000000
00000000000000000000000000000000000000000000000000000000000000000000000000000000000000000000000000000000000000000000000000000000
00000000000000000000000000000000000000000000000000000000000000000000000000000000000000000000000000000000000000000000000000000000
00000000000000000000000000000000000000000000000000000000000000000000000000000000000000000000000000000000000000000000000000000000
00000000000000000000000000000000000000000000000000000000000000000000000000000000000000000000000000000000000000000000000000000000
00000000000000000000000000000000000000000000000000000000000000000000000000000000000000000000000000000000000000000000000000000000
00000000000000000000000000000000000000000000000000000000000000000000000000000000000000000000000000000000000000000000000000000000
00000000000000000000000000000000000000000000000000000000000000000000000000000000000000000000000000000000000000000000000000000000
00000000000000000000000000000000000000000000000000000000000000000000000000000000000000000000000000000000000000000000000000000000
00000000000000000000000000000000000000000000000000000000000000000000000000000000000000000000000000000000000000000000000000000000
00000000000000000000000000000000000000000000000000000000000000000000000000000000000000000000000000000000000000000000000000000000
00000000000000000000000000000000000000000000000000000000000000000000000000000000000000000000000000000000000000000000000000000000
00000000000000000000000000000000000000000000000000000000000000000000000000000000000000000000000000000000000000000000000000000000
00000000000000000000000000000000000000000000000000000000000000000000000000000000000000000000000000000000000000000000000000000000
00000000000000000000000000000000000000000000000000000000000000000000000000000000000000000000000000000000000000000000000000000000
00000000000000000000000000000000000000000000000000000000000000000000000000000000000000000000000000000000000000000000000000000000
00000000000000000000000000000000000000000000000000000000000000000000000000000000000000000000000000000000000000000000000000000000
00000000000000000000000000000000000000000000000000000000000000000000000000000000000000000000000000000000000000000000000000000000
00000000000000000000000000000000000000000000000000000000000000000000000000000000000000000000000000000000000000000000000000000000
00000000000000000000000000000000000000000000000000000000000000000000000000000000000000000000000000000000000000000000000000000000
00000000000000000000000000000000000000000000000000000000000000000000000000000000000000000000000000000000000000000000000000000000
00000000000000000000000000000000000000000000000000000000000000000000000000000000000000000000000000000000000000000000000000000000
00000000000000000000000000000000000000000000000000000000000000000000000000000000000000000000000000000000000000000000000000000000
00000000000000000000000000000000000000000000000000000000000000000000000000000000000000000000000000000000000000000000000000000000
00000000000000000000000000000000000000000000000000000000000000000000000000000000000000000000000000000000000000000000000000000000
00000000000000000000000000000000000000000000000000000000000000000000000000000000000000000000000000000000000000000000000000000000
00000000000000000000000000000000000000000000000000000000000000000000000000000000000000000000000000000000000000000000000000000000
00000000000000000000000000000000000000000000000000000000000000000000000000000000000000000000000000000000000000000000000000000000
00000000000000000000000000000000000000000000000000000000000000000000000000000000000000000000000000000000000000000000000000000000
00000000000000000000000000000000000000000000000000000000000000000000000000000000000000000000000000000000000000000000000000000000
00000000000000000000000000000000000000000000000000000000000000000000000000000000000000000000000000000000000000000000000000000000
00000000000000000000000000000000000000000000000000000000000000000000000000000000000000000000000000000000000000000000000000000000
00000000000000000000000000000000000000000000000000000000000000000000000000000000000000000000000000000000000000000000000000000000
00000000000000000000000000000000000000000000000000000000000000000000000000000000000000000000000000000000000000000000000000000000
00000000000000000000000000000000000000000000000000000000000000000000000000000000000000000000000000000000000000000000000000000000
00000000000000000000000000000000000000000000000000000000000000000000000000000000000000000000000000000000000000000000000000000000
00000000000000000000000000000000000000000000000000000000000000000000000000000000000000000000000000000000000000000000000000000000
00000000000000000000000000000000000000000000000000000000000000000000000000000000000000000000000000000000000000000000000000000000
00000000000000000000000000000000000000000000000000000000000000000000000000000000000000000000000000000000000000000000000000000000
00000000000000000000000000000000000000000000000000000000000000000000000000000000000000000000000000000000000000000000000000000000
00000000000000000000000000000000000000000000000000000000000000000000000000000000000000000000000000000000000000000000000000000000
00000000000000000000000000000000000000000000000000000000000000000000000000000000000000000000000000000000000000000000000000000000
00000000000000000000000000000000000000000000000000000000000000000000000000000000000000000000000000000000000000000000000000000000
00000000000000000000000000000000000000000000000000000000000000000000000000000000000000000000000000000000000000000000000000000000
00000000000000000000000000000000000000000000000000000000000000000000000000000000000000000000000000000000000000000000000000000000
00000000000000000000000000000000000000000000000000000000000000000000000000000000000000000000000000000000000000000000000000000000
00000000000000000000000000000000000000000000000000000000000000000000000000000000000000000000000000000000000000000000000000000000
00000000000000000000000000000000000000000000000000000000000000000000000000000000000000000000000000000000000000000000000000000000
00000000000000000000000000000000000000000000000000000000000000000000000000000000000000000000000000000000000000000000000000000000
00000000000000000000000000000000000000000000000000000000000000000000000000000000000000000000000000000000000000000000000000000000
00000000000000000000000000000000000000000000000000000000000000000000000000000000000000000000000000000000000000000000000000000000
00000000000000000000000000000000000000000000000000000000000000000000000000000000000000000000000000000000000000000000000000000000
00000000000000000000000000000000000000000000000000000000000000000000000000000000000000000000000000000000000000000000000000000000
00000000000000000000000000000000000000000000000000000000000000000000000000000000000000000000000000000000000000000000000000000000
00000000000000000000000000000000000000000000000000000000000000000000000000000000000000000000000000000000000000000000000000000000
00000000000000000000000000000000000000000000000000000000000000000000000000000000000000000000000000000000000000000000000000000000
00000000000000000000000000000000000000000000000000000000000000000000000000000000000000000000000000000000000000000000000000000000
00000000000000000000000000000000000000000000000000000000000000000000000000000000000000000000000000000000000000000000000000000000
00000000000000000000000000000000000000000000000000000000000000000000000000000000000000000000000000000000000000000000000000000000
00000000000000000000000000000000000000000000000000000000000000000000000000000000000000000000000000000000000000000000000000000000
00000000000000000000000000000000000000000000000000000000000000000000000000000000000000000000000000000000000000000000000000000000
00000000000000000000000000000000000000000000000000000000000000000000000000000000000000000000000000000000000000000000000000000000
00000000000000000000000000000000000000000000000000000000000000000000000000000000000000000000000000000000000000000000000000000000
00000000000000000000000000000000000000000000000000000000000000000000000000000000000000000000000000000000000000000000000000000000
00000000000000000000000000000000000000000000000000000000000000000000000000000000000000000000000000000000000000000000000000000000
00000000000000000000000000000000000000000000000000000000000000000000000000000000000000000000000000000000000000000000000000000000
00000000000000000000000000000000000000000000000000000000000000000000000000000000000000000000000000000000000000000000000000000000
00000000000000000000000000000000000000000000000000000000000000000000000000000000000000000000000000000000000000000000000000000000
00000000000000000000000000000000000000000000000000000000000000000000000000000000000000000000000000000000000000000000000000000000
00000000000000000000000000000000000000000000000000000000000000000000000000000000000000000000000000000000000000000000000000000000
00000000000000000000000000000000000000000000000000000000000000000000000000000000000000000000000000000000000000000000000000000000
00000000000000000000000000000000000000000000000000000000000000000000000000000000000000000000000000000000000000000000000000000000
00000000000000000000000000000000000000000000000000000000000000000000000000000000000000000000000000000000000000000000000000000000
00000000000000000000000000000000000000000000000000000000000000000000000000000000000000000000000000000000000000000000000000000000
00000000000000000000000000000000000000000000000000000000000000000000000000000000000000000000000000000000000000000000000000000000
00000000000000000000000000000000000000000000000000000000000000000000000000000000000000000000000000000000000000000000000000000000
00000000000000000000000000000000000000000000000000000000000000000000000000000000000000000000000000000000000000000000000000000000
00000000000000000000000000000000000000000000000000000000000000000000000000000000000000000000000000000000000000000000000000000000
00000000000000000000000000000000000000000000000000000000000000000000000000000000000000000000000000000000000000000000000000000000
00000000000000000000000000000000000000000000000000000000000000000000000000000000000000000000000000000000000000000000000000000000
00000000000000000000000000000000000000000000000000000000000000000000000000000000000000000000000000000000000000000000000000000000
00000000000000000000000000000000000000000000000000000000000000000000000000000000000000000000000000000000000000000000000000000000
00000000000000000000000000000000000000000000000000000000000000000000000000000000000000000000000000000000000000000000000000000000
00000000000000000000000000000000000000000000000000000000000000000000000000000000000000000000000000000000000000000000000000000000
00000000000000000000000000000000000000000000000000000000000000000000000000000000000000000000000000000000000000000000000000000000
00000000000000000000000000000000000000000000000000000000000000000000000000000000000000000000000000000000000000000000000000000000
00000000000000000000000000000000000000000000000000000000000000000000000000000000000000000000000000000000000000000000000000000000
00000000000000000000000000000000000000000000000000000000000000000000000000000000000000000000000000000000000000000000000000000000
00000000000000000000000000000000000000000000000000000000000000000000000000000000000000000000000000000000000000000000000000000000
00000000000000000000000000000000000000000000000000000000000000000000000000000000000000000000000000000000000000000000000000000000
00000000000000000000000000000000000000000000000000000000000000000000000000000000000000000000000000000000000000000000000000000000
00000000000000000000000000000000000000000000000000000000000000000000000000000000000000000000000000000000000000000000000000000000
00000000000000000000000000000000000000000000000000000000000000000000000000000000000000000000000000000000000000000000000000000000
00000000000000000000000000000000000000000000000000000000000000000000000000000000000000000000000000000000000000000000000000000000
00000000000000000000000000000000000000000000000000000000000000000000000000000000000000000000000000000000000000000000000000000000
00000000000000000000000000000000000000000000000000000000000000000000000000000000000000000000000000000000000000000000000000000000
00000000000000000000000000000000000000000000000000000000000000000000000000000000000000000000000000000000000000000000000000000000
00000000000000000000000000000000000000000000000000000000000000000000000000000000000000000000000000000000000000000000000000000000
00000000000000000000000000000000000000000000000000000000000000000000000000000000000000000000000000000000000000000000000000000000
00000000000000000000000000000000000000000000000000000000000000000000000000000000000000000000000000000000000000000000000000000000
