0001110100000010000000100001000100000110000100100000010000000001
0101000010000001010000010000001000000000111010110000001000000110
1000001100011011000000100000010100001000000010000100000001010100
0001001110000100000100010010000000000000001100000100011000000001
0000101100000000001011001101010011000010000000010101000000010000
0110001000000001001000100000000000110000000000001010000000100010
0000001000010000000000000000000100010001111100000000011000011000
0000010010000000000000000100000000000000111100010010000000000000
0001011000000000000000100000001001000101000010101000000001000010
0000000010010000011100010001000100000000000000010000000011011000
0001100100000001000100000100000000000101010000110001000001000000
0000000010000000011000000000010000001111000000010100101100010010
1000000000000000001000001000010110000010000110000000110000001000
0000010000000001000000000000010100011000001000100100001100100100
1101101100000011000010000100101010100010010100000000000000010010
0100000000000100000000100001000010110001001001010010000001001100
0000000000000000000000001011010001110000100100010101011101000001
0001000100010000101001000011011001000000001100100010101110000001
0000001000000100000110001001100010000000001001001000010000111000
0000000000000000000000100001010011001100000000011000111110100000
0000100000110110000010000000000010001011000110001100000000000001
0000111010001001000010000100000100000000000010000000010000011000
0001000001000000110000010000001010011010000100101000000000000000
0001000100100100110110111100001000101000000100110000010001100100
1000001100001000010000000010101000011011010010001101000001000101
0100010000110000000001001010000001000100000010100000001100000000
0000011110000010101000010100101010000000000011100001111000000000
0000110001000001000000100000000100000010010110100110001110100011
1000000000000010001000001000000010110000000000010010010100101010
0000000011000000100010101000000010000100100100000010111000110000
1000000000100000010000001010000001000001011000100010000000000000
1000010000100101001101000000000010010101010000010000000001100001
0000010100001000100100000010000000010010001010010000011000000001
0010000110000110000010010100000000000000000111000010001001001100
0001100000100000010000000000100100001010001000000000000000000000
1100000001010100010001000000001001001100100100101010001100000000
0100001000101000000000001010000000011001000001010100010010011000
1000010000000010100000101100001011000000000001000001010010000110
0000000000000101100100001010000000000110000000000010010000100110
0001000000010000011010000100000000000000100100100000001000100011
0000001000000100010100001101001000000000001000100000000100001000
0000000000100100100010000000101000100000000100100000000000000011
1000001001001100100110011010000100000001000100010000111010000000
0000001010100001100100000100000001000001000000000100101010000000
0000000101100101000001011001001000000011110000000100010000000000
0001011010000101011001101000100001001100000010000101000001000100
0001100101000000000001000000101011000010100000011101001100000000
0100011000001000010000010001000010000000011011010100001011000000
0100000010000010011100000001001001000000100001000000000000001100
1001111000000001011011000001100000010000100101000000000010000010
0010000000000000100100001001000101000100101110001000001100001001
0000110000000000000100110000100010010100011010010000000100000011
0000000000001000010001000101000000100100000000000001000001000100
0000001000100100001001001000010000101010000000010011100010010100
1001010010011101110100000000011000100001101000000010000010000100
0010000000000000001110010000100000000001000010101100000010000111
0011000001100010000001100000011100001010010000000000101011000000
0010100000101000101000000000101000100000000000001101000000000100
0000111011100010010000110000100101000010000001100101100100100001
0000000000000110000000100001001010000000000100100000001110100010
0100001010001101010010101100000000000010010101010000100000000010
0000001000010001000000101010010000100010011010010001001000000000
0000000000000000000011010001010000000101101000000001100001010011
0001000000001001001000100010010101000000000001010010000000100110
0001000000001000111001101000000101000100000000010000000000001011
1000001100000100100000000000001000001101100011011001000000010000
0101000000000100000000000100000000100010100000000000010100001110
1000001011000000000000000100000100001110000010000000010000001000
0001000010000111000110000010101000000001000110000100000001000010
1000000110000001000010000000000000100000100010000000000011000000
0010001000000000000100011001010001101010001000000010000000010001
0111010001001010001001000101000001100000000000010100001010100100
0110011001000010000110100001000001001001100010110000000000001100
1001000000110001000111101000001101010010010010010000100011010010
0000000101000100010000000000001001001000011100100010010000001000
0001000011010001000000010000101010001110010001101100111000100010
1000110001011010001001000000000101000011001011000000110000000010
0001000000000100000100000001010000000100100000100000000001000011
0000000000010000010010000010000000010100101100000001100000001000
0010110100000100100000001000100000000101100001100101000000100010
0001001010010000100001000000100011000100000000000100001010010000
1000100010011000000000000000000010000100100000000001010010000100
0001100000100001000010000000100000000100100010110000010100000111
0010110001000000001000000010010010000000001000010010000000000100
0000010101001101000000010000001000110101001000000000100000001100
0001010011000001011010000000000000101000001110010000000000000110
1000010010000000000000100010001010100100000000100000011100010000
0011000001100010111000000100010000101010000000000000100000001000
0101000001000000110000001100000000100010000000000110001000000100
0001000111000010001000100010100000000000000000110000110000000000
0000101000010001010001000001110001010000001000100100010100000000
0001000000000010000110000000010100101000011011100001010000000110
0001000010110100000000100011010110010110000000110100000010000000
1000011100110101100000100010000001000000000000011000010000100101
0010001011000000000100100000000000000110100000000100000010011000
0010000011100000000000000001110000011000010101000100110100001100
1000010000100010100000000000100010000000000001000110000010110000
0100001000000000000000010000000000000000101100100010000100001011
0001011001100000000000000000110001100001000010100100000000000010
1000000001001100100000100001000000001000100001001100010000000100
0000010101011001001000000000000000001101010010001000100010000100
0010001100101001101000010000010000000000001011000010000000000000
0000100000001101000100001000011010111110000000000000110000101100
0110001101010000000010001111100000100011001001010010010000011000
0011100000100110100001110000000001010000110110000110000011000000
0000010000100000100100000100110000101100000010011000001000000010
0010000000000001000001001011100100010000000001010000001100001011
1000011000010000011010100100010100101000000000000000100001000010
0100000000000000000010001001011010000100000000110110000010001000
1000000000000010001010000000001100110000000000110100000000001000
0001011010100011000111100100000000000000001000111000000000001110
0110011001000001000000100110011100000100000000100000001001000000
0000010101000101100100110011011000000000000001010010000000100001
0010111000101110100000011000010001100000000000000001001001100100
0000100100110110000000011000000001100000000000010000010010100001
0000100100010100111100000111010010000000000001100100100100000101
0000101000011000101101010001000000101100000000000000000000000101
1100001000000000001000001000010010100000010000010111000010110000
0000010110100010000100100000000001010010100011000001100001100101
0000000101001011000000100001101100010100001000001001111000001000
0000000001100010000000100000000001100010011000000010101000011000
0010100000101000001110100110000010000000001000011001001010001000
0000100000000100100000110000000000001010000000101001100100010000
0110000100100001100000010000001011000000010101000001001010010100
0001000000000110001001100100000010000000000010010000001101001010
0000001000000000001000010011000001101010001000000000011000000000
0000001000010100010100000000000110000101100100011010000000000011
0000100000000000001011010110100010011101111011000011000111110100
0001000010001000001000100010000000010000111000000101000000000100
0110000000000001000000100000000100000010100100001000001010110101
0110001110000000011000110100000011100010000010000000100001110100
0000000000000001010000000011010110000100010000000010001010100010
0000010000100001000110100001000000001100100100110001111000001000
0100000001000000010010011010000010000110000000101100100001100110
0111101010010010010100000000010101000100001010001001100011000101
0010000000001000000000100010110010100000110000000001000110000000
0010010111000010000010000001000100110111100010000010000100110100
0000100010101000001000011000000010000010000000001000000010000010
0100010001000000001101000000000001000000001010001000010100111101
0000000000001001000100011000100001001100000000100010000000000000
0010000000010001000000000000001000000000110000011000001000100001
1000100000101101100001000000000100101101000010000000000100011001
1100001000000100001000000101000100000010001010011001010100001010
0000111000000010001000000000000001000010101010000010010000110000
0010000001000100000100001100010000001000010100000101100000001100
0000010000000000001010011000000011000101010000001010100100001001
0000010110000010000000000010000010100010000001001000100100000001
0011011000110000010000000000000000001010100000111011000011000001
0001001001100001000100000000001000001001011000011000000000000001
0010000010000000011000000000000000011100000110001100111001100100
0000111101010000001010010100100001000000101100000000000001000010
0000001001000000010101000101100100100010001000000000000000000000
0000101000100010000010000000001000100000111001000000100000100001
0000000000000000000011000000000100000001011001010010100000100000
1000001000001100001000001001000000000001000010101000001010000010
0100000000000001000001000000000100000000001110000101010001000000
0000000000001011010000101000000001000000001000000011100001000100
0011101000100000011001000110000000001111000010000000001111000010
1000010100000110000010010010010011000011000000010001000000000100
0000000000001000110011000100000010000001000000100000001111011000
0010000100011010001001010111000000000010000100010000000000010100
0100001000000000101010110000010100111001000011000000010100001000
0000000010100000100000101000000100000101110001100001010000000000
0001110101100001010100000000000001001000101101000000000000001101
0010000110000000100010100000010001100010110100000000100100011111
0100001001000001000000000000000010000101110000000100101110100010
0010001000000000101000000000101000000100010000010010100100000000
0000110000101001010000001100000000000000011000000010010000000001
1100000110000000110000000000010001100000000001110000000100001000
0000001010100100001101010100100100011010000000110000111000101010
1000101000000000010000010000000000100000000000101001000000100001
0000010000001010000010010000000000101000100000100010010001000000
1000100000000000001000010010010100000000000011010110001100000001
0000000000000000100011001011000010001010100010000101010001000000
0000000000000000000000000000000011110000010000100010011000000000
0100000011100100000010010000011001000010000000000100000000010000
0100000101000000001101010000100010000000100000101010000100010100
0000010110000000110101001100001011011000011000110100000110100000
0000000000001100010000010111000011010100100000000011010010001000
0000010100010000000000100001000011010000001110000000011000000011
0000000000010000101100000000001000010010000000001000100010000000
0100010100000001000010000010000000000010001000000010000000100100
0100000000100000000010000101000000000000100001100000101000000000
0010111100100000000000000010101010100101011000000100100000010010
1001101000000000000010011000000000011000000100000100100000000000
0000000100110000110011101011011000010000000100100100010100010000
0100010001000110010010100000000011100100100101010100000110001000
1000100000011001000010010000100010100000000100001100001000010010
1001010000000001110000100110110000000000100101000100000100000001
0010000101011000110000010000000010100000010000000010000110101010
0000000011001000100000001001101010110000000010101010001000010000
1000000100010100010000001010110000000010000000011000010110010000
0001000000101010000000101111000000001000010101010001010000000000
1000000000010000111010100100000000001000101011001011010100000110
1000000000000000001100100000000100000111111000000000001100001001
0001000001000110000000011100010001000000000000100000011001010000
0000000100000010000000000011010001000001100001001000001000000000
0100001001001000101010010000001000011000110100000001100001001001
0000010000000010000000001101110000000001000001001000100010001110
0100010001000010000011010000100001000101010110011000000010100010
1011100101000000100000010101000001001000000001100000001000011010
0101110001010001000001001001011000000000100010000000100010100110
0111000000000100001110000000000000001010000001111111001000100100
0000001000001100001010010010010010001000001100000000110000000100
0001110100001100101100110000001000000010000100001101000010010000
0110010000100101000010100001010100010101011111101000010100001000
0000000000110000000001001110001000100101001100110101001010000001
0001000110000000000000100010001101001010011010000000001111001010
0001000001001000100000100101000001010000001000100010000100101000
0100000010010100000100000000001000000000000001010011000000001001
0100000010101000011000000110001000000010010000000000011100000000
0010010000010001101100010000100101100000000000101011000010000000
0110000010000010011000101100100001001000000101000000000000001000
0011001000010011000101100000011011100101000000010100010110000000
0010010100001100000001000000010100101001100000010000110110000000
0100101110010010010000000000000101110000110001000000000000001110
0000011100000010010010010001100010100010000001000011001000000100
0000011000000000010000001000001000010100000000111101001001010101
1010111000100000010000010001000100000001010000100010000100000000
0000000001111100000000000100010000100010010100100000000100100010
0001000000010000000100000011101010000000000000001010000001100110
0000000001110010000000000000110001000000000100000000001001000000
0000001000001000001001010000000000011010000101000000100011010100
0000100000000000000010000100100001000100110000000000011010110010
0000001100010010000000000000001000100110100000001000001010100000
0000010010000001000100000000110000000000100000000100010100110000
1000101001010000011100000001000011001001100100110011101000010000
0110110101110001110000010001000101100001001100001000100000011000
0001010000000000000111111001100001100100001010111010011000001010
1000010111000001000100000000000001000001011100000100100100001000
1000100001001101000000001100100000010100000000010001001000000100
0000001000001001000000000011000000000000000101000110100100000001
1001011110000101110100000000001000000001101001000100000000110010
0000010010000110100010000010100101001011000010110000000011010000
0010000010001000101001100111000001000001011010000010000001000000
1000000100010101010000011010100000000001001000000011001000001100
1000001000010001001100010000111001000100010100000000000100000001
0010000000000101100000110110010000000000001100100000000000000101
0000001001010000010100001100010000111111000110001001001000000000
0000111011010010001001000100011000000100011100000000010000000100
0000000011000000100000000011010000000110000011001011110100011000
0001000000100000100001000000110000111100100000010000000100001111
0100010110000010000110010011010100001100110101100110001010000010
0010000000000000000010000011010000100011000000010001001011010011
1000000010000011000010100000101000000000011001100010000010010000
0100000000000001000100011010000000000100100111000010001100000100
1000000001000100101000000001010010000000000110000000010000100100
0000001000000000000000001000100100101000100001000001000101010100
1000100100000000000010100000101101000000000010000010000000100000
1100100101100000000001000000000010000010000010000011110010000001
0100001000100111001000100000101001100110001001100100000001001110
0000000000000000100011000000000000000000101100000010100010000000
0000001001000000000101000000100011100001101001100010000100011000
0011111001001010100000010001111101001101000000010101100010100001
1100000001010100000000000010000100011000001000011110100000111101
0000000000000110010001110001000111000110100101000000000000000100
0101110000010110110100010100000010000000000000001000010000100010
1100000101001100000001000100100100010001010111001001100000000000
0000010000011100010000100000100000001000000010000011000100000000
1000000100100001000011000010000100000001100000010000001000001010
1000001100000110001000100100100110000000001101000010000001001000
0010000000000000001000001000010100001101001110000110010111000000
0010111100010010110100100001000000100001000000010000000100001000
0000010000101110000000010000000001001010000011000000000010100111
0000010010000000010000001100011000000011000011010010000010010000
0000000100101010010001100100100000000010000011010011100110000100
0000100000000110011000000000000000000011100000101000000011000001
0010100001100010101010011000000010110000110100000010010011011100
0000010110000000001000000101010010001000000000001101100001000000
0010000100100110101100000110001000001000000010000100000001000001
0100001001001100000001001000010010001000010000000000010010000111
0111000001010000101100000011010010000000010101000110010010000101
0100000000100001000010001111000000000010100010000000010000001010
0000010000000010000001001011000010000010000100000000100010000001
0010000111100001011100010000000000000000001100001000010000000010
0011110100010100000010010010011001000010000001000111000000000010
0000001010010010110000000000000001000010100011001100000010100001
0110000000000100000100111000011101010100000000100100001100101000
0100101100100010000000000010011000000100000110000110101000010000
0000000000000000110100000010001010000000000100101000010000111100
0000001011000100000000100000100011100000010100011100000000010100
0000100000010001010000000000001000100000100000000100000111000000
0010000000000010000000001010000000001100000010000001101000000010
0000001110011001001100000010000001000000010010000110001000001000
0001100001100000000001000000010000000100010101101000000011000000
1010000000100001000000001001000001001010100101000000001000110100
0101001100001100000010001010010000100010010000110100010000100110
0000000101000000100000100000010000000010010001010101000101000010
0000100001000011000010000000110110011011011000001000000010100010
0010010001000001000000000000001000010001001000010011000000101000
0010010011000000000010000011010000001000011000001010000001110000
1000000010110101100000000011111000100000000010001010100000100010
0010100000010001100000010011001100000000101010000000000001000001
0000100010010101001000000101000011010001100000001010001001100000
0001001010001000000000000010100000011001000000001000010000001000
0000001001001100010000000000110000110001000000100000100001000010
1110000000000100001110010000000100000000000000000010110001000000
0100000100001000000000100000111000000000010000000110000110001001
0000101001000101000100101110001000100000100000111010100000000001
0100001110000000000000001010000101000100001100100100001011000000
1110000100100010000111000000010001101000010001010010000000000011
1101000000110000000010010001000011010100001000100000000000000000
1001000000000010000000000010110010001100100000011000000001001110
0110000100000000110011000001000010100100000101100000100100000000
0001111010000000001001000010100000101001011110000100000000010000
1000001100101010000000010001100000100110100000110000111000001000
1000100010010000010000000110000100000001000010010111000010001000
0000101000000000000000001110000110000000000000100001000000000100
1001000000000000111100000001000100110010000000001000000010010000
0001010001010010000000000110010100110000000101000010010000100010
0001000000011000000000000000000000000000101000000110100100100010
0000010000000001010000100000010000000100010000000000010000100000
1000010101001000010010000010000010000001010101000100001100000100
0001000001001100110000010000010010001000110001010001000000010010
0100111101001001011101011001001001000110100100000101001011000000
0000001000000010000000011000100000000100000110000000000100000100
0110100010000000000000000000100101001010001100000000100110101000
0001011000000001000000000000100001000110101000010000001001110000
0000010000010000010000000110000101001000010000100000000100001000
0100000001000000000010110011100000100010000010101010110000110001
1001110000111000000000010000001010001000000000000001000110000100
0010000000110101000000011000000101101100000000000010000100000000
1110000000000011101010000100000100001100000010000001001000000100
0000110000101000000000010100000000011000000010101010000000000100
0100000001100011010100001000000000000100001000000010001000000010
0101000000010000010001001000000100000000100101000110010100100000
0000100000010100000000110000000000000111001000011001000000111000
0000000001100100000010000011000001101000001000111000100101100000
0011001010000010101000101101000110000000000001000000001000001000
0100000110000000110000100100010100001010000000001000100000010000
0100000000010001100000000000010000001001010000000000010100000000
0000100000101000000100101111000000010100000000000010101110010000
0000100110000100000100010010000010000000011110101100000001000000
0101110100100000000000100000100000001000110010000100000001010001
0000000100001000110000000101001000000100000110001110100110011000
0011000001000100010100000000000010000000001010010000000011000000
0000010000000010010000101000010001000101100100001000000100010000
0101001100000100010010000011000001111000001000010000010010011000
1010110000100000000001000001110100110100000001100000000000001000
0001101000000000000000000001100000000000010101000100010100000000
0001000110100000000010000000011000100000010010001100101100111000
0011000100000101000000010000100101110001100000010000010100101100
1000000000100000000001010000000110010001100001010001000011010001
1001001000000010100000000010011000000100100100011000100000110010
0000000000111001100000000000100101000000010000000011010010000000
0001000001001100100010101101000000001001000100000100000100011010
0100000000100111010010101100000101000111000100000001001111000000
0000110001010101101010100110100000001010000000000011011101101010
1000000000100000000000110001000000000001001000101111100000000110
0000000000100010000110100000000010101100101100001000100100101000
0000000000101000011000000001100000111001000000100101000001010001
0000000010000100011000000001000000010110000000000000000000000100
0001101000110000000011000110000000000100000101011000100100010000
0000010000000110100011000010101111110000100100001000001000010010
1000100100001110000010000000010000101000000110000100010100101000
1011010000000001000000101010010000000000010000000010001100000010
0000001110000001000100000100000000000000000001000000011000000000
0001110101000000010100000100001000100000001010110001010000100000
0010001000000001000000000001000000000000000001111000000100100000
1000011000100000010100001000110100011000001000110111001100000100
0100110011011011000000000000010001011000000000001000100000011000
1000000000000000010000000000000000001001011100010010001101100000
1100000100100000000000000000001000000010000000100000000001000000
0001000101000100101001001001010100000010001101000000000100010000
1001100011110000100010000010000000100001100000110001011110100000
0110000100001010100000000000000111101010011000011010000000000010
0111011001010100000000000100001100001100100101111010000000010110
1001000100000010000000000100000000100001000110000000100001000000
0111011001000110001101010010101000001111000000000000011000000001
1110110000100000101000110010110100000001100000000000000001100100
0100000100000101110000011000000000000100100000001000100100010101
0000001000000000011000000100100001010111000100001010001100101000
1001000000010000011000000100000000001010000110010100010111100000
0101011001010000000000000000010000100100000010001000101000101001
0010010000000100010100010000101001010001001100000011011100101000
0010001111111010001100000000001000001100111000100010010000000100
0000001100100100000100010000000101100000100001001011111110000001
1100000001000000000100101110000000111000100010010000010110000000
0101100000111011001000000000100000110000001101000000000000110001
0011010001000000001100100000001100001011000001000000000000000010
0100000010000000000001010010010100000010110011010110011100000100
1001001000000101110010000000000100001000001000000000100000000100
0000000011001000000011010001010000001011000000000100110100001011
0000110110100000011010110000010010000000000000001111000000000100
0010001101010000000010100010001100000100000100000000101001000000
1000101010000101010100000100100000100000100101110011000010100000
0010000000001000000010000000000000000000000010110000100100100000
0010100100010001000011000001100101100010011110000000100000000001
0010000000001100100000010010000000101000000101010000000000000010
1000000000001010001000000001000001011000000100110000001001001001
0100000011000000000000001101000000000010100000100010001001101101
1000000010000000000000000010010010000010000101000000010000001001
0100000010001100101010011000001000101110100000011010010000000101
0010100000001110001001000110000100110001100101100010001000000000
0001000001011000001000010100000000000011100000001000000011000001
1001101100100001000000001100100001010001110000000000010001010000
0010100100100001001000000001110100001101101000010100100110000000
0000111111110001011000001010000100010000010000101011110000011000
0000010100001000101000010001010000001011000010010000000000011000
1000110001100000000000000000100001000000100001001001000000010010
0000000000010000000010101110010100000000010100000000100100000000
0000001010000010010000010000001000000001000001000001001101000110
0001001101011101000100000100000000001010010011101100101100100000
1000010001000000100001001001100000000101101001000000010000000001
0010100011010000000000000100000001111010000000110100000000100101
0010100000000001010000000010100100010001001110100000000001000101
1000010000000000011000010110000000011101100000000000100100101001
0010000010001101000100100011000000001001101001000001000000000010
0000001001110111100101010000101001010001010000000010100001000000
0000010100001010000110011010000000001000101000100010100000010011
1001000001110001001100000001000000000100000010011001000000000000
1100000011000110000101101000000010000000000111000010010000010000
0000000100001000000100010001101100000000001001100000000010011001
0100000001000011000000000000001000010000001001100100010010000000
0010010101000010001111110000001010110010000010110110100000000010
0001001000000000100010000000010000000010010000000010000011100000
0000001100001000000100101001010010000001000000000110000100100000
1100110000000000010010000101000000100100000001101000100010000000
0001011001000000000110000000110000000000000000001000010100001011
1000000010000110010010000000011001000010100010001010000000000101
0001010100000011000000000000000000011100100001110101000110101011
0100000010011111110001010001001100000101000101110011010010010000
1001001000110100000000010100000000000100001110101001100000000000
0000100010000001000000100000000100001100001000100001110001100000
0000011001010010011010010000001100100000101000000001001000000011
0001110001000000010010100001001011001000101100001001000001100100
0010100000110001110000100000000000000000001001000010100011000000
0000110000000000100000000100011010000000000000010010000010101000
0100000001011011000000000011110010010011000000010000011000000010
0001000100000000100111100000100001110110000000001000100100001001
0110001000110011001000100110000000001010101001000000000000000010
0010000100000100010001110000100001000000000000000010001010011010
0000000000001001000000000000011001001100000001001000000010001000
1101101010000100010000000000010011010000001000100000100000110000
1101000001000010001000101000001100000101100101111101001001100011
0010000100011000000000000000000000000000100101100011100100001000
1000010100101010111000000110000000000000000000000000100010000000
0010000001101000000000101000101110001100000000010000000000110010
1010010000000001000010000000100010001000100010000010000000100011
1000001000100001010100000010010010000000101010000010011010011010
0001000000010010001000100100011001101100000110000001000010100000
0010111000010100001110001100000001000010000000100000000000011100
0000000000110010100000010000000010001000100010101010010100010010
0010000000001000100000010010000001000001010000000101000000000100
0001000000101000010001110010001000110011000000100000010100000000
0001100000010110100000000010000000011000001001000000101000000000
0100000001000000000000001100110001000001100000001100000001000000
0000000000100000110000001000101000011111000111000000101000010110
0010000000010100000110000000010000001000000110111010010000000000
0000001100000000000010001000100000000100100000000000001000000000
0001010011000001010000101000010000001000000001000000011000000000
0010010000000000000001000100000000000101010000001000101100000000
0000111001010000100000100100010000100100000001000100000100100010
0010100000001010111000010001000000010010000100001000000000000100
0101100000100000010010101000000001000000001010000110011000001001
0000100000100000001110011000000000010100000100010011000011001010
1010000100001000100000010000100000001001000000100010100000100010
0000100001001000100000000001010000100010100010010000000001010000
0110000000000000000010010100000010010111000011010000000001100011
0010010000110100000000100110100000100000010001001110000000000100
0101010001010001000001010100100010000110000100000010000000110000
0000001000000000000000000101000100101010000000000000101000000000
0010010000010111001000000001101101001110011000001011100000011000
0010000010100000101000101000000000001100000001011010111011000010
1100100010000000100100100001000100110000010001000100100001000011
0010001000000000000000000010000001000110000110000001000000001000
0001000000010010001000110001000101000110000100000111010000100010
1110000001000000000010000010001001000001001100000000011110100000
0001001000011000000010111100011000100100100000001000001100000000
0001001001010000110101011010000000000001000100100000010000000000
0000000110000000010001010000001001011000000000001101010010000111
1010000010011000100000000000000001000000000000010000010000101010
1011001101000000010110000010010000000000011000101000000000100100
0001000100001000001100000010100000001010000100100000010000100000
0000000000000010000001001101110000010000000001010000010010010000
1010110011101000000000010000100000001100001000100000010001000000
0000100000000100000100010100001000000100000000000000100101010100
0010010000000000010100100100010010000010100000001001001100000100
0100000000001110000001100010000100000101001110000000000110000011
0100000100100000001100000000010000001010000000010101100010000000
0001101001000000010000000010000100100010000001010110000010101100
1100000000100100000111000010000000010000100000000100000000000001
0000010000100000100010000100010110000000000000010000010101000000
1000000101000010110000101000110000100011100001000000000100010000
0000110001101000000100001000011000100000101110000011100010000000
0000100011000010000110100100000010101000010010001000010000000000
0110000010001000000000000100000010101010100000010110000000100100
0100001100110100001000000100000100100001001101100100000000000000
0001000000000000000011000010000001001000000001100000000000001101
0000000010101000000010010100100000001000000000010100000000000001
1100000001000000000001110001000010110100000001110001000101001010
0100101100000001001100000001010001000001010000010000000010000000
0001011000001000100001010010000100000010000010000000101000000100
1000011010100001100000001010000010000001000110101110000000000000
0011001001001000100010101010101000000000000100100000011001000000
1000000100011010001000000001000010011101011001100001000000101010
0000001000100100000000010001010000100000100001000000011011000000
0111010000101100000000000001000010111100000010010101110000101000
0000010000010110001101001000100000000010000001000000001000001010
1100101000010000010010000000010011001010010000010110000101010001
0100001110000010000000001000000100011000011100000000010000010000
1000000000000110000001101000001101000000000000100100000000001000
0101100100000000010001010000010010101010000001000110011100010000
0101000000001111000100001110000000001000000101000000001000100001
0010100010110110000010100000001010110001010100011100000011000000
0000011100000000100000000000000100110010000010001100000000001000
0000000010011100000110000000100010000010111011110000000111000000
0110000100110000010011100001000011100000000001010010110100100100
0010100010011000100001100000000000000000000000000000101000101011
0000010000100100000101000100010010000010011000110000011000100000
0100000000101000111010100100101000110000110000000000000010000000
0000100000010001010100000110000000000000001010000101000010000000
0001001000110111100000101000000000000011000011100000000000000000
0001010000000100010000101000100001101100001000000000000101000101
0000010001000010001000010000000110110111001110000000000010100100
0000100100010000010110001100000000000100000000000001010100010000
0001000010100001000010011000000100001100010100000000000000010000
0101100100100000000001000000000000100101000000001000100001000000
1001000000110100000111101100010010000000110001010100000000110110
1000100000000000000110000000000000100001000001000110000001100101
0000000010110010000000000010010001011100000001110001010000000000
0000111001001101001100111000000110101000000000000011000000100101
0101100000010000000011100100101000000100000000000000101000000100
0100000010000110000000000000000100101000100000100010010011001000
1000001100000001100000000010100000000000010000100101000001101000
0010110011000100001001100010000100001010000001011000100000100000
0110000101000000000000001000010011011010001010100001100100100100
0000000001101010000110100101110000010100001110000111001000010000
1000100010010000000101000001000010001011000010000000110111010000
0001000100000001000101110001001000000010100001000000000000100100
0000000000000000001010001000000001100011000010100100000100101000
0100000000000000011101100100010001000100010000000000000100011011
0100000010010100100100010100000001001100000000100101001101000000
1010100000100001001100010010100100010100011111010010000000000010
1010001000101010001000110001000010011011100000001011000110000101
1000000010100101100000010101000011001010000010010010000011010000
0010011001000100111100010000001001100001000000001000000010101010
1000110000011010000110000001000011101010100000000000101100101010
0000101010011011000010000000010000000101100110110010000000110000
0000010000110000010100000101000001001001010000101001110100110000
0000000000010000010001011000001000110000000000010000000000001000
0010000110000010010000000000011110001010000010000010100111011000
0000001000000100100111001100000100010101100000010000001100010010
0000001001001000001100110100000100001000010000000010101010000001
1001000010001010010000111100000000100000010011000001000100000000
0001000000001001000000110000000001110010000000000100100000000000
0000000100000010010100100001000000000000100101000000001010000011
1000010101000100000000001000101101000000101100010000001000001000
1101010000000001101101111110000011001100000001000100001010011100
0010000010000000000001100001000001100000000110000001100001010000
0010100110010000000000000000000000001010000010100001000000110000
1000101001000011000011000001000001000000000000000000010000000100
0000010000101010100000001101001000100100110011000000001000011100
0000000000000110000000111111100010000011001000000001000000000000
0111011100101000001000011001000100000010100101100000100100100000
0110100000000001110000100000000010001000001000000010100001100101
0010111100100000011010010101000001000010101100000101111001000000
0000100001100000000001000000000000100110000010000000010010000010
0000010001001100000000001100001000110101000010010000100010000111
1010000001100001000010000001000001000000000100000010000011100001
0000000101100010010000000000010000001001000000000101000000100000
0000011100001010000111000100000100000010001000000100100000000001
0010111000011000000101000101000000001010010000001000000110011000
1110111011000000000001001101000100000000100010000011000111000100
0000000000110100110110000000100000001010000000000011000100010100
0000110001001001101000100000010101001000010100010100010000000000
0100000000100000100010000000100000001000010000111000000110010000
0101001010100000101001010100111011000101010000000000001110010100
0011101001001000000000000010001001110010100011000001101100010010
0011111100111000100000101001000000010000101000100010000000000100
0000000000111000011010000010000100100000010000000100000000010001
1000001010110010010000000000000111000010000011100000100001100001
0001100011110000001110010100000000001001000100000100100000110010
0001010110100000010010100001000000110000000000000100100000101010
0000010100000100000001000011101000001000010110000001000100111001
0000000101010000010100000011000001000011011000000101100000000101
0001100000010000000001000100010011110101011000000000000010010000
1000000001000010011011000100000001000000101001000001101000000000
0000010010010100000100000000010000110000010001100100000000000010
0000000001100010010011010000000101000110000000100010100001001110
0010010001000011000001011100010000100010000000000001000000000100
0010000000010000100000010010100100000010100100000010100000100100
1100100100010101000000000011000000011001100001010000000010000110
0110001101000100100010100000001100001010001010000100100000010010
0001100101010000100001000001000000000000001001011001001000010110
0001101100001110001100001111001100000100011010101001001010100000
0011000000100110000001000100010000000000000011000010000100000000
0000000010110001000111000010000000010011000000000010000000000000
1100101011110010001010010010001101010000000010100100010100000110
0100000100000000010000000000000101000001010100000100111011001000
0000101000000001000000000000100010000100111000000001000000000001
0000001000010000001100010010000100010000000000000000010001000001
1000110001100101000001001000001101000000010010100011000010001010
0100000100000001000000010100000011001000011011101100010100000110
0011100001011000101000001000010000010011000000100010100100101110
1101000000100001000100001011000001001100000011000111000000000010
0100000110000000000101001000110000000011001000000000000010101000
0001000100110100000000000000000000011101110000000100000111000100
0000000011000010000000001000000000101100001010010110001110010000
0001010000010000001110000010001101010110010000001100010110010010
0000100000001000100001001000100000000100100100100010000100001000
0010100011001000010100100000000010000010101100001010101000000100
0000100101100011100101111010001000000000010000001101100011000111
0000010000000001000100100001010011000000010000010010001001101001
0000000000000100001000100001001001000101010001000000101100000100
1101000000000000100001000001110110000010100001010010100001000000
0011100000011011000100000000000001000000010000111010000011010100
0000000001010001100010000000010001100100010010100011010000001001
0010011000000000001100001010100000001000100101100000001100000100
0000010010000101000000000100011000100001011000010001101100010010
1000000100011010000001100011101100000100101000000000100000010001
0010011001010001100000000000010000000100000101100100100010100000
1100110000100000000001101010100011100000000000000000001001000010
0000010010000101111000010000001100000001001001000000001010000000
0000101000000000010000000110110000100100000000110100000000001010
0000101001001000010100010000100000000110001000000000011011000100
0110000011100000001111100000010010101001010001000001110010010000
1000010001000000001000000000000000000000100001000100100010000101
0000000110000100010000010000001000001100010010000010000100100101
0000000100100011100000100000000000100000000000101100000100000001
0010000010000001010001110001100100100010000001011010001011011000
0100000000001000100000000000110000000000000000010001110101101010
0110000100000010000000011001000000011101000111010100000000010000
0010000100000000011000010000100000010010000000010110100100000001
0101001000010011000001101101011111100000010000110000000000100000
1000010000001001011010101000110000110000100010000000010000000100
0000000000000010100010000001000001000000000001000010101000100101
0010000000100101000110001110000000001000110000010001000000100010
1010000001100000000000000000000000000000010000000010100000001000
0100001101101100001000000100001010000010011000000000000001101000
0100010100000100000000001000101001000000000001101000001011110100
1000000000100100010100000001000010011000000000011010010001011110
1000000001010000100100101000001000001000011000000110001001011100
1100000100000001111100001000000000000110100100100000010000100010
0010000010001001001100000001000011001100011000000011000000000010
0001000100100001100110010001000101000110000011100100000100000010
0000000000001001001000101100010100110000100000001000000010100000
0010000000000001000010000110000000000000001000000001010100000100
0000010000000001010011101010101000010000001000010100010000000000
1000000000010000100000000000001000000010000010010000101001111000
1000000000010100000000000000000010000000100000000000000101100100
0001010000000101001001001100110001000001100000111110100000010010
0000001000000000000000001010000010011000000000000100000111000001
0000001000000100010100000001000101011100000001111000001000000010
1000000010000100011000001000010001111100000000100000110001100000
0000000010011010110000000000000000000000100010001001000000110010
0101010001000000000011100001001000000011011000101001011111110000
0000000000010000000110110000001100001001000110011000101011100000
0010010001100000000000011100000000000100000000000000001000000000
0000000110001001100000000000100001000101010001101000000000000100
0011011100100000000100000000000000110010000100010100000000000001
0001000100000001000011001100000000001000101010001000000000100000
0000000000100000110000001011000000010101100100000000010000000110
0010010010000101000110000010000001100001010000000000100100000001
0110000101000000000100001100010000001000000000010001000010000001
0011000100000000010100001100001000000000010110000000010010100000
1001001001011010110001011000000101010100000010100000001000001111
0001000000000000000000100000010000000000001110000010000100001000
1011001000000010000100100001000011000100011001001001000000010111
1000100100010000010000000010100111000000000011011110101000000000
0000010110100000001000100110000000000001000001010111000000000000
0011000000000000001110100000000000110000000010100100000001101000
1000100000000000010000000000000010100000100000000000000010000011
0000010101000010000110000001000110011101000100001010000011000000
0000000000000111000110000000000001011010101101011001000011001000
0000111000100000101100000010000000101100000100110110010010100010
1010001000001000000001000110001000000000110001000100010110000100
0010001011010001001100100000000000100010100000000000100010000000
0001101001001001110000000011010000001101000000001000000100101110
0000010000101001101001000001100001001100000000010000010000001100
0001011000001001010000101101001010100000000000001010010000011100
0010010000000000100001000011000000001000000100001010100000010110
0000000100110100000000101000000001000001000000000000100010100010
1000010001000000110000110010000100110001000001001000000101100010
0000000101001000000001000010010000011010000000001010100000010000
0010111100000000101000000110010110110100011000010001101000000100
1001000010100000101110001100110000001001000000100000001000000001
0101011100001001000001010100100000000111000000000001011000000010
0101010011110000011010011000010000000000010100000100100011000110
0100000000000010010011001100000000111001000000000000000000000000
0000000010000000111001100000010011010000010000000100110011000000
1001010000000111000000110111101000100110001000100010000010010000
0000110001000000011100010000000001000001000000101000100001010010
0000011010100000100000011000000000100000000101101000000100011001
0001001100010011001000000000000000000011000000000001010001000010
1010000111000000000010010001110010000000000000010110100100110110
1100000000001011000010100000010110000000000000000100000000101000
0000000110001001011001010110001100110100010000101000101010010100
0000010010000100001110100011101100101000000100001100001000100010
0011000000111010000000010001100000100001000001011000000010000000
1001000010001000000000000100100010000000001110001000100110110010
1000000001010100010000010000100100000010000010001101011010001100
1000000000000000010010010000001011001100110000000110100000111010
0000000001000111000000001001000010001000010000000100100000000011
1001010000001000100000100000111000000000000001001000000001110011
0011010110000101100000000001000000000000000000100010010000100000
0010001001100000000000100010000001000001100100000000010001101100
0011000001011100100000110011000010000001010001000000000001000101
0001000010000110000000000000100110000000000000011000001000000000
0000000001100011010100010100010100001001110001010110000000000000
0001000010000000001101001001011100000000100010000100100010100000
0000000010000000000010000011000000001010000000011000101000101110
1000001110101100111000000100100100000001100010000001011101000100
0000000010001010100010000010100001001000010000000000010010100000
0010010011000101011000000000001110100001100000101000010001010000
0000000000010010110001010010001100000000100000000110101000001100
0011001000000000011000001001100001010100011001000001000010000100
0000010000000100110011111001000100000000000001000110000001100010
0010000100100000100001100000000011000010001010000000000000000000
0011100001100001110010000010000101101010010110001100001000000001
0000000000010100010101000000000000000100000100011010101010011000
0000001001001100000000001000000000000011100000110100011000010100
0000000001100001000000010000100010010011000100011000000000100000
0001011110000010100010000000000001110100000000000000011000101011
0000101000110010010001010000000010000100000001001010100011001000
0001111101000000000000000000000100000000010000100110000000011100
0110000011001111010110001001000000000000000100000010001010100010
0100000000010000010000001000110101001110010000000000010101001001
0010001001000000010100000000010010000010000010000000111011000000
1000110001011010000000100001000100100000000001100000000000010000
0001100100000010000000001001000100000000001101010010100001000010
0000001110000000000001001001100010010000010000011000000011000000
0000011010011000001000000010100000010101001000001001000001000001
0000001010000100000000001110100111100100000000001110001001000000
0101000101011100000000001000000001000001110000100011111000000000
0000100000010001001000110001010010000000000110000000001000000000
0000001001001000100000000000000010100000100000000100000010000000
1011000000010000100000011000000000000111010100000100001001100000
0000000000100000000011001000000001111111011001010110001101000000
0010010110001000100000011000001000011010011000000001010001000000
0100000110000000001000000010000110001001101000000100000010101100
0000100010000010001101000001000000000100100001000001011100000000
0101000000000001010000000011010001010000000011000001101010101000
1000110000010001000000000001001000010000000000100010000000000001
0001000000100000110001011110000001100010001001001000001011000101
1000000111010101100101000001010000110001011000000000101011000000
1000010010001010100000010010010100111100101000000001000000000000
1000000001010000000000011011001010001101100000010100000100010010
0010111100010000001010000110100100101001000001000100101000000000
1000000001000000011000100010001000010101100001001000010111010110
0000000111000100001111110000010111011100100111000000000010011010
0101000001001000001000000001100100000000101000000101100000101000
0100000000101000100100010100010000011001010001101000000100010100
1000001000010010001000000000010100001101100000001011101000010000
0101000000000100001000010100000000000000011010001100000010000011
0000011010000010000000000110000001000100000010000001011100000000
0000000000001000000010010010000000000100000111000000000100101000
0101000000110000001000001010011010100010001011000100000001000010
0001000101100001000010111010001000100101000100001100000010000001
1010100100011101100100001010111100000100000000000000000001000000
0100100000000000010100101000000111000001001011000000000000101100
0100000001001101000000001001001000000110000000000100100010110000
0010000000011000000000011101100100000100110101010010000011101111
0110000010111000001000110010110110000000010000010000000011100110
0001000100011100111000100000010000000000000000100100110000000000
0000001000000000000000111000000000000110100000110000000000000000
0000000010101010010000001101000000001100100000001000011010110100
0001000110000010011100100101000000000000001110000110000110000000
1000000000001100000001000100010100011001000010000100011100011000
1000100000010000001000000000000000110000110100001010000000000010
0100010100101000001010110100010001000010101010001000010100110001
0000000000000001110110011000010101001011100001011000000000000000
0110010100100011000011100110100000001000000000101000000010111100
0010000001000000010000000001000101000000000000010011010010011001
0000110100001000100000000100010000100000000000100110100000001000
1001001100100000100000110000010000100010000000001010010000000011
0010000010000000001010001101010010000000110101000010000100000100
0000100010000110100000101000010000000001000000000011100010000100
0001000001100000000000100110000110001001000010000100000001001000
0000000000000010000000000001000100100000110010001000011000100000
1000100000110000100000000001001011000110000000000000000000001000
1010100001010000101000010101000000011000100111110001001010100100
0010000000000001000000000101010110000010000000001000100111000000
0011101001000001000010010010000100101000011010000010000000101010
0000000000000001000010001100110000010010000001010000001001001001
0010001010100010010001001000001100001100110101000000100010000101
0001000101000000100011010000001010000010100000000000100000101010
0001001000001000100001001000000000001010101000000000001000010010
0000100001100000000000000000000100000101000000010001000000000001
0100100100100111001010000000000000001000100110100000000010100100
0000110001010111111000000000101000000111001001010101100011100001
0101001001010110010110000000000001000010100000000000000100000110
0000010000100100110001001000000000010001000110001100101001000010
1100000000000011000000100010000011000010000100000000100010100000
1100001000101001011000011101000001001010000100001010001000000110
0010010010101000110100010000000000011000100000100101110000000010
1000010010001010101000110000000000000000110000100001000110011011
1000000100000000000010100001101001010000000000010001000000100000
0000000000001000010000011000001000110001101001010100000000001001
0010001001000101100000000000011010100100101010010000010100100000
0000010010000000100000000010000011001000000001000001000000100011
0000000000110000000000001000001010000010000000000001000001000100
0000000000001100110001000000001000000110000000101000000100010001
1001001000001011101010000000000001001010110000000100101010000000
0000010110000000100100101001100000000000000100100101001000000100
0111101011000000000001010100000100000101110001101110110100010010
1000110001100000001001100100001001000000000110001000000100010000
0010000000010011010100000000010000100000110010010000100000000010
0000100101000000000101000100000101101011000100010100001101000000
0000000110011000001000010000000000000000000001001001100100000001
0010000000010000100000000000000000010000000100000101100011001011
0000000110001010011000110000000000100100010000011010001010001000
0000010010101001000010010001000000000010011000000100100000000000
1000000000001000000000000100000110000000000000101000111000000001
0000000000000000100101001001000001001000100000001000000101001000
1101011000001011000000000000110000101010100010000000010101000001
0010001000001000000101100011000000000100001110010011100100010010
0000100001001000000011011100000000010011001100100000000010010100
0000011100000000010010000001000001011010000000010011010101000001
1000000000000001101000100001000001001100000000100000000000000010
0010110000010000001000101000001000010000000010010100101010000000
1001000100000011000000100000100100000100000000010000010000111000
1000000110000101101101001111000100111100010100000010000000000000
0000000100010010101010110100000000000110100000000000000000001001
1000001100111010000101100000100010001100000000100000001100100000
0000000101000110001001011000001001010000010000010001000001000000
0000100000010000010001000001110000100100110001010000000001100111
0001010010001110001001100001000011000011100000010000010010000011
1010100010101000000011000000001000000010000000111000000010001011
0000010000100000010101000001100001100010000000100000100101001000
1000010000000001000000001000000100100100111000000010000010000110
0000000010000100000010010000100101000111111010001100101101110011
0101100000000011010001000000000100111100100000001000001010000000
0110000010000000000010100100100001000101000100001000000000000000
0000000000000100100010000010001100101100011000000000000000010000
0010010000000111100000000001100000000000101011000001000110000001
0011010011000000000000000001011001000100110001100010000010001110
0001100010000010011000001100010100010100000000000001010100000000
1011010010000000001000100000000100001001000010000000000000010001
0000100001001100000101000001000011110001010000100011000100000110
0100001000100101001000010011000000000001100100001000000110010011
1001000000011000000000000010000100000001001000100010000000001100
0001000000000010000100100101000001011010010001010100000011000010
1001000000100000100100110000100100010001000010100001001010001000
0000100100100000010010100001000000000001010011000110010010111000
0000001001010001010000011000011000000001001000001001101100000000
0000000000000000000001001001100000000000110000001100011101000000
0001000000000001010010000101000100001001000001001001000100010000
0011000010110000010000000010100000100000001000000100011001001001
1000010010000000000001010000101111011010001000000101000010010000
0000010000100001100000000000000000000010010101000010101011000000
0000100001100010100000101000110000000000001010000100000000000100
0000001000010000000000011010000100001010010001100110010010000000
1010000000000000001000000010010000000101000000010000000000101000
1110100010000111100000000000110000000000110100000101000000000000
0001011100010000000000000001100000100000000010000110001000010000
0000010000110000000000101011000000010011001000000100000000000010
0100100000010010010000100000001011000001111100000001001000010000
0010100101001000110010010000010001010000001111100000001000001001
0000001000000010100010100011000000000000100101000110110000000000
0000010101000100101101010010100000000000100100100000001100000010
0000001000100000110000000011000000010001000000000110000000101010
0010000111010001100001010001000001000100011100001101110000100101
0000101010001000000000000101000110000001010000000100100100000011
1100010100001000000010000010000001110000100000001000000111010000
0100000001100000100000001000100000000010000110000000100000100100
0100001001000010001000001000010001000110001000000001000011000000
0100010000010010000010000000000100111000000100000111011000000000
0000010101100000010000000100000010001000000000000100001101000100
0000001100000100100100010100011100001101010011000011100000000001
1010010010100101101001000001000000100000010010110000001000010000
0101000010101000001001100000001011111000001010101000110110100100
0100010000100000001000000010100110001000101000100010001100000000
1101010010101010000100000101001000001110100000100000100010001110
0000000001000100000000110011101100000101000010101001011000000010
1001000001000010011000011000000000001000001011000111100000000101
0000100001010010000010000000000010011100000000000101011000010010
1010000000010000010100110000000000011010000000010010100100000001
0000000100110001100001011000010100010001000110000000111100001010
0010000110000000111000110000000000111001000000010000000000000010
1001100000000000000001000000010101000010000000110000000010001001
0001001000000000101000001011010000010000010001000000000000001000
1000011000110011000000000000011000101010110100000100000001100000
0001010000010001001101000000001100000100011100010101100010010000
0010010000110001000000100000000000110010000001100011000000101001
1001010000000010000110101100010100100000000000000101000001000010
0101101000001100000100011000000101100100001000000000000001100000
0000100010001100000000000000000001001000000000000000010101001000
0000000000101001110000110101001100100001100001001011001010001010
0100000000100000000000000100010100000001000000010010000001001010
0100000000000011110010000100000000000001001010111100001011000000
1000101101110011001110001100000000100010101000010000100010000001
0001010000001001000110000000100000000011000100100000000000000010
0010001010100001001000001011000100000000000101001001100001100101
0000000000000101111010000000000000011000000010100000000000000011
0001000000011100010000100000110000010011100000000000000110111000
1000001000000001100010100000100000001000000000100010010000001000
0010100000000000000000100000100111000100100000001010000010000010
0000010010111110001110000001101100101100000110010000001001000010
0010010001011001010000001100111010100000110000100000010010100010
1100000001001000000111101100010110000100000010100000000010110010
0000011100000010001110000000100000001000010010000000001000000001
0000000000110000001000000000000010101000000000000001101001000000
0010100010000011010010100100000101000111000100100000010000100100
0100000010010000100000000001001000100010100011011010000110100000
0000110011010101100100000001100000000100001010100001010001000001
0011001000001100010110000000000000000000010000001000000010000010
1010100001000011101000001000100100100100011001000000001000000011
0011010000000010100010010010000000000000010000001110010000000101
1010001100000110010010100100100011000101110010011000000100111000
1001100010001000100000010000011000000110001001000101000010001011
0000001010110101000000001100001110001000000001000000010000000011
0010000000011000000001000100100000000101110101010001000000001001
0100100001010010110100010010011001100000000010000010100001100000
0000000010010000100100000000001100000001000011000000100000010000
0000000000000010000001011000000011100011001100000000101000100100
0010100000110100001010111000001010000110010000001000000000100001
0100000000001100000000100000001000000101001000000000010000010000
1000000100000000000000011101000011000000001100001000000000000000
0100001001000010000010110000010000000100100000110010000010011010
0011000000001001000000100010000010000010000001010000000100000011
0011011000100000000000000000010100100000010010001000000000100010
1010001001000100000000001100110110000000110010001010100001010000
0000011000000101011000010000000010010000000100000000000010010000
0000000101010111000000000000001011100100000001011001011101000000
1010001100110000000110000001100100100100000001001001100001100100
0100000100000000000111010011000110010001000000001100010101000001
0000010100000000000101010000100101000000100000001010000010001100
0000000000011100010000100000000100000011010000000001000100110110
0001000001100100010000000000010000000100000001000100000000000001
0101011100100000100000000110100100000001000000100100010110001101
0011011010001000010001001100001000000000001001100010101000000010
0000010000011000011000000010000010000101100000010000110000000000
1110010000000000010100111000000000100000010101001101100000000001
1100000000000011110001000000000100000000001000000100000100000000
0011011010010000000100100110100001001100000000000000111000010000
1011000000101000000100001000011001001100001000011011100101011000
1000000000010011101010000000000101110100001000000000010000000000
1101010010000000010100001101000010101001001010100000110100010000
0000011100000000011000000000101010010000110100000000010100000000
0100101100001100000001000110001011111011010101000000110100010000
0000000100110101001000000010001110011100000000011000100100010000
0001010000000100010101011011100000100110000100010110000000000100
0010100010000110100100101000101101000010000000010000000010100001
0000000000001010110000011001000010011011110000101000000001100110
0011000000000000111010000000000000010101000000010000000000001110
0000000110010100010000001000000010100100100010011001010000000000
1100000010001100000010010100000000001011000100000100000000000000
0010010000000100000000111000001011000000010010000010100000000101
1100110000100000011000101000000010010010000000001010001000110100
0000011000000000010000011011000000110101010000100000001000100000
0001110001001010000000000010110000000000000100100000000000100000
0101000000000011000010101000101010100100100010000010001010100000
0100010010111000010000000000000010010001101111000011000100101000
0000000000010001110000001000100100000000010000101010100000010000
0000010000000010100000111100001100000000101101000100000000001010
0000000101100000010001100001100001000100001101100000011100100010
0010010100010100000110010000001010000000000010100110010110000001
0100001000011001011101000000000000000100000101101001100000010001
0000100010010010000100010001100000001000010000000000100000010110
1100001000100001001000101000000001000010000100111110000000100100
1100101000010000000111100000000001000001000000001001001000000110
0001011000000001001000000010011100110000100000100001001000000001
0100010001000111010000000001101001000000001110000100000001011100
0101000000010000001000000000001010010101001000010000010000110100
1101100000100110100100100111100100000100000001000000110001000010
1000001000000000000001000010100000000010100000010001000100100000
0001000010000010000000100010000001000100000000101011000101001000
0010000101111001111000000001000110101001001001000000000000100100
0000101010000001001000101011000100100010011000001001000000000010
0000010000011110000010000000010001000000011000001001000100001000
0011110000000000100001000100000000100000000000000110000011000000
0101000101000001001100001000000100000101010001010011011000100010
1100000100000100001000000100001001001000000100000001101111011010
1001010000100010100000001000000000000010110011001010001010000010
0000010100100010000110001010100101110100101100000101100000001000
1100100000100001000100101001000100010001000000000000010000000000
0101001100000000010000101000100000110001100000000100000100000100
0010000000000101010110000000000100000000000110111100000000100110
0000000000100010001001101011100001000001000001011000001101101001
0110000111100010000011000000100000000000100000011011000000000010
0000000010110000010100010000000000110000010000010000110010001001
0000011101100001000000010111001001100000000000010100000000010101
0000100111000000000001100000100001000000000000000011000001000000
0010010000000000000011000100100100000000000110000100001000000000
1000011100100001000100101000001000000010000101000001001000000100
0010000100000000000010000000000000100011000010001000000000000110
0010001010001001000000100001001100010010000011000001010000000010
0011001101100000101000000000011000001101100000110001100100100000
0010000000100000000000000001000000000100000000100000010110010000
1100001000010100101001001110010000000000110000010000011001100001
0100000000010001100001100010001100100011010000000000001111000110
0000100000001010001000100101010000000010100100101010010100001101
0000000000000000010000011011101000000110100000010000011000000000
0001001000000011101000100000000000000110001000001010000000101100
1000000001000000100100110100000000011001111000000000110000000001
1010000000001100001001000000000000000000011001100100000000000000
0000010001000000010000100001000100001100000010000111000000001000
0001111100001100001000101001000000101000100100000000011000011000
0110010010010001001000010000000000100011001100100000000100001000
0001010000000000001001001010000000011001000000010000000100001000
0000100100000000001001000000010010001000000000100100100010000001
0100000000101100011000010010000000000000000000000001011010100101
1001001000100010000010001100101000000001001100011010001010100010
1010000000100011010000000000011000000010000000100000000110010000
0001010010100000011101000001000000000000000001100010101001101000
0000110010100010000000110011010000000010011100100001100010000000
1001010001000000010110010000000001001010001000000000010100100000
0000001001100000110010000010010001000000010000011000001000010100
1001100110000100000000110110001000000000111000111100101001000000
0010000000000000100010000000100010011011000100001000010000011001
0100100000000000000000000100000000000001111010001101000100000000
1000000100000000110000000011001101100000000101001000000001000001
1100100101000010100100000010010010000000000000100000000001010010
0000000001000100000100011000011100000001001001100100101001110000
0110001010000000000001000000000011111000001000000100110010010011
0000000010110000001010101000001000001000001000000000110000100000
0000000110100100000000001000000010010011000101110101000000100100
0000000101100000010111010000000000001011000000100110000000000000
0000000111000001100100000000000000011000100001000100010100111011
1101100100000000101000001000100000111000110110100110001010001000
0100000000010000010010100110001000000100000000010100000010010010
1010000000001001000000100010010000001001010110011000000000000000
0000000100100000010001010001000000100110000111001101010000001000
0000000000000000000100000000111000000100000001001000010010111000
1001100001010000100001001100000000010001000000100100100001010010
1000100000000101001010100000000111000100011100100011111000110001
0100110000000000011000001010000101000000001001010000001000000000
1000100101000100100100000000101000001000000110000000010010010100
0000100000000100000001011001100010000000011000101010100000100000
0010001000000010000000000000110000001000100001001000001010000100
0000100010010000010000110010001000000000000010100000000100000001
0000011110011010100000010111010000100100000000001010000000000110
0000010000101000000101101000000001110010100000010000000010001100
