00000000000010010000000000001000000000000000011000000000000001010000000000000100000000000000001100000000000000100000000000000000
00000000000101000000000000010011000000000001000100000000000100000000000000001110000000000000110100000000000010110000000000001010
00000000001000010000000000100000000000000001111000000000000111000000000000011010000000000001100100000000000101110000000000010101
00000000001010110000000000101010000000000010100000000000001001110000000000100110000000000010010100000000001001000000000000100011
00000000001101110000000000110101000000000011010000000000001100100000000000110000000000000010111100000000001011010000000000101100
00000000010000000000000000111111000000000011111000000000001111000000000000111011000000000011101000000000001110010000000000111000
00000000010010100000000001001001000000000100011100000000010001010000000001000100000000000100001100000000010000100000000001000001
00000000010101100000000001010100000000000101001000000000010100010000000001010000000000000100111000000000010011010000000001001100
00000000011000110000000001100001000000000110000000000000010111100000000001011101000000000101101100000000010110010000000001010111
00000000011100000000000001101110000000000110110000000000011010100000000001101001000000000110100000000000011001100000000001100101
00000000011110110000000001111010000000000111100000000000011101100000000001110101000000000111010000000000011100110000000001110001
00000000100001000000000010000011000000001000001000000000100000010000000010000000000000000111111100000000011111010000000001111100
00000000100100000000000010001110000000001000110000000000100010100000000010001000000000001000011100000000100001100000000010000101
00000000100110110000000010011010000000001001100100000000100110000000000010010110000000001001010100000000100100110000000010010001
00000000101001010000000010100100000000001010001000000000101000010000000010100000000000001001111100000000100111100000000010011101
00000000101100110000000010110001000000001010111100000000101011010000000010101100000000001010101000000000101010000000000010100111
00000000101111000000000010111011000000001011101000000000101110010000000010111000000000001011011100000000101101010000000010110100
00000000110001010000000011000100000000001100001100000000110000100000000011000001000000001100000000000000101111110000000010111110
00000000110100010000000011001111000000001100110100000000110011000000000011001011000000001100100100000000110010000000000011000111
00000000110111000000000011011011000000001101101000000000110110000000000011010110000000001101010100000000110101000000000011010010
00000000111001110000000011100110000000001110010100000000111000110000000011100010000000001110000000000000110111100000000011011101
00000000111100010000000011110000000000001110111100000000111011100000000011101101000000001110101100000000111010100000000011101001
00000000111111000000000011111010000000001111100100000000111101110000000011110110000000001111010100000000111101000000000011110010
00000001000001100000000100000101000000010000010000000001000000110000000100000010000000010000000100000000111111110000000011111110
00000001000100000000000100001111000000010000111000000001000011000000000100001010000000010000100100000001000010000000000100000111
00000001000111100000000100011100000000010001101100000001000110010000000100010111000000010001010100000001000101000000000100010010
00000001001010010000000100101000000000010010011100000001001001100000000100100100000000010010001000000001001000010000000100100000
00000001001101010000000100110011000000010011001000000001001100010000000100101111000000010010110100000001001011000000000100101010
00000001010000100000000101000001000000010100000000000001001111100000000100111100000000010011101000000001001110000000000100110111
00000001010010110000000101001010000000010100100100000001010010000000000101000111000000010100011000000001010001010000000101000011
00000001010110000000000101010111000000010101011000000001010101000000000101010010000000010101000100000001010011110000000101001101
00000001011000110000000101100001000000010110000000000001010111110000000101011101000000010101110000000001010110110000000101011001
00000001011100010000000101101111000000010110111000000001011011000000000101101010000000010110100000000001011001110000000101100101
00000001011110110000000101111010000000010111100100000001011101110000000101110110000000010111010100000001011100110000000101110010
00000001100001010000000110000100000000011000001100000001100000100000000110000001000000010111111100000001011111100000000101111101
00000001100100100000000110010000000000011000111000000001100011010000000110001011000000011000100100000001100001110000000110000110
00000001100111110000000110011110000000011001110000000001100110100000000110011000000000011001011100000001100101100000000110010100
00000001101010100000000110101001000000011010011100000001101001100000000110100101000000011010010000000001101000100000000110100001
00000001101101110000000110110110000000011011010000000001101100110000000110110010000000011011000000000001101011100000000110101100
00000001110000110000000111000010000000011100000000000001101111100000000110111101000000011011110000000001101110100000000110111001
00000001110011010000000111001100000000011100101100000001110010100000000111001000000000011100011100000001110001100000000111000101
00000001110110000000000111010111000000011101011000000001110101000000000111010010000000011101000000000001110011110000000111001110
00000001111001000000000111100011000000011110001000000001111000000000000111011110000000011101110000000001110110100000000111011001
00000001111011110000000111101110000000011110110100000001111011000000000111101011000000011110100100000001111010000000000111100110
00000001111110100000000111111001000000011111100000000001111101100000000111110100000000011111001100000001111100100000000111110000
00000010000001100000001000000100000000100000001100000010000000100000001000000000000000011111111100000001111111010000000111111011
00000010000100110000001000010001000000100000111100000010000011010000001000001100000000100000101000000010000010000000001000000111
00000010001000010000001000011111000000100001110100000010000110110000001000011010000000100001100000000010000101110000001000010101
00000010001011010000001000101011000000100010101000000010001010000000001000100111000000100010011000000010001001000000001000100010
00000010001110100000001000111000000000100011011100000010001101010000001000110011000000100011001000000010001100010000001000101111
00000010010001000000001001000011000000100100001000000010010000010000001000111111000000100011110100000010001111000000001000111011
00000010010100000000001001001110000000100100110000000010010010100000001001001001000000100100100000000010010001110000001001000110
00000010010110100000001001011000000000100101011100000010010101100000001001010101000000100101010000000010010100110000001001010001
00000010011001100000001001100101000000100110001100000010011000010000001001100000000000100101111000000010010111000000001001011011
