00000000000010110000000000001010000000000000100100000000000001110000000000000101000000000000001100000000000000100000000000000000
00000000000110000000000000010110000000000001010100000000000101000000000000010011000000000001000100000000000011110000000000001101
00000000001001100000000000100100000000000010001000000000001000000000000000011111000000000001110100000000000110110000000000011001
00000000001011110000000000101110000000000010110100000000001011000000000000101010000000000010100100000000001010000000000000100111
00000000001110100000000000111001000000000011011100000000001101100000000000110101000000000011010000000000001100110000000000110001
00000000010001100000000001000100000000000100001100000000010000100000000001000000000000000011111100000000001111010000000000111011
00000000010100110000000001010010000000000101000000000000010011100000000001001101000000000100101100000000010010010000000001001000
00000000010111110000000001011101000000000101101100000000010110100000000001011001000000000101100000000000010101100000000001010100
00000000011011010000000001101100000000000110101000000000011010000000000001100110000000000110010100000000011000110000000001100001
00000000011110100000000001111000000000000111011000000000011101010000000001110011000000000111001000000000011100000000000001101111
00000000100001010000000010000100000000001000001100000000100000010000000001111111000000000111111000000000011111000000000001111011
00000000100100010000000010001111000000001000110100000000100011000000000010001011000000001000101000000000100010010000000010000111
00000000100110110000000010011010000000001001100000000000100101110000000010010110000000001001010100000000100101000000000010010010
00000000101010000000000010100110000000001010010000000000101000110000000010100010000000001010000000000000100111100000000010011100
00000000101101000000000010110010000000001011000000000000101011110000000010101101000000001010110000000000101010110000000010101001
00000000110000010000000011000000000000001011111000000000101111000000000010111010000000001011100000000000101101100000000010110101
00000000110010110000000011001010000000001100100000000000110001110000000011000110000000001100010000000000110000110000000011000010
00000000110101010000000011010011000000001101000100000000110100000000000011001111000000001100111000000000110011010000000011001100
00000000110111100000000011011101000000001101110000000000110110110000000011011010000000001101100000000000110101110000000011010110
00000000111010010000000011101000000000001110011100000000111001100000000011100100000000001110001100000000111000010000000011011111
00000000111110000000000011110110000000001111010000000000111100110000000011110001000000001110111100000000111011010000000011101011
00000001000001010000000100000011000000010000000100000001000000000000000011111110000000001111110100000000111110110000000011111010
00000001000100010000000100010000000000010000111000000001000011010000000100001011000000010000101000000001000010000000000100000110
00000001000111010000000100011011000000010001101000000001000110000000000100010111000000010001010100000001000101000000000100010010
00000001001010010000000100101000000000010010011000000001001001000000000100100010000000010010000100000001001000000000000100011111
00000001001101010000000100110100000000010011001100000001001100010000000100101111000000010010110100000001001010110000000100101010
00000001010000000000000100111111000000010011111000000001001111010000000100111011000000010011101000000001001110010000000100110111
00000001010010110000000101001010000000010100100100000001010010000000000101000111000000010100010100000001010000110000000101000010
00000001010101110000000101010101000000010101001100000001010100010000000101010000000000010100111100000001010011100000000101001101
00000001011000100000000101100001000000010101111100000001010111100000000101011101000000010101110000000001010110100000000101011001
00000001011011100000000101101101000000010110101100000001011010010000000101100111000000010110010100000001011001000000000101100011
00000001011110010000000101111000000000010111011100000001011101100000000101110100000000010111001000000001011100010000000101101111
00000001100001100000000110000100000000011000001000000001100000010000000110000000000000010111111000000001011111010000000101111011
00000001100100010000000110010000000000011000111000000001100011010000000110001011000000011000101000000001100010010000000110001000
00000001100111000000000110011010000000011001100100000001100110000000000110010111000000011001011000000001100101000000000110010011
00000001101001110000000110100101000000011010010000000001101000110000000110100010000000011010000100000001101000000000000110011110
00000001101100110000000110110010000000011011000000000001101011100000000110101101000000011010101100000001101010100000000110101000
00000001101111100000000110111100000000011011101100000001101110100000000110111000000000011011011100000001101101100000000110110100
00000001110001100000000111000101000000011100010000000001110000110000000111000010000000011100000100000001110000000000000110111111
00000001110100000000000111001111000000011100111000000001110011000000000111001011000000011100101000000001110010010000000111000111
00000001110110110000000111011010000000011101100100000001110101110000000111010101000000011101010000000001110100100000000111010001
00000001111001010000000111100100000000011110001100000001111000100000000111100000000000011101111000000001110111010000000111011100
00000001111100010000000111101111000000011110110100000001111011000000000111101011000000011110100100000001111010000000000111100110
00000001111110100000000111111001000000011111100000000001111101110000000111110110000000011111010100000001111100110000000111110010
00000010000001010000001000000100000000100000001000000010000000010000001000000000000000011111111100000001111111010000000111111011
00000010000100000000001000001110000000100000110100000010000011000000001000001011000000100000101000000010000010010000001000000111
00000010000110110000001000011010000000100001100100000010000101110000001000010101000000100001010000000010000100110000001000010010
00000010001001110000001000100110000000100010010100000010001001000000001000100010000000100010000100000010000111110000001000011101
00000010001101000000001000110010000000100011000000000010001011100000001000101101000000100010110000000010001010110000001000101001
00000010001111010000001000111100000000100011101000000010001110010000001000111000000000100011011100000010001101100000001000110101
00000010010010010000001001001000000000100100011000000010010001010000001001000100000000100100001000000010010000010000001000111111
00000010010101100000001001010100000000100101001100000010010100100000001001010000000000100100111000000010010011000000001001001011
00000010011000100000001001100001000000100110000000000010010111100000001001011100000000100101101000000010010110000000001001010111
00000010011011000000001001101011000000100110101000000010011010000000001001100111000000100110010100000010011001000000001001100011
