00000000000010010000000000000111000000000000011000000000000001010000000000000011000000000000001000000000000000010000000000000000
00000000000101010000000000010011000000000001000100000000000011110000000000001101000000000000110000000000000010110000000000001010
00000000001000110000000000100001000000000001111100000000000111010000000000011100000000000001101000000000000110010000000000010111
00000000001011010000000000101011000000000010100100000000001010000000000000100111000000000010011000000000001001010000000000100100
00000000001110010000000000110111000000000011010100000000001101000000000000110011000000000011001000000000001100000000000000101111
00000000010001000000000001000010000000000100000000000000001111110000000000111110000000000011110000000000001110110000000000111010
00000000010100000000000001001111000000000100111000000000010011000000000001001010000000000100100000000000010001110000000001000101
00000000010111010000000001011011000000000101101000000000010110010000000001010111000000000101010100000000010101000000000001010010
00000000011010000000000001100110000000000110010100000000011000110000000001100010000000000110000100000000011000000000000001011110
00000000011101000000000001110011000000000111000100000000011100000000000001101110000000000110110100000000011010110000000001101001
00000000011111100000000001111101000000000111101100000000011110100000000001111001000000000111100000000000011101110000000001110101
00000000100010000000000010000111000000001000011000000000100001010000000010000100000000001000001100000000100000010000000001111111
00000000100101000000000010010011000000001001000100000000100100000000000010001111000000001000110100000000100011000000000010001010
00000000100111110000000010011101000000001001110000000000100110100000000010011001000000001001100000000000100101100000000010010101
00000000101010010000000010101000000000001010011100000000101001010000000010100100000000001010001100000000101000100000000010100001
00000000101101010000000010110011000000001011001000000000101100000000000010101110000000001010110100000000101011000000000010101010
00000000110000000000000010111111000000001011111000000000101111000000000010111011000000001011100100000000101101110000000010110110
00000000110010110000000011001001000000001100100000000000110001100000000011000101000000001100010000000000110000110000000011000010
00000000110101110000000011010101000000001101001100000000110100100000000011010001000000001101000000000000110011100000000011001100
00000000111000110000000011100010000000001110000000000000110111100000000011011100000000001101101100000000110110010000000011011000
00000000111010110000000011101010000000001110100100000000111010000000000011100111000000001110011000000000111001010000000011100100
00000000111101000000000011110010000000001111000100000000111100000000000011101111000000001110111000000000111011010000000011101100
00000001000000010000000011111111000000001111111000000000111111000000000011111010000000001111100100000000111101110000000011110110
00000001000011000000000100001011000000010000101000000001000010010000000100001000000000010000011000000001000001000000000100000010
00000001000101110000000100010110000000010001010100000001000100110000000100010010000000010001000000000001000011110000000100001101
00000001001000110000000100100001000000010001111100000001000111010000000100011100000000010001101100000001000110010000000100011000
00000001001011110000000100101110000000010010110000000001001010100000000100101001000000010010100000000001001001110000000100100101
00000001001110100000000100111001000000010011100000000001001101100000000100110101000000010011010000000001001100110000000100110001
00000001010001010000000101000100000000010100001000000001010000000000000100111111000000010011111000000001001111010000000100111100
00000001010100100000000101010001000000010101000000000001010011100000000101001100000000010100101000000001010010010000000101000111
00000001010111100000000101011101000000010101101100000001010110010000000101011000000000010101011100000001010101010000000101010011
00000001011010010000000101101000000000010110011000000001011001010000000101100011000000010110001000000001011000010000000101100000
00000001011101010000000101110011000000010111001000000001011100000000000101101110000000010110110000000001011010110000000101101010
00000001100000010000000110000000000000010111111000000001011111010000000101111011000000010111100100000001011110000000000101110111
00000001100011100000000110001100000000011000101100000001100010010000000110000111000000011000011000000001100001000000000110000010
00000001100101110000000110010110000000011001010000000001100100110000000110010010000000011001000100000001100100000000000110001111
00000001101000100000000110100001000000011010000000000001100111100000000110011101000000011001110000000001100110100000000110011000
00000001101100000000000110101110000000011010110000000001101010100000000110101001000000011010100000000001101001100000000110100100
00000001101111010000000110111011000000011011101000000001101110000000000110110110000000011011010100000001101101000000000110110010
00000001110010110000000111001001000000011100100000000001110001100000000111000100000000011100001000000001110000010000000110111111
00000001110101010000000111010100000000011101001100000001110100100000000111010001000000011100111100000001110011010000000111001100
00000001111000010000000111100000000000011101111000000001110111000000000111011011000000011101100100000001110110000000000111010110
00000001111011010000000111101100000000011110101000000001111010000000000111100111000000011110011000000001111001000000000111100010
00000001111110000000000111110111000000011111010100000001111100110000000111110010000000011111000100000001111011110000000111101110
00000010000000110000001000000010000000100000000100000001111111110000000111111101000000011111101100000001111110100000000111111001
00000010000011110000001000001110000000100000110100000010000010110000001000001001000000100000011100000010000001010000001000000100
00000010000110110000001000011010000000100001100000000010000101110000001000010101000000100001001100000010000100010000001000010000
00000010001001100000001000100101000000100010010000000010001000100000001000100000000000100001111100000010000111100000001000011101
00000010001011110000001000101110000000100010110000000010001010110000001000101010000000100010100100000010001010000000001000100111
00000010001110110000001000111010000000100011100000000010001101110000001000110101000000100011010000000010001100100000001000110001
00000010010001100000001001000101000000100100010000000010010000110000001001000010000000100100000000000010001111100000001000111101
00000010010100100000001001010001000000100101000000000010010011110000001001001101000000100100101100000010010010010000001001000111
00000010010111010000001001011011000000100101101000000010010110000000001001010111000000100101010100000010010101000000001001010011
00000010011001100000001001100100000000100110001100000010011000100000001001100001000000100110000000000010010111110000001001011110
