00000000000010110000000000001001000000000000100000000000000001100000000000000100000000000000001100000000000000010000000000000000
00000000000110000000000000010110000000000001010000000000000100110000000000010010000000000001000000000000000011100000000000001100
00000000001000100000000000100001000000000010000000000000000111110000000000011101000000000001110000000000000110100000000000011001
00000000001011000000000000101010000000000010100100000000001010000000000000100111000000000010011000000000001001010000000000100100
00000000001110000000000000110110000000000011010100000000001100110000000000110001000000000011000000000000001011110000000000101110
00000000010001000000000001000010000000000100000100000000001111110000000000111110000000000011110000000000001110100000000000111001
00000000010011010000000001001011000000000100101000000000010010010000000001001000000000000100011100000000010001100000000001000101
00000000010110010000000001010111000000000101010100000000010100110000000001010001000000000101000000000000010011110000000001001110
00000000011001010000000001100100000000000110001000000000011000000000000001011110000000000101110100000000010111000000000001011010
00000000011011110000000001101110000000000110110000000000011010110000000001101010000000000110100000000000011001110000000001100110
00000000011110100000000001111001000000000111100000000000011101100000000001110101000000000111001100000000011100100000000001110001
00000000100001100000000010000100000000001000001100000000100000100000000010000001000000000111111100000000011111010000000001111011
00000000100100100000000010010000000000001000111100000000100011100000000010001100000000001000101000000000100010000000000010000111
00000000100111010000000010011011000000001001101000000000100110000000000010010111000000001001011000000000100101010000000010010011
00000000101001100000000010100101000000001010001100000000101000100000000010100001000000001010000000000000100111110000000010011110
00000000101100010000000010110000000000001010111100000000101011010000000010101100000000001010101000000000101010010000000010101000
00000000101111010000000010111100000000001011101000000000101110010000000010110111000000001011011000000000101101010000000010110011
00000000110010000000000011000111000000001100011000000000110001000000000011000011000000001100000100000000110000000000000010111111
00000000110101000000000011010010000000001101000100000000110011110000000011001101000000001100101100000000110010100000000011001001
00000000110111100000000011011101000000001101110000000000110110110000000011011001000000001101011100000000110101100000000011010101
00000000111010000000000011100111000000001110011000000000111001010000000011100011000000001110001000000000111000010000000011100000
00000000111100110000000011110010000000001111000100000000111100000000000011101110000000001110110100000000111010110000000011101010
00000000111111110000000011111101000000001111110000000000111110100000000011111000000000001111011100000000111101010000000011110100
00000001000010100000000100001000000000010000011000000001000001010000000100000100000000010000001000000001000000010000000100000000
00000001000101000000000100010011000000010001001000000001000100010000000100001111000000010000111000000001000011010000000100001100
00000001000111100000000100011100000000010001101100000001000110100000000100011001000000010001100000000001000101110000000100010110
00000001001010000000000100100111000000010010011000000001001001000000000100100011000000010010001000000001001000000000000100011111
00000001001100100000000100110001000000010010111100000001001011100000000100101101000000010010101100000001001010100000000100101001
00000001010000000000000100111110000000010011110000000001001110100000000100111000000000010011011000000001001101010000000100110100
00000001010010110000000101001010000000010100100100000001010010000000000101000110000000010100010000000001010000110000000101000001
00000001010101100000000101010101000000010101010000000001010100110000000101010001000000010101000000000001010011100000000101001101
00000001011001000000000101100011000000010110000100000001010111110000000101011110000000010101110000000001010110100000000101011000
00000001011100000000000101101110000000010110110100000001011011000000000101101010000000010110100000000001011001100000000101100101
00000001011110010000000101111000000000010111011100000001011101010000000101110100000000010111001100000001011100100000000101110001
00000001100001010000000110000011000000011000001000000001100000000000000101111111000000010111111000000001011111000000000101111011
00000001100100010000000110001111000000011000111000000001100011000000000110001011000000011000100100000001100010000000000110000111
00000001100110110000000110011001000000011001100000000001100101110000000110010110000000011001010100000001100100110000000110010010
00000001101001110000000110100101000000011010010000000001101000100000000110100001000000011010000000000001100111110000000110011101
00000001101100100000000110110000000000011010111100000001101011100000000110101100000000011010101100000001101010100000000110101000
00000001101111100000000110111100000000011011101100000001101110100000000110111001000000011011011100000001101101010000000110110011
00000001110010000000000111000111000000011100010100000001110000110000000111000010000000011100000100000001110000000000000110111111
00000001110101000000000111010011000000011101000100000001110011110000000111001101000000011100110000000001110010110000000111001001
00000001111000000000000111011111000000011101111000000001110111000000000111011010000000011101100000000001110101110000000111010101
00000001111010110000000111101010000000011110100100000001111001110000000111100110000000011110010000000001111000110000000111100001
00000001111101100000000111110101000000011111010000000001111100110000000111110001000000011111000000000001111011110000000111101101
00000010000000110000001000000010000000100000000000000001111111100000000111111100000000011111101100000001111110100000000111111000
00000010000011100000001000001100000000100000101100000010000010100000001000001000000000100000011100000010000001100000001000000101
00000010000110010000001000010111000000100001011000000010000101010000001000010100000000100001001100000010000100010000001000010000
00000010001001100000001000100100000000100010001000000010001000000000001000011111000000100001111000000010000111000000001000011011
00000010001100010000001000110000000000100010111000000010001011010000001000101011000000100010100100000010001010000000001000100111
00000010001111100000001000111100000000100011101000000010001110010000001000110111000000100011011000000010001101000000001000110010
00000010010010000000001001000110000000100100010100000010010001000000001001000010000000100100000100000010010000000000001000111111
00000010010100110000001001010010000000100101000000000010010011100000001001001101000000100100110000000010010010110000001001001010
00000010010111110000001001011101000000100101110000000010010110100000001001011001000000100101011100000010010101010000001001010100
