00000000000010010000000000001000000000000000011000000000000001000000000000000011000000000000001000000000000000010000000000000000
00000000000101000000000000010011000000000001001000000000000100010000000000010000000000000000111000000000000011000000000000001010
00000000001000010000000000011111000000000001111000000000000111000000000000011010000000000001100100000000000101110000000000010110
00000000001011100000000000101100000000000010101000000000001010000000000000100111000000000010010100000000001000110000000000100010
00000000001110010000000000111000000000000011011100000000001101100000000000110101000000000011001100000000001100010000000000110000
00000000010001010000000001000011000000000100001000000000010000010000000000111111000000000011111000000000001111010000000000111011
00000000010100010000000001001111000000000100111000000000010011010000000001001011000000000100100100000000010001110000000001000110
00000000010111110000000001011110000000000101110000000000010110100000000001011000000000000101011100000000010101010000000001010011
00000000011010010000000001101000000000000110011000000000011001010000000001100011000000000110001000000000011000010000000001100000
00000000011101110000000001110101000000000111001100000000011100010000000001101111000000000110111000000000011011000000000001101010
00000000100000010000000010000000000000000111111100000000011111100000000001111101000000000111110000000000011110100000000001111000
00000000100011000000000010001011000000001000101000000000100010010000000010001000000000001000011000000000100001000000000010000011
00000000100110000000000010010111000000001001010100000000100101000000000010010011000000001001000100000000100011110000000010001110
00000000101000010000000010100000000000001001111100000000100111100000000010011101000000001001110000000000100110100000000010011001
00000000101011110000000010101101000000001010101100000000101010100000000010101000000000001010011100000000101001010000000010100011
00000000101110100000000010111001000000001011011100000000101101010000000010110011000000001011001000000000101100010000000010110000
00000000110000110000000011000010000000001100000100000000101111110000000010111110000000001011110100000000101111000000000010111011
00000000110011010000000011001100000000001100101100000000110010100000000011001000000000001100011100000000110001100000000011000101
00000000110110100000000011011001000000001101011100000000110101100000000011010100000000001101001000000000110100000000000011001110
00000000111001100000000011100100000000001110001100000000111000100000000011100001000000001101111100000000110111100000000011011100
00000000111100100000000011110001000000001111000000000000111011110000000011101101000000001110101100000000111010100000000011101000
00000000111111000000000011111011000000001111101000000000111110010000000011111000000000001111011100000000111101010000000011110011
00000001000001110000000100000101000000010000010000000001000000110000000100000001000000001111111100000000111111100000000011111101
00000001000101000000000100010010000000010001000000000001000011100000000100001100000000010000101000000001000010010000000100001000
00000001000111110000000100011110000000010001110100000001000111000000000100011011000000010001100100000001000101110000000100010101
00000001001010100000000100101001000000010010100000000001001001110000000100100110000000010010010000000001001000100000000100100000
00000001001110000000000100110110000000010011010100000001001100110000000100110001000000010010111100000001001011010000000100101011
00000001010001000000000101000010000000010100000100000001001111110000000100111101000000010011110000000001001110100000000100111001
00000001010011100000000101001100000000010100101100000001010010100000000101001001000000010100100000000001010001110000000101000110
00000001010110000000000101010111000000010101011000000001010101000000000101010011000000010101001000000001010100010000000101010000
00000001011000110000000101100010000000010110000100000001011000000000000101011111000000010101110100000001010110110000000101011001
00000001011011100000000101101101000000010110110000000001011010110000000101101010000000010110100000000001011001110000000101100101
00000001011101110000000101110110000000010111010100000001011101000000000101110011000000010111001000000001011100010000000101101111
00000001100000010000000110000000000000010111111000000001011111010000000101111011000000010111101000000001011110010000000101111000
00000001100011000000000110001011000000011000101000000001100010000000000110000110000000011000010100000001100001000000000110000011
00000001100110000000000110010110000000011001010100000001100100110000000110010010000000011001000000000001100011100000000110001101
00000001101000100000000110100001000000011010000000000001100111100000000110011101000000011001101100000001100110100000000110011001
00000001101011010000000110101011000000011010101000000001101010010000000110100111000000011010010100000001101001000000000110100011
00000001101110110000000110111001000000011011011100000001101101010000000110110011000000011011001000000001101100000000000110101110
00000001110001110000000111000110000000011100010000000001110000100000000111000001000000011011111100000001101111010000000110111100
00000001110100010000000111010000000000011100111100000001110011010000000111001100000000011100101100000001110010010000000111001000
00000001110111100000000111011100000000011101101100000001110110010000000111010111000000011101010100000001110101000000000111010010
00000001111010110000000111101001000000011110011100000001111001010000000111100100000000011110001000000001111000000000000111011111
00000001111110010000000111111000000000011111011000000001111101010000000111110011000000011111000100000001111011110000000111101101
00000010000001000000001000000011000000100000000100000001111111110000000111111101000000011111110000000001111110110000000111111010
00000010000100010000001000001111000000100000110100000010000010110000001000001010000000100000100000000010000001110000001000000101
00000010000111000000001000011010000000100001100000000010000101110000001000010101000000100001010000000010000100110000001000010010
00000010001001100000001000100101000000100010010000000010001000110000001000100010000000100010000000000010000111110000001000011110
00000010001100100000001000110001000000100011000000000010001011100000001000101100000000100010101000000010001010000000001000100111
00000010001111100000001000111100000000100011101100000010001110010000001000110111000000100011011000000010001101010000001000110100
00000010010010100000001001001000000000100100011100000010010001010000001001000100000000100100001000000010010000000000001000111111
00000010010101100000001001010101000000100101001100000010010100010000001001010000000000100100111000000010010011010000001001001100
00000010011000110000001001100001000000100110000000000010010111110000001001011110000000100101110000000010010110100000001001011000
00000010011011110000001001101101000000100110110000000010011010110000001001101001000000100110011100000010011001100000001001100101
