00000000000010100000000000001001000000000000011100000000000001100000000000000101000000000000001100000000000000010000000000000000
00000000000101110000000000010110000000000001010000000000000100110000000000010010000000000001000000000000000011100000000000001100
00000000001000100000000000100001000000000001111100000000000111100000000000011101000000000001101100000000000110100000000000011000
00000000001010110000000000101010000000000010100100000000001010000000000000100111000000000010011000000000001001010000000000100011
00000000001101100000000000110100000000000011001100000000001100100000000000110001000000000010111100000000001011100000000000101101
00000000010000110000000001000010000000000100000000000000001111100000000000111101000000000011101100000000001110010000000000110111
00000000010011110000000001001101000000000100110000000000010010110000000001001001000000000100100000000000010001100000000001000101
00000000010110100000000001011001000000000101011100000000010101100000000001010100000000000101001000000000010100010000000001010000
00000000011001010000000001100011000000000110000100000000011000000000000001011111000000000101111000000000010111010000000001011100
00000000011011110000000001101110000000000110110100000000011011000000000001101010000000000110100100000000011010000000000001100110
00000000011110110000000001111001000000000111100000000000011101110000000001110101000000000111010000000000011100100000000001110001
00000000100001110000000010000110000000001000010100000000100000110000000010000010000000001000000000000000011111100000000001111100
00000000100100110000000010010010000000001001000000000000100011100000000010001100000000001000101100000000100010100000000010001000
00000000100111110000000010011110000000001001110000000000100110110000000010011010000000001001100000000000100101110000000010010101
00000000101010110000000010101001000000001010011100000000101001100000000010100100000000001010001100000000101000100000000010100001
00000000101101100000000010110101000000001011001100000000101100100000000010110001000000001011000000000000101011100000000010101101
00000000110000010000000011000000000000001011111100000000101111010000000010111100000000001011101000000000101110010000000010110111
00000000110010110000000011001010000000001100100100000000110010000000000011000111000000001100011000000000110001000000000011000010
00000000110101010000000011010011000000001101001000000000110100010000000011010000000000001100111100000000110011100000000011001100
00000000110111110000000011011110000000001101110100000000110110110000000011011010000000001101100100000000110110000000000011010111
00000000111011000000000011101010000000001110100100000000111001110000000011100101000000001110001100000000111000100000000011100001
00000000111101110000000011110101000000001111010000000000111100110000000011110010000000001111000100000000111011110000000011101110
00000001000000010000000100000000000000001111111100000000111111100000000011111100000000001111101100000000111110100000000011111001
00000001000100000000000100001110000000010000110000000001000010100000000100001000000000010000011000000001000001010000000100000011
00000001000111100000000100011100000000010001101000000001000110000000000100010110000000010001010000000001000100100000000100010001
00000001001010000000000100100110000000010010010100000001001001000000000100100011000000010010001000000001001000010000000100100000
00000001001100100000000100110001000000010011000000000001001011110000000100101101000000010010110000000001001010100000000100101001
00000001001111110000000100111101000000010011101100000001001110100000000100111001000000010011011100000001001101010000000100110100
00000001010010110000000101001001000000010100100000000001010001110000000101000110000000010100010000000001010000110000000101000001
00000001010101010000000101010100000000010101001000000001010100010000000101010000000000010100111100000001010011010000000101001100
00000001010111110000000101011110000000010101110000000001010110110000000101011010000000010101100100000001010101110000000101010110
00000001011010100000000101101000000000010110011100000001011001010000000101100100000000010110001100000001011000100000000101100000
00000001011100110000000101110010000000010111000100000001011100000000000101101111000000010110111000000001011011000000000101101011
00000001011111110000000101111101000000010111101100000001011110100000000101111001000000010111100000000001011101110000000101110101
00000001100010100000000110001000000000011000011000000001100001010000000110000011000000011000001000000001100000010000000110000000
00000001100101000000000110010011000000011001001000000001100100010000000110010000000000011000111100000001100011010000000110001011
00000001100111110000000110011110000000011001110100000001100111000000000110011011000000011001100100000001100101110000000110010110
00000001101011100000000110101100000000011010101000000001101010000000000110100110000000011010010000000001101000110000000110100001
00000001101110010000000110111000000000011011011000000001101101010000000110110100000000011011001000000001101100010000000110110000
00000001110001000000000111000011000000011100000100000001110000000000000110111110000000011011110000000001101110110000000110111010
00000001110100000000000111001111000000011100110100000001110011000000000111001010000000011100100100000001110001110000000111000110
00000001110110110000000111011010000000011101100100000001110110000000000111010110000000011101010100000001110100110000000111010001
00000001111001100000000111100100000000011110001100000001111000100000000111100000000000011101111100000001110111100000000111011101
00000001111011110000000111101110000000011110110000000001111010110000000111101010000000011110100100000001111010000000000111100111
00000001111110110000000111111001000000011111100000000001111101100000000111110100000000011111001100000001111100010000000111110000
00000010000001110000001000000101000000100000010000000010000000110000001000000001000000011111111100000001111111100000000111111100
00000010000101000000001000010011000000100001000100000010000100000000001000001110000000100000110000000010000010110000001000001001
00000010000111110000001000011101000000100001101100000010000110100000001000011001000000100001100000000010000101110000001000010101
00000010001011010000001000101011000000100010100100000010001001110000001000100101000000100010001100000010001000100000001000100001
00000010001110100000001000111001000000100011011100000010001101010000001000110011000000100011001000000010001100000000001000101110
00000010010001100000001001000100000000100100001000000010010000000000001000111111000000100011111000000010001111010000001000111011
00000010010100010000001001001111000000100100111000000010010011010000001001001011000000100100101000000010010010000000001001000111
00000010010110110000001001011010000000100101100100000010010101110000001001010110000000100101010100000010010101000000001001010011
00000010011001110000001001100110000000100110010000000010011000100000001001100001000000100101111100000010010111100000001001011100
