00000000000011000000000000001010000000000000100000000000000001100000000000000101000000000000001100000000000000100000000000000000
00000000000101000000000000010011000000000001001000000000000100010000000000010000000000000000111100000000000011100000000000001101
00000000001000000000000000011111000000000001110100000000000111000000000000011010000000000001100100000000000101110000000000010101
00000000001011010000000000101011000000000010101000000000001010000000000000100111000000000010011000000000001001000000000000100010
00000000001101110000000000110110000000000011010100000000001101000000000000110011000000000011001000000000001100000000000000101111
00000000010000010000000001000000000000000011111100000000001111010000000000111100000000000011101100000000001110100000000000111001
00000000010010110000000001001010000000000100100000000000010001110000000001000110000000000100010000000000010000110000000001000010
00000000010101100000000001010101000000000101010000000000010100110000000001010010000000000101000000000000010011100000000001001101
00000000010111110000000001011110000000000101110100000000010111000000000001011011000000000101100100000000010110000000000001010111
00000000011010100000000001101001000000000110100000000000011001110000000001100101000000000110001100000000011000100000000001100001
00000000011101000000000001110011000000000111000100000000011100000000000001101111000000000110111000000000011011000000000001101011
00000000011111100000000001111101000000000111101100000000011110100000000001111000000000000111011100000000011101100000000001110101
00000000100010110000000010001001000000001000100000000000100001100000000010000100000000001000001000000000100000010000000001111111
00000000100101010000000010010100000000001001001100000000100100100000000010010000000000001000111100000000100011100000000010001101
00000000100111110000000010011110000000001001110100000000100110110000000010011001000000001001100000000000100101110000000010010110
00000000101010010000000010101000000000001010011100000000101001100000000010100101000000001010010000000000101000110000000010100001
00000000101100100000000010110001000000001011000000000000101011100000000010101101000000001010110000000000101010110000000010101010
00000000101111100000000010111100000000001011101000000000101110010000000010111000000000001011011100000000101101010000000010110011
00000000110010000000000011000111000000001100011000000000110001010000000011000100000000001100001100000000110000100000000011000000
00000000110101010000000011010100000000001101001000000000110100000000000011001111000000001100110100000000110010110000000011001010
00000000111000000000000011011111000000001101110100000000110111000000000011011011000000001101101000000000110110000000000011010110
00000000111011000000000011101011000000001110100100000000111010000000000011100110000000001110010100000000111000110000000011100001
00000000111110000000000011110110000000001111010100000000111101000000000011110011000000001111000100000000111100000000000011101110
00000001000000100000000100000000000000001111111100000000111111100000000011111101000000001111110000000000111110100000000011111001
00000001000011010000000100001011000000010000101000000001000010000000000100000111000000010000010100000001000001000000000100000011
00000001000111000000000100011010000000010001100000000001000101100000000100010100000000010001001000000001000100010000000100001111
00000001001010100000000100101000000000010010011000000001001001010000000100100011000000010010000100000001000111110000000100011101
00000001001100110000000100110010000000010011000000000001001011110000000100101110000000010010110100000001001011000000000100101011
00000001001111100000000100111101000000010011110000000001001110100000000100111001000000010011100000000001001101100000000100110101
00000001010010100000000101001000000000010100011100000001010001100000000101000100000000010100001100000001010000010000000101000000
00000001010101010000000101010100000000010101001100000001010100100000000101010000000000010100111100000001010011010000000101001011
00000001010111100000000101011101000000010101110000000001010110110000000101011010000000010101100100000001010101110000000101010110
00000001011001100000000101100101000000010110010000000001011000110000000101100010000000010110000100000001011000000000000101011111
00000001011011110000000101101110000000010110110000000001011010110000000101101010000000010110100100000001011010000000000101100111
00000001011110000000000101110111000000010111011000000001011101010000000101110100000000010111001000000001011100010000000101110000
00000001100000100000000110000001000000011000000000000001011111110000000101111110000000010111110000000001011110110000000101111001
00000001100010110000000110001010000000011000100100000001100010000000000110000111000000011000010100000001100001000000000110000011
00000001100110010000000110010111000000011001010100000001100100110000000110010001000000011001000000000001100011100000000110001101
00000001101001100000000110100101000000011010001100000001101000010000000110100000000000011001111000000001100111000000000110011010
00000001101100010000000110101111000000011010110100000001101011000000000110101011000000011010101000000001101010010000000110100111
00000001101111010000000110111011000000011011101000000001101110010000000110110111000000011011011000000001101101010000000110110011
00000001110010010000000111000111000000011100010100000001110000110000000111000010000000011100000100000001110000000000000110111111
00000001110101010000000111010100000000011101001100000001110100100000000111010000000000011100111000000001110011000000000111001010
00000001110111110000000111011101000000011101110000000001110110110000000111011010000000011101100100000001110110000000000111010111
00000001111011010000000111101100000000011110101000000001111010000000000111100110000000011110010000000001111000100000000111100000
00000001111110000000000111110111000000011111011000000001111101000000000111110011000000011111000100000001111011110000000111101110
00000010000001010000001000000100000000100000001000000010000000000000000111111111000000011111110100000001111110110000000111111010
00000010000100110000001000010010000000100001000000000010000011110000001000001101000000100000101100000010000010010000001000000111
00000010000111100000001000011101000000100001110000000010000110100000001000011001000000100001011100000010000101010000001000010100
00000010001010010000001000100111000000100010011000000010001001010000001000100100000000100010001000000010001000000000001000011111
00000010001100110000001000110010000000100011000000000010001011110000001000101110000000100010110100000010001011000000001000101011
00000010001111110000001000111101000000100011110000000010001110100000001000111001000000100011011100000010001101100000001000110101
00000010010010100000001001001001000000100100100000000010010001110000001001000101000000100100010000000010010000100000001001000000
00000010010101110000001001010110000000100101010000000010010100110000001001010001000000100100111100000010010011100000001001001100
