00000000000010100000000000001000000000000000011100000000000001100000000000000100000000000000001100000000000000010000000000000000
00000000000101010000000000010100000000000001001000000000000100010000000000001111000000000000111000000000000011010000000000001100
00000000000111110000000000011110000000000001110000000000000110110000000000011001000000000001100000000000000101110000000000010110
00000000001011110000000000101101000000000010101100000000001010010000000000100111000000000010010100000000001000110000000000100001
00000000001110100000000000111001000000000011011100000000001101010000000000110100000000000011001100000000001100010000000000110000
00000000010001000000000001000011000000000100001000000000010000010000000001000000000000000011111100000000001111010000000000111011
00000000010100000000000001001110000000000100110000000000010010110000000001001010000000000100100000000000010001100000000001000101
00000000010111000000000001011011000000000101101000000000010110010000000001010111000000000101011000000000010101000000000001010010
00000000011001100000000001100101000000000110001100000000011000100000000001100001000000000110000000000000010111110000000001011101
00000000011100010000000001101111000000000110111000000000011011010000000001101011000000000110101000000000011010010000000001100111
00000000011111110000000001111101000000000111110000000000011110100000000001111000000000000111011100000000011101010000000001110011
00000000100011000000000010001010000000001000100000000000100001100000000010000101000000001000010000000000100000100000000010000000
00000000100110000000000010010110000000001001010000000000100100100000000010010001000000001000111100000000100011100000000010001101
00000000101000100000000010100001000000001001111100000000100111100000000010011101000000001001110000000000100110100000000010011001
00000000101011110000000010101110000000001010110000000000101010100000000010101001000000001010100000000000101001100000000010100100
00000000101110100000000010111001000000001011100000000000101101110000000010110110000000001011010100000000101100110000000010110001
00000000110001100000000011000101000000001100010000000000110000100000000011000000000000001011111000000000101111010000000010111011
00000000110100110000000011010001000000001100111100000000110011010000000011001011000000001100101000000000110010000000000011000111
00000000111000000000000011011110000000001101110100000000110110110000000011011001000000001101011100000000110101100000000011010100
00000000111011000000000011101011000000001110101000000000111010010000000011100111000000001110010100000000111000110000000011100010
00000000111101100000000011110101000000001111001100000000111100100000000011110001000000001111000000000000111011110000000011101101
00000001000000010000000011111111000000001111111000000000111111010000000011111100000000001111101000000000111110000000000011110111
00000001000010110000000100001001000000010000100000000001000001110000000100000110000000010000010100000001000001000000000100000011
00000001000101110000000100010101000000010001010000000001000100100000000100010001000000010000111100000001000011100000000100001101
00000001001000010000000100100000000000010001111100000001000111100000000100011100000000010001101100000001000110010000000100011000
00000001001010100000000100101001000000010010100000000001001001100000000100100101000000010010010000000001001000110000000100100010
00000001001101010000000100110100000000010011001100000001001100100000000100110000000000010010111000000001001011000000000100101011
00000001010000100000000101000000000000010011111100000001001111010000000100111011000000010011101000000001001110000000000100110110
00000001010010110000000101001010000000010100100100000001010010000000000101000111000000010100010100000001010001000000000101000011
00000001010110000000000101010111000000010101010100000001010100110000000101010001000000010101000000000001010011100000000101001101
00000001011001010000000101100100000000010110001100000001011000010000000101100000000000010101111000000001010111000000000101011010
00000001011011110000000101101101000000010110101100000001011010100000000101101001000000010110100000000001011001110000000101100110
00000001011110000000000101110111000000010111011000000001011101010000000101110100000000010111001100000001011100100000000101110001
00000001100000100000000110000000000000010111111100000001011111100000000101111101000000010111101100000001011110100000000101111001
00000001100011100000000110001100000000011000101100000001100010100000000110001001000000011000011100000001100001100000000110000100
00000001100110010000000110010111000000011001010100000001100101000000000110010011000000011001001000000001100100010000000110001111
00000001101001000000000110100010000000011010000000000001100111110000000110011110000000011001110100000001100110110000000110011010
00000001101011100000000110101101000000011010110000000001101010110000000110101001000000011010011100000001101001100000000110100101
00000001101110010000000110111000000000011011011000000001101101000000000110110010000000011011000100000001101100000000000110101111
00000001110001000000000111000011000000011100000100000001110000000000000110111110000000011011110000000001101110110000000110111010
00000001110100000000000111001111000000011100111000000001110011010000000111001011000000011100100100000001110001110000000111000101
00000001110110110000000111011010000000011101100100000001110110000000000111010111000000011101011000000001110101000000000111010010
00000001111001100000000111100100000000011110001000000001111000010000000111011111000000011101111000000001110111010000000111011100
00000001111100000000000111101111000000011110111000000001111011010000000111101100000000011110101100000001111010010000000111100111
00000001111110100000000111111000000000011111011100000001111101010000000111110100000000011111001100000001111100100000000111110001
00000010000001100000001000000101000000100000001100000010000000010000000111111111000000011111111000000001111111010000000111111100
00000010000100010000001000001111000000100000111000000010000011010000001000001011000000100000101000000010000010010000001000001000
00000010000111010000001000011100000000100001101000000010000110010000001000011000000000100001011100000010000101010000001000010011
00000010001010000000001000100111000000100010011000000010001001000000001000100010000000100010000100000010001000000000001000011110
00000010001100100000001000110001000000100011000000000010001011110000001000101110000000100010110000000010001010110000001000101010
00000010001111110000001000111110000000100011110000000010001110100000001000111000000000100011011000000010001101000000001000110011
00000010010010110000001001001001000000100100100000000010010001100000001001000100000000100100001100000010010000100000001001000001
00000010010101110000001001010101000000100101001100000010010100100000001001010000000000100100111100000010010011100000001001001100
00000010011000100000001001100001000000100110000000000010010111100000001001011100000000100101101100000010010110100000001001011001
