 -73  -19   63   29  -30  115   57   73   40  -13   56   -5  -12  124  123  -26 
 114   84   35  101   -8   23  -15   42   63   44  -53   67  -25   69 -111  -42 
 -22  -63   76   28  124  -45  -17  -97  -22  -42   77  -15   27   68  127  -23 
 -17  -53  -57  -15   89  -80  -55   37   30  -44   88   95  -72   21  -44   -7 
 109  -73   43  103 -105   52   39  109    7  -55   99  -58  -73   52   36  -90 
 127   79   95   63  127  -80  -56  -39  -74  -70 -119 -101  127   -1  -62   90 
 -76   97  -76  123 -106  -85 -115  -12   73   43  124 -119  -36  111   -4  105 
 -83  110   -4  -10  -93   55   79  125   38  -55  -86  -98  126 -103   -1    1 
 -22  -49  101   49 -113    5   -2   67  -73   83  -51  124   33 -126   38  -71 
 -46  115  -13  -65   75  -37   66  -56 -120   -3  -86  -13  -72   -9  -45  -31 
 119   83   74  -71  110  -18   53   -5  108  110  -29  -26   53  -71   23 -120 
  31  -10  -85 -114   18   19  115    9   87   51  -81   91   63  -48 -124   92 
 104  -45   80  -44   86  -67  -37    1   97  -84   63   90  -25  -61   26  105 
 -33  -26   33  -55  127   -9   92   95  105 -114   42  -13 -118  109   35   99 
 -51  123  -67  -59  -85  117 -122   29  -65   83  -11  -17  -12   99   75  -22 
-102  -55   83  -20 -122  -41 -107   43   86  -40  105  113  -97 -107  123    9 
 -23  -58  -99  -85  114  -22   -6   15   60 -112  -43   41 -117  120  106   62 
 -51  -58   79   68   17  125  -45  -80  111  -54    7  110  -12  -51  -45  -21 
  56  121   81 -112  -73 -110  -97   70   11   10   54  -14  -47   45  -68   91 
  -1  -35   59   53  -68  -40  103  -54  -11 -109  -38  116  -49   25  -74  121 
 -42   19  -98  -14  -91  -79  -35   45   63  -91  -11  -21  -56 -125   23  -58 
  35  -29 -115  -83  117   -5 -104 -105   27  -61   74 -112  -53 -117  -96   35 
   3   57 -111  122 -107  -71  -97   81  -30  -12   -5  -86   29  -73  -68  -28 
  62   69    7   47  -47  -51  114  -17   92   29   52   61   60   62   -2  -22 
  -6  -70   47  105  -30   25  -12  -34  -10  -18  121 -104   63  -15   43 -100 
 -69  -61   69   67   89  -14   -5  -56  108 -110  -31 -121   23  125   75   71 
  39   70 -111  -89 -101   90 -101   82  -33   72  -10   59   86   97 -103  106 
 -32  -15  -74 -109  104   38   31   75  -97  -72   91   33    4  -53  109   82 
 -21  -27   -9   88   -2 -120   52  -68   71  -75  -78   88   75   52  -74  119 
  22  -52  121  -35  -32   99  119   83   61   45  111  106   85   17  -45 -107 
-111  115   34 -109   99   72  -54  -33  -47 -100  -86 -110  -70  -81    3   -4 
 116 -101  112   32  -57   43 -104  -85   21  -31 -125 -119   -6  -16   76  120 
-105   38  -85  -38   85   67  100  -75  -70 -117  -26 -107  -46  -19  -36  -41 
  22   50   61 -106  -67   66  -19  -83  -14  -61   79  -11  -31  -31  -28 -122 
  32   54  -43  -97   99  -98   99  -71  -11  -43  -94  -73  -30   55  113   72 
 109   95  -81  -69  -70  -35  -10   25   61 -101   38  -46  -15  -72   -5   15 
 -75   67 -108   51  112   -3  -25  -92  113  102  107  -66   -1   82  -81  -78 
 -83  -88  104  -13  126  -71   90  109  -89  -86  -68  -80   22   94  -46 -105 
 -28  -50  124  123  -37  -74  -75  -17  -54 -114  125  -60   19  -91   22  -84 
  12  -12 -123  -29   73   86  103  110  -76  122   75  -52  101  103 -110 -124 
 -21 -104 -107   17 -124  -71  -43  -47  -21  -56   62  114 -108   10  -14   72 
  54  -74  -65   -8  -98 -106   51  -24   36  122   43   -9  -38  -82  -86   69 
 -70 -112   10  -24   54  108  -38  -55   54  -17  -11 -101  119  -16   22  101 
  79  -87   63  102 -115  -55   88  -67  -13   -8   92  -86 -120  -42 -111  102 
  37   47  -73   92   89 -119   58  -17  -52  -89  122  -66  -17  126  -66  -79 
 -93  -76  101  -37  -35   60  121   52 -113  -66 -102   55  -47  -26   -8  -94 
  13  -77   72  122   94   76   88  -40  115  101  115  -65   -8  124 -116  -41 
  69  -70  -86   58  -30 -111 -119   -3   47   95   53  108  -41  120  -68  -31 
  13   50  127  -58   23  -59   30  -19  109  -71   -1  121  -86 -103   88  -12 
-114  -20   70  -31  -59  -79   52  -14  -85   40  -21   -5  -43  -31   22  -49 
-110  -42 -105  -42 -122  -15  -24  -34  -78  -61   80  -55   34  -38  -21   91 
 103 -124  113  112 -125  104  -57   73   59  119  -10  -14   57  127  114  -28 
  62   77   29  -57  -50  -69  -52 -103  -35  -74   30  -17  -97   63   93   81 
 -68  -54  -44  -56  124   47  -42 -102 -114  -60   15   -8 -124  -95   -5   60 
  41   52   55   43   26  -40   54  127   -6   95  -42   97  -23   10    3  -54 
 127   12 -125  110  -45   54   46  114 -115   14 -105  -74  103  111  106  -98 
  45 -125    6   21  -23   84   -8  116  122  -10  -15   46   38  -39   88   55 
-115   86   67   44  -29  112  -65  102  103  118  -30  -55  -93  -65 -115 -109 
 -45  -22  -17  -33  -69  -34   57   71   26   63  115   49  -15 -105  -35 -123 
  61  -33 -114  -67  -35   24  126 -124   -9  119  -77   -9 -109   55  -34 -113 
 -49   28  -59  123  -41  -53   63   36  -62   76  125   12  -99  -32   42   -2 
 120  127  -49 -119   71  -76  106  -17 -112 -115  -27   74   42   62  -85  127 
 -86  -82  -41   56    8  -81   97  -29   93  -34  126 -115  -22  126  -31 -117 
-115 -127   24  -83   25   22  -82   76  -22  111  -33 -119 -122  -41   -9 -126 
  68  -42   57   38  -95   39  -66  -65 -104   -8   89   89  113  -29   81  -22 
 -38   33  -65  -37   12   94  -21  -26  -88  -18   39 -120  -82  -70  -21  -22 
 106  -44  108   83  -48  -35  -31   67  124  -78 -110  -75   18  109  -43  103 
  55  -97   -2  -27  -21   58  -12   -2   -5  -39 -103   39   69  -20  -13  -74 
 125  -39   71   66  107  -58  118 -113  -33  -73  121 -126  -41  -27   46  -39 
  82  -39  126  -24  -67  -52   70  -23  -67  123  -96  -22  110 -107  125  -89 
  41  -98   73   86   92  -35  -18  -42  -61  103   39  113   29  106  -82  -58 
 -80  -71  -28  -26   58  -21   29  120 -126  -33 -115   72   46  -98  -95  -62 
  28  -43   87  115  -65   11   95   31   61  -24  -97  -50   48   42   18   80 
 -35  -33  -36  -50  105  -75  103 -101  106  100  -27 -125   95   65   -8   56 
  19   25  -16 -125 -107  -82  112   39  -54   96  -55   76  -52  -56 -109  111 
 100 -112  -20   16  -67  107   48  126   89   43  104  -15  -35   46   28  -96 
  93  -35  -15   45   82  -31   63  -67 -115   83  -88   -7  123   13  121 -105 
-108  116  -58  122   78  -86   21  -60   -4   46  -35  -52  -57  111  -28  -86 
  38 -108  -62   98   -5   -3   -2  108  117  127  -38  -35   13   95  -25  -52 
  15  -99   73  -66   61  -94   63  -28   78 -126  102   21   40   19  -23  -49 
  -6   98  -15  -54   41  -20   31   18  -35   95  -78   23  -13  119   51  -57 
 -19 -117  124   46  127   62  -59  114  110   13   81 -117 -109 -100    2   89 
  -8   -1    7  -54  -29  -30  117  -42   69  115 -121  -77   94   35  -71   27 
  -6   65  101   95   67   45  -23  -75 -120   60   58   -7   86 -103   67  -33 
 -65   59   30   10  -61  119   63  -10  -40 -125  -38   -4  -33   97   56   53 
  81   86  -66 -121   44  -36  -53  -23   -4  -15   54  -81   -8  -35   63  -30 
  75   -1  -51 -100 -121 -105   42  -35   90   -3   89  -41  -68  -70   52   81 
   8  -59  -18  -45 -104  127  -83  -50   -6  -47   73   29   91 -102  -17  -71 
 117   63  -73   56 -123   39 -103  -20   57  -25  -69  -46  -63   52 -105  -34 
  59 -107  -79  -37  -65   90   86   79   58  109  -23   -2   92   -4  -13  111 
 117  115 -107   84  -42   78  -14   75  -77 -121  -33   90   90  -30   -5 -116 
-113   44  -97  -29  -49 -113   23 -123  -50  102  -67  -85 -114  -72  103  -53 
-121  114  -97  -16   52  -34  -65  -71  -58   54  -37   39  106 -115  -87 -126 
  44  -15   61   95   15 -100   -4  -69   74  116   26  -54  -42  -67  123 -108 
 -38  -23   15 -123  -95  -20  -27  -76  123   54   20   59  -86  -81  -37   82 
 -67  -51   86 -114  -65  101   65  -17 -113  -16  -22  122  -84 -125   90  -72 
 -62   98   57  105   61  -59 -118   87   35  -25  -57  -12   72    5 -122  101 
 -41  126   77  -15  113  -26  111   -9   -9   22  -47 -116  -45  -57   70  -68 
 114  -23  115  -85   59  -38  106    9  117  119 -108  -65  -14  -71  -15  -85 
 -20  -13  -19  -57   78   -9   26  -91   71  120   10  -96  -52   -5   63   45 
 -47  -46   -8   30    9 -112  -73   11 -110  -52  102  109  -94  106   50  -64 
 -37  -26  -14  118   29   57 -115   50  -39  113 -118   81  -61   95   50  -97 
 -11 -122   39  -25  -57  -26  -16  -89  -29  110   -8  -47  -15  -46   23 -106 
  57  -11  -75  -42  105   -6  -17  -41   45  115  -91   13  112   47   92  -19 
 -29   61   -7  -46   35   31   12  -81  -71    5  -39 -106  -48  -19  -97 -121 
 -66  -95  113  -76  -85   55  -91  -63  -40  -67   73  123   92   47  -77   49 
 -26   30  -80   87   -3   -9  -27 -119 -107  -36  113 -114  -37 -106  112   75 
  -1  -67   92  -53   -7   27  127   42  -87  -32  -95    3  -62   42   61  -35 
 -69  126  -43  -65  -19   47  126  -84  -89  109   91 -122  -89  104   -3   -5 
  22   76  -98   -1   33   76   27  -89 -100  -58  -46   95  116  110  -38 -105 
 -43  -94 -114   97   80   68  117  114  100  -84   89  -98  -66 -117  -63  -24 
  80 -111 -102   -1  -63  -83   49   25   65   10   84  -31  -97 -121  -21   10 
 -65   59  -78   -4   47  -95  -39  -51  -45  113   95   32  127  -20    6  123 
  47   -5  -84  104   31  117  -65  -74  -23  -93  -19   91 -103   24   62   -4 
 -42  126   -5  122  -24  -31 -113   94   79   -6  -24   -1 -122  110  117  -60 
 -85  110   51   99  -24 -100  -66  107   -6  122  -24   93  -82   80  -94  117 
 -17   -9   91  -42   -1   79  -40   -9  -15  125  -58  -25 -113   57  117  -84 
  50  -74  -52   89  -15  -74  -47   20   83   91  -23  -97   11   84   -6  -55 
  50   78  -99  116  -43  -52 -112  121  -40    3  103  -16  -54   68  119  -60 
  77  -15  -36  -34  -34   79  -85  -73  -30   97 -112   25  -68  -57   -7  -73 
 -19  110  -49  -10  -18  -49  102  116  119  -12  102   26  -35  111  -50   28 
   3   91  -45  -66  123   -2  -52  121   57  -25  -68  -23   76   87   -6  -79 
 -25  -25  -82  -43   94   -2  -52  100  -90    9   -3  -99  -49  -44 -104   74 
  58  120  -30  -22  -81  106 -108   -6  -17   99 -125 -125   79   14  109 -110 
 -97  -76   50  -86  -65  -21   -7   94   39   11  -82 -118  -43  -21  -53    5 
 -12  -74  -63   73  -98   95  -91  -61 -102   -4   30   80 -119  124  -95  -75 
 -80  126  -20  -38  -71  -87   31  122  -26   -7   99  -99  106   57 -127   50 
 123   -1 -117  -77   32 -113   -1   -4  115   95  -34 -115  -39   13  111   -1 
 122 -111   75  -71  -66   39  -44  -40   35   92   63   69  -84  107   94   92 
  12   53  127  -46  -67  -17  -14   52   13   42   43  -28  -70  -59  -14  -25 
  60 -126  -81  111  107  -98   -6  -17  -85   -6  -13  -56  124  -49   94  -52 
 -45   -5  -24   96  -38 -128   55  -48 -125  -58   86   67   79   89  121  111 
 -16   17  -45  -20  125  -54 -126  -19  -61   38  -54  -71  -18  -51   51  -68 
  74 -108  -75  111   79    7  -36  -86   61  -61  -26   55   10    8  -20  -85 
 119   43  117  -66  -24   86  -37   22 -110   34   24  -18  109  -39 -114  -12 
  11   83  -72 -115   17  104  -78  -18  -53   -1  -31  105   39  -19  101   57 
 -61  -85  -87   87   62  -17   31  -63  -61   84  123  -29   93  103  -22   47 
-124  -81  113  -57   38   43  -43 -111   69  -37  -89  -25   34  110  -41   -1 
  25   57  -22   62  -32  -18  -45  119  -51  -15  -95  -23  127  -43  -98   80 
 -17  106  103  -60  -74   -3  -66  117   39   59  -89   73  -18  127  -14   -6 
  31  -25 -118  -96  -82   11  -85   79  124  -70  -74   35   96  124  116  -29 
-113  123 -101   65  -21  -11   52   85   42   78   27   -7  -49   33  116  -18 
 102   75  109   73  115  106 -106  -39   -9   -4    6 -115  -33 -113 -100  -39 
   4  110  122   -2 -119  102  -66   74  -23   99  -62 -102  -26   -1  -51   77 
 -22   52  110  -61  -82   82   15  114   14   63  120  -38   18   78  -83  -42 
 -66 -122   -5  117   57  -34  -50  -18  -18  -47  -43  109  -91 -118   41   11 
  43   21  -65  -12  -56  -25  -72  -25  -43   74   -2   51   44   23  -33   46 
 -35  -26  -21  -25   21  -32   42  -97   -2  122  114  103 -105  120  -91 -119 
  -6  -91   83   23   21  -15  -45  -28   36 -110  -94  110 -124  -14   -4   86 
 -30 -118  102  -45  -42  -91   59   71   95  -68   99  -79  -41  121  -71  117 
  14   59  -55  -85  -37   89  -68  121  -75  -76  122  -26   98  -11  -20 -114 
-109  105   51   35  -37   35  -99  -43  126  119  106   -8  -46  125   44   52 
 -19  -66  -41   43  -70  102  -36 -101 -101  -34 -103   85   82  -67  -53  -74 
-115  -52   -3 -121  -99   71 -103   98  -98  -67  -11  -63   21   -7  -71   71 
 -81 -105    3  119   11  -26  -70   23  -20  -83 -121 -101  -90  -79   40  -95 
 -57   99   83 -124  -44  -70   29   96  114   61  -40  -22   20  102   69  101 
 104   53  -97  -65 -118  -17  -72   51 -105   95  -44  -92   17   -2   99   83 
 -74  -77  123 -126    7  -23  -51  -73 -115   36  -10 -106  -95  118  106  -12 
