0000000000000000000110010001000100010000000100001000010000011000
0010010000000100000000100011010001000000100000001011001010100000
0000000000010110100000110010100001000100010000000000000100100001
0010001000000111010001100000110000000011000000110000001000001010
0001010001000100010000111000100000111000001000101000100001010000
1010000000011000010000000000100010101100010000000010110100001000
0000010001000001101011001110000100000000010010000000001101000100
0111000001000000000100001000001001000111010010001010001001010000
1000010100000000000000011100001000100000001110000100010010000111
0000100010010000000011000000101100110100000000000100000000001001
0000100000110011000000001000011000010100001001000000000101111000
0001100010000000010101001100000110000110000000100000100100010001
1000011100000000000000000101000010001000000011110000000000001001
1010011000000000010010100010100000000000000000000001100000001000
0010000100101000000000010010000111100000101000001101000100100000
0010000000000100100001000000000100110000000100000000010010101100
0110000000000000100111000001010000001000111000000100000000100101
0001000000010000000000000101010000100000010001100000000001000100
0000000000110000110000000000000000000000101000100100010000001010
0110000000101000011101100001010000000001000000101100000001101001
1010010000100001100000000000001000011001000000100000000101100000
1001000110000110000000100000000010000000000101011100000100000100
0000001101000010010011000010001011000000000001001010001000010110
0000000000000000010001000010101101110010000000011000000100110001
0000000010010000011010000010010100001000000000100001111010010100
0001000001110000110000010110010000010001000011101001000010000000
0010000000001000010000000000000100001001000000010000000001001100
0100010000100100001010000000110001000100100101100000010100000000
