0010010010010100001100000100000001000000110011010011000010111000
1010100001010000101001000010011001000111001000000000110000000000
1100010001000000000000011000100000001010010000010001001000001000
0100000000001000001010010000001001000110000001100001010100000010
1001000010001101100010000010010000010011010001100100000100000110
0110000001101000110010000100110010100000001000000011000010100100
1000000000000010010010011101001000000000000000000000000000000000
0110000000010010011000010000000100000000000000001100000010101000
1100100010100011111110010000001000000010100000000010110001001001
1000000001000000100000010001000011000000100101100100101001100000
0100100001010010000000100011100000000000010000111000110000010100
0110001000000001000000000011000000111100000000001101101000000010
0001000001111001000000001000100000000110010001001100110001000110
0001000011100010001000001000010000000000000000000000000000000000
0010000000110000000011000001000100001001000010110000100001000000
0001000010100001011111101010100010000001010010101100110010100100
0101001111000000000101100101001000010100100001000100010000001010
1001000000001100101000000000000000000000111000000000001001000000
0000000100001101010000000000011000010000000000000010100000010010
0000000110100010100000001010011100000001101100001000000110010100
0111000000000000001000110000111000000000000000000000000000000000
1010000000000101000100010100001011010101100010101110000100111000
0000100100101100111010001010000000000000000110010101110000100000
0000011000111000010001000011000011000000010010000000010100000100
0010011000001001000011010001001100000011000101000010010000000000
0001010100000100100000000000000101000000011000001000000011001001
1001000010010001000000000110111001000000000000000010010101010000
0101100101000100000000000000001000000000000000000000000000000000
