1000000101000001000001010000000000000000000010101000011010111000
0010000001010001000000011000010000000000000000001000001001000010
0101000000000101000000000100010000000011000000101001010000110000
0010000000000011000000011000001110010010101011000010010101000000
0000000010000010000000000101000100000000100100000101000000100000
1010010010000100000000000001000100001101001100010000000000000000
0000000000000000000000000000000001100000100100000010011100000010
0001000000000100110111000001101011000000010011000000001000101100
1010010010100000000000010000001010000000000100111010000001001001
0010100010110000000100110000000000100000110101100000010110110000
1100010001010000000010101100010000010010000010101010000101010001
0000000000010000000100000000010010011000001100001000100010010100
0000010010000001001100000000010000001000000001000101000000000001
0000101100000000000000110000001000100100000000000000000100000001
0000000000101000011000111010000010110000000000000010110100010010
1111100010010000000010110100011001000101110100100000001110100001
0000000010010100100000100010000010000000001001000000011000000000
0001000010000000111000000000011001010100011100001100000001011000
1000010000001001010000000000010000000010001001000100000100010100
1000000011000110101100000000000000000010001010100001000101010001
0000000001100100010000100000111100001000000000100000000001000010
1000110000000000001011000000110001000000000000000010000011010000
0010000011100110101100110100000000100000000100000000010000010000
1101000010110010000000001101000000100000000011110000000000000001
0000001001010000000010000010000000000101000011001110100100000100
0000010010010000110100000000000010000000000100000001111001000110
0100000000000000101010000001010010010010010000001100100000011010
1011011001000100010000010100000010010000001000000010100001000001
