0011100000000000000001110000010000010000000000010100010000100001
0000000010000000000000000100001000110000000000000000011001101000
0000100001000001001100100000000100000000000001001001101010100000
0010000010000101100101001100010001100001000010001011000000010000
0001111100010000000010101100011000000000111000010110010000011100
0011001000001001000001000010000010011101001000001000000000000100
1010001001010110000010000110000100000000000000000000000000000000
0010000001000010100000000010000000000100000100100001001010100001
0010000010000011001100100000100001001001101011101001001011110010
0001000110000000010000000100000010010000000000000000000100010110
0001000000000000100000000110100010000110000000100000100000100000
0001110011010000000000100000001001000000100000000001110000111001
1000000110000000101011000000010010000010000101011100000000000111
0000001010000000000101000011000000000000000000000000000000000000
0011000010110010001010100001100000001101000001100010000000000001
1101000010000100010011010000000001000000000000100101000010000110
0010000000100011001000010001000000100001000100010001001010110000
0000000000000100001101000000000000110100001100000000000001111101
0001100000100100101001001100010000000011000001100001101100001010
0100000001000001100100000011010011010000110000001010000000001000
0100001000010000000000000001010000000000000000000000000000000000
0000010000100000000000100010000000100000110000100010101010000001
0100100000001000101000110001000100000011010010100000100101100010
0010000010000000000110000010000000010101100100000000110001010010
0000111001000000100001010110001000010000100000000100001000010010
1000110000110101010100000100010000100001100010000000000000010001
0000000010000100000000000011011000100000010010000001000000110000
0010000000000101010100000001100000000000000000000000000000000000
