0101000000010001001001000000000010000101100110010011001001000001
0000001000001001100001010100000001001001101000001010011010000000
0001000101100110101000010110100001010000001000000000001010011000
0000100010000010000100000110001001001000000011100100000100000010
0001100000110110100000000111100110001001000010010000000000000100
0001000011001000000000000011000000001010001000100001000000000000
0010000100100100001001000100000000000000000000000000000000000000
1001001000100000001100101000001100010000010000100011100000100000
1000010000110000100001001000000110010010010001000110000011000001
1010000100000100000000000000010000001000010010110100100011110100
0000000010000000011101000010000001100011000000100000000100100000
0001001001100010010101001000000000000000000001100110000000010000
0000000110010101010001100001010000101010000001000000000110100000
0100011000001101011001001000010000000000000000000000000000000000
1100000000000000010010000000010000000001011100001000100010000000
0000000101010010000000001000001000000000001000100000001111000000
0010001000001010000100000011001000000000110010111000000101000011
0000001101000010101101100000000100110000000000000010000100000010
0100000100000000001010010000100010010000110000010001110100100010
1100000010000000100101100010100100100010000010000000000000100100
0010100100011100100000000101010000000000000000000000000000000000
0000000000011001001110101000100000000000100011000001000000010000
0101000001000000100000011000000000010010000001000010110000000001
0000001110100110000111001011000000010000100000001000000010000100
1110010100000000001100000101001000001001000001001011000011000000
0010000110011100101100000100000010000011000000010100000111000000
0011101100100100000010110000110100000010000110110000000000010001
1000001000000010000100000001000000000000000000000000000000000000
