0000000011000001001000000001000001000000100000011000010010000110
0000001001100100011000000000100000001100100001000000000001000000
1000000000001010001010000100000000010110101101000000000000010000
0000010001000100000100010000100010000000010000001000000000000110
0000001011000110000000011100011010101100000000101000000000000000
0000100001011000100001000010000000000101100100100000001000000010
1010000000001010010010010101111000000000000000000000000000000000
1011100000100000000001000011010100011000000000000000000001011000
0110000000010000000001011000100010010000100000001010000010001100
1000000010100000000001000000000101100100000000010100000001001001
1001000000000001100111000000000000001011010100010011001000001000
1000001101010010111001000000001000010110010101011010101000110000
0000100011000000000001000000000100000000010110000100010000000000
0001100000000110000101000000000000000000000000000000000000000000
0000100010011001010000000101000000101001010010000010101000000011
0101001011000000100100000000000100000000011000000000010001010110
1100000000000101100010011010000100101111100011000011011110111001
0010000000001010000001110000100010101101010000010000100101000000
0010111000010000000100000100011101000101010001000000001000100001
0001000001111000110010010011000001100110000100110100000001100001
1010001100011001000101000010001000000000000000000000000000000000
0001000000000000011000000010110000000000101000100010101000000000
0001110011010011000100100000010000110100101000001000000110001110
1000101100001000101000011000100101001100000100011000100100100000
0000000100101100000000100000001001011000100000100000100010010000
0000001111001000000010001110001001010110111011000000000001010000
0110000000011111010001001000000000010100100100010000110100110101
1000101000001010010000001001110000000000000000000000000000000000
