0110100100010000000000000000001011000000000101000100000000000001
0000001001111000110001010110100011100110010000001000001001100110
0110110011001001101000101010000000100001100000010111010001110100
0000000110000000011011001001000000101110000011110010100010010000
0000100010101101000110000101000000100001000001000000000001000011
0000000001001000010001011010000011011000010000001101001010000000
0000000001000000010001100000000000000110010111000001010000010100
0000000100001010110001100000001010000001001000100000100000001010
0000000011000000001010000001000000001100000100000010011000000000
1000101101000101010000010100110010100010010000110000000110000010
0010000000000001100010000000001000001111010010000001010000010000
0000010010001000001000011001000000010000010000000000010010111010
0100101000000011000100001000000000000000000010100010001000001100
0010000101000010010000000010000000001100000100100010000011001010
0001000100000110110000000010000100010000000000101100000000001100
0111000000000001110001000000000000000010010000000100000000100000
1000010000000100101000000000000000100110010010000000000000000110
1000010100100000100000000000011010100000100100100110000000000001
1010000000000000000000000011010000001101000011101000001000000101
1010011000011000001100010100101000010000011110010000010000101000
0001100001010100000001100100011000010001010010011000010000000001
0100000001000100000001000010000000000100101001100010100100000000
0001110000001001100001001110000000000110100100011100010000010110
0001000001000000001000000000000100001000000100010000000001010000
0000000010100000000000101001000000001001110101000000000000101000
0000001000000011010111100000000110001010000000100001001100010000
0001100110010111000110000010000000000011000000001001010000000001
0000100010000001000010011010001000011001001000001000010000011110
