1000100001000000010000001011100001000000100000101000000100001010
1010000001000000110110001100000100000100100010000010000111001000
0010101100110100000000001101000000000000010001001000000001000110
1000000000000000000010000100000000000010000000000000000100100000
0100000001000000000000000110100010001000100011100000100100000000
0000001000001000100000001001100000100000000001100000000100000000
1010000100000100000000000000000110100000000000001000000000100000
0001100010010010010000001110000001000001000000100000000001100000
1000100010000010000001000111010100100010000000000011111000000000
0101110000001000000010000000100000110000000000000100111000000000
0000000010100100000100000100000000010010000100000000000000010000
0100000000000000010010001100000000110000000010001000000100100000
0000100000001110000010100101000110001000100000111000111010110110
0001100111111000000000000010100000000000000010001000001110100001
1000000000100000010010000110000001100000010000001101011100000000
0010101000000010000100000001000010000000011000100000110000000000
0000100000001010100000000100001101000100000001010000000000001100
0001100001100000000011111000100000000000000001001000111100000000
0100001000000001010100001010001000011011000000001000000000000000
0000001000001000110000101010000001001000110100101000000011110000
0001000000110000000110000100000100100100110000100100010000011000
0010000001001100001000000100010110101010010010111100000000101000
0000000010000100010000101000000001000100100000000100101001000100
0110011000000101000000000000000100000010010000000000100000000010
0010101100010000001010000101100001001101011000000000001100100010
0000010101000001000000010110010000001100101000100000000100000000
0000100001011100110010011001001100011000000100010000110010000110
0101000001100101110101000010011000010000100100100000111010000010
