0000000010000011000110101000010001011001000000010001001100000000
0011010100000010001010001000000100001111010000000101010000001000
0000001001010111000010000000000110000000010011000000000000000001
0010001110000000011000100000100000101100000000000100000010000000
0100000010010101000100100100001000111011000000000100000000100000
0001000010110000010000100010001000001010100000010000001010011101
0110100100100000100010100011101000000000000111000010000000001110
1001010000000010100000000001010000000110100001100000000000100001
0000110001001000101100010000010001010000101010011110111001000000
0000010110011000010100001010000000001000000011001000111000001001
0000000101101000011000110000001111011000100010000001000010000000
0100000000000000110000100000001001000000111111000100001010100100
0010000000010001000000000100100000101001010010000001000011000000
0000101000010010000000000011001100110000000110000000001001101000
0101010110000100000000100000010100001000010001010101000000001101
0000100110100001100000000100000000000000001010001010101000010000
0110000010101101001101010001000010010000110000000000011111100000
0000101001100000010000000000001000000000010000010010000110000010
1001001000011000000010110001100001110001000100010010000010000000
0100010100000001100110101010001001011000010000000110000000010010
0110010100010000000100010000000000100100010011111110000001010000
1010001000000000010111001000100010010100100100000000000110111000
0100000000001000001001011001000000000010000101000000001010001010
1100100000010100010001010001000000000000000010011001000000100000
0000100000100100001110000000000110011001000000000110010000000000
0000000100100010011001000000100001000000000101101101000001001101
0000011100000100000000100100000000000100100001100000000010000001
0000000100010001011000000010010011010000101000010000000000000000
