0110000000001011101110010010100100010000100111000000000000000100
1110000001100000010001100000110001010000000001010001010000010100
1001000011000010010001110111000001001000010000000110000000000000
0000001101010010101100010100001000100101010000001000100001000000
0010100010110000000000000000000010100100010001001001000000001000
1000000101100111000100000000100001000000000000010010000011000001
0000001000000000001000000000101010000010000000000000001101000001
0010000100100000001100100100001000101100000011010000101000001110
0000111100010000100001000000001000001101001000000100000000100000
0000000010001110100001111000010001100100100100000010100010111100
0000000000000011010010010100000011100001110010000010000000000110
0110010000000000010001001101001001000100000010110000000000000000
0001000001000000001000110100000001000000000000101000100000010000
0000010100000000010000000000010000000100000011001001100111000000
0010000100000100000001011000010011100001000000110101000010000000
0000001101010000000000100101000000100000000010110000000000000100
1000010010011010011000000100001001000101110000000100100000000001
0100000000010000101010100100000000000000010010001001011001000100
1100101000011000000001011010000001100100000001001010000000000010
1101000000000000100000000010001000001000000010011011000110110000
0111000010100000000000010100010000010000001000000001000001110000
1110000100100000000000100001000110100001001001100010101000000001
0101000000100000000100010100000010000001000100000000100001000001
0100000000100001000011000000000001000000000011100010000001000010
1000010100000011001100010100001000010100110000100100000000101010
0000100001010110000110000010000000111100001000010100100000000001
0010100000000011100010100000011100000011100000100000000100000100
0100000001011000000100000011000000010000010001100001001000000010
