1000000001000000100000100011000000000001000001000100000000000001
0000000101010001000000110000000000000101000000100000010000000001
0000000000101100101001000010000100000100000010010001000010100000
0000001010010000011000011000010010010000000000100000010000011000
0100000000100010001010100000001100000101000000000001010001000010
0100001101000001010000000010000100000101000010011010000000000000
0000001000010110000010000000100001001011000010100010000001000000
0010110000010000000000000000010001010000010100001100000100000001
0000010110001000100000000000001000101000000001010010001000000001
1001000100000000000000000100000011010000010100000000000010010001
0000000000100000000001101001001101010000010001001110010001000010
0000000000110001000000000000000000010000001010000000001001000000
1111100010000001010100100111110010000100000000000010101000000011
1000100011100010011000000000000000000010100010110110100000111010
1100010111000110010110100100000001010100101001001000000000001101
0000110001110100000010010010000100000000000001000100011010000010
1000011000000000100000101010100110000000011000001001010001001000
0011001001000100001110000000000000000000000000000000010001010000
0000000011000101010010010011001000011001001000101010000010011000
0110000100101000001000000000001101100100001001000000000001100000
1100010001000000010010010000000000010000100000000100010000000000
1100101101001000100000001100010000001001000001000110011000000000
0010000011000100001110010010000000100100001000000001100000000001
0010101010001000001000010001010000000100000001000001000000000010
1000000100111100000100000100000101110010000000100110010001100110
0000000100010100000011010000000000011000100001000110010110000111
1000010100011010100000001011001010111100000101111000010000011000
0010000000000000001010010110001101000100001000010000000000000001
