0001000010101100000000101000001001000011001010110000000110100000
0000111010000010001100000000000000001000010000000000100010100000
0100000000001101000010000000000000000100000100001000000010100010
0000101000010000000001000000001001010100000000000000010011110100
0000000110010000000000000101100101101101011100110000110010000000
0000000001010010011000100010001000010000100100001001100000010001
0011011001000011100000000010100100000000000000000000000000000000
0100000110010101001100010000001010000110001001000111000000010100
0000001010000100000110100000100000010011000000001000010011011001
1011100000000100100001001001010010000101000001101000111111110000
0010100010000101000100001010000000010000000000000000011000110001
1010011101010000000010000000000001000000100000100100000101000000
0000001000001000101110101100100000011001001000010000001000100001
0000001000000000000010110001010000000000000000000000000000000000
0010100010000101010000010000000100000101100000101100011000011011
0001000100101100000000010010101111000000011000000001110000001011
0000000100010001000000000100100000100100000001000000010001000000
0000000001010000011000010000000001001000000100100000011010100101
0000000000010010000010000001100000001000101000100100100000001000
0001000110000010101010010010011101001000010000110000100000000101
1000000010000010001010010000000000000000000000000000000000000000
1010000000100101100000010111010000000000010001000110100110001100
1000001100000001000000011100000000001010001000000000001110001010
0000000110010010100001011011000000011000001111010100001000001000
0001100000000000100100001101000001001000000010010010000100000010
0000000010010000000010100000000001100010110010000010000010000000
0000010011010011011100100101000010000000001000000010010110100000
1010010000000010110000000101111000000000000000000000000000000000
