0011010001000000000100000000010010001000000100000100001110100100
0000000110000100000101010001000000000000001011000000001000100010
0001000110001000100100000000000001000000000000001000100000000100
1000000000100001101101000001000110001010000001000010000001000011
0000000000000100010000000111000000100011000010000010001000000100
0000000110010100000000000010000000000100000000000100000110100000
0000000000000010000011000110110001000000000010001000011001001000
0000100000000110001000010000000000000110001100000000110001011000
1101010000110001011000000010000000100000000100000111000010010001
0010010101000000100000000010110100000010000010001000000111000000
0100001000001010000000101011100000001000000000001000000001000100
1011000100001010000001000110000100100000000000001101101100110010
0000000000000010000000000000000101000000000000000000010010000011
1010100100100101001000101000100000000100000100010000111100011001
0000000110001000000000110000010100101100100001000001000111101100
0100000100000001000000000100000110111100101000010001010000000010
0000000000000100010000000011001010000100010000011000001100000000
1001100010000000000100001011010001010000101010011001010001000000
0000110000100100000101010100001000110000000110100000101000010000
1001000010010101000000101010001110000000100100010010000001000101
1000001100001101110000010101000010000000000000011000011010010000
0010000000000000000000000110100000001000100100011010100000100000
0100100001000001000010010000111100010100101000100001100000010100
0100000011000100000000100000000000000000011000000010000000000000
0000010000101000110101000000010000000100100000011110000000000000
0010000011001110110001000001100000011000000100010000000000011010
0000011011000100100011101001000000000010000000000100000001000000
0000100010000000001011000100000000000101111010001100000110000100
