00010000000011011100011100100110
10010100000000001000101000001101
10001000001000011000001000010001
10111100010010100000000001000001
10101001000000000010000000000000
11100000001000000001000100000010
00000001000000000100011001000100
01001010010000000100000000100010
00000110000000010010011010110000
00000000100100010111000110000001
00100001000000010000000001100000
10000000001010101010001110111000
01100000001011010100111000000100
10010000111000000000100011000000
00010000000000110110100101010100
00001000001001010000000000111001
00110000000110000010000000110010
01000011010000111000010010000000
10000010000000000010000000101001
00100100001001010101010000000000
00001001010110101000000110000110
00001001000100011100000001100001
01000101100001000000000010001010
01100100000001000000010001000000
00001000010010000010000001001001
00010010001000101000000100100000
00110001000011000000001000010001
00000110010001000100001010000010
00001100000001000000000000001000
00000001101001000100001000000100
00000000101100010000011000000000
00110000000000000000010100101000
00100011010000011000000000000011
00001001100000010010010100101110
00000100101001100100100100000001
00000001000001010111001111100000
10000000000010110010000011011000
00000000000001110010010000000000
00000001000000000000101000001100
01010010101000000000101000000010
10000000011100100100010000000000
00001011100011001000000111101100
10100000100010000010010010011000
10001001101000001000001000000010
00000001001000000000000100010101
00001001101001000010010000101000
01000101000000010110010001000011
00010000010000000100101000000001
00000100010000000001010010010011
00100000010010100100010000101000
00000000110000000000001010010000
00000011000000001000001000000000
11101010100000000010000001100000
11000111000000000000001100000101
00010010000000000011001101100010
00000100010000010010000100100000
01000010000101011001101001101000
01010100001000101101000101010010
01000000010000001000000000011010
01011100010000000100000010000000
00110010010101101011010000001011
00000001010100000010000100000010
00010001000010000000000000000010
00000101100000010000001010010000
00000100000001000010010100100010
01010010010111000100000000001000
11010010001100000100001001001000
01000000111000011000000000000011
00010111110011010000010000110000
00000000000111010000000001000001
01000000001100001001010100000000
00000101000000100000100100000100
00010100001110010010000100100000
10000000000110010010000100010010
00001100001000010011100001000100
00100001010000010000000000000001
00010010010010110011000000000011
10000000100001100100000000010010
00001000110000000000000000000000
11000000000000100000000100001000
00000000000010100000000011010010
00100000001000000100000000000000
11000000100001010000010000000101
00110000001000000101111001010000
01001101001001001001011000000001
00110001000000001100000000000100
00000000100010000000010100011010
00101001001001000101000110100000
10000100110010101001000000000000
10001000000010000100000010100010
10001100100000010001101000000100
00000000001001101100000010011000
10100000000011011010000001001000
00011000000000110000000000100001
11000100000010000000000000000100
00100000010000001000000010000011
01010000000000000000001001001000
11110000011100001000000000011000
00000110100000100111000101011000
00110000000101000000010000000001
00100111000000001000000100000000
00101010000010101001011000000010
00100000011011111001000100100000
00110010000000100101001001000000
01001010000000000101000000000000
11000000000011011110001001000000
01000000010110000000011000001001
01000101010101110000100110000000
01100000100000000000110100000010
00101000000000000010000010000000
10000011000000010100010100001111
01010000001000100000001000000000
00000011000100001001011100000100
00101000100100001010001110010000
10001001010000000000001001010000
00010100100000010000000000100010
10010000010010000011000010001001
00000001000000000001000010000000
00000011000010000001111100100000
00100100010001100001000010010111
10001010000011010000000001010000
01000001100111001010100001100001
00010101101110001000000100000100
01001101110000000001000000000000
01000010011011101010010001100001
00100001100110010010011101100000
01100100100000000001010111010000
01100000100001011110001000000101
10010100110000010011000000000000
00010000100010000010000000000111
01110000110000000000000011000000
00100010000001010010000000000001
00110011010110000100000000111001
00001010000000010000000011100011
00000110001000110100101000011100
00100100010000000001100100100000
00000100011100101000000010000000
11000010101010000010101100001000
10000000000111011000001001000011
00110000000011110010000001000000
00001000010000000011000000000001
00000001010001001010001000100000
00100000000000001000110000001001
10000110010001010000110000100011
10000111001111000000001011010101
10000100010010111000010100100000
01010000001000000000001011000010
01100101100000000000001110100000
01011010000000100000100001100011
01100100000000001010000000000010
01101000010000100100000011110000
10010100100000101001000100111000
01111000101001000110000001100011
00001100000110101001000000100001
00001010101001101101011110001101
00000100000000000001000010000010
00010001110000000000001001110000
00000101000000010001000001000110
00101000000001100010010000000000
10001100000000000000001101001000
00010110100100000001101000100010
10000100000000001010101010000000
00001010000011010001000010001000
00110001000100010000001001001000
00010000000000000100000000000011
01000011000000010011010000111000
00100100010000001000000100011100
01000101101000100000111101010001
10000010000000100010100011000100
10000010001000010000000001000001
00000000111001100000100111111010
00010001001111001010000010000010
01001011000100010000100000000001
10001001001010110100001000010100
10100111001000000000001100110000
00000000010000101000000101011000
00000000010000100110101001000000
00001100000011001000010001100110
01111000000000000000010000000101
11110001001001000011000000010000
01000000001101000110010010000000
00001110000101010000100000001001
00010100100100100100000000001100
00010100010000010100000111100100
00100000000000011010100000010100
01011000000000011011000000000000
01000001000011101100000000000100
10100010100101100100100000100001
01000111000110100100000001010000
10000100101100001000000011001011
00100100000000010100000000110100
00000000010010000100101000000000
00110000111011010000111000000000
01010100001001000010100110010000
01101000010011000010000000010110
01000000001010000000101000010000
10010000100110000110001100010001
00000000101000000010110100000000
00000000010000000000000000000000
01100000010110011010000100100000
11001010110100000000100110001000
00100000000010010000010001100010
00110100000010001110010000000111
01110011001001001000101000001010
00100000100000100010000000101010
00100100100000011000000100001000
00000000000000010001000101110010
00001011000000000100011010000101
00000000000100011100000000000000
10000000001010000000010000001011
00101110100000000100010000010000
00100000010101000111010000000000
10000010010100000100000000000000
00010001011000101010010110001100
00000000100100100000100010100000
11111100100000011001000001001000
10000110100000010000100101000000
00010011001000010010010000001001
00000100010101001000100011000000
01100010110010000000111000110000
00000101001001010000001000100011
00111001000110100000000001000000
01100101000000010000000000000000
00010100000000010000011001100000
01110000010000100000100100101011
01000011100001100101000011010000
01100001000000100000000000010001
00000111000000000000000000101011
00001001001111100000000100101001
01000000000100000010001000100000
10000000000000000001000110001010
01000000010100000001000010000010
00011000000010000000000010100000
10001000000000000011001001010000
00010011100010000000001001010011
01010000010101010001000010001101
01000011001100100101010101010000
00101000011000010011111110000011
00001000000000001001010000001000
00000001000000000100000000100000
00001010100110110000010100000000
00000000001000000000000010010100
01000011001100000010110100000100
00001101000111000001001100100000
00010101000000100000100000010000
01000000000000001110000001000000
10010010000000001000000000000101
00101000100100000001010111000000
00000000000010000010000000001000
00000110110000001001000000110010
00000000010100010011110000100000
01000000000010100011000000000100
00000000000010000010100000000000
01010000000011100000100000010000
00100000100001100000011010101001
00000010000100000000100100001001
11001000010001000000000000000110
01100101010001000001000101100001
01001101110010000110000001000000
00000000011000000010001000100001
10100001100000110000000000101011
00000011011000101000000010000011
00000010100100100100010100000000
00001011011000000100001001010010
00000000000100010110000000100001
01000000000000000000010001010000
00000000101000000011000100011010
00001010000001110001000000001000
00000001000000000000001001000000
10010001000001100101000100000100
00000101110010010001010000100000
00000001000010000010000100010110
00000010000000000010000010100000
10000000000000100000000101001000
00000001000010100001000000100001
00011001000000000110000000000000
00000000001001000000000000100000
00100100011010000100000000000000
00000000000100000110010001000001
11010100100001100010000000100000
11011110000001000000000001000010
00001100000110001100010101100010
01001000000000110000000000000001
00000100100101001000000000100000
10000000000100001000010001000001
00000000100100010100001100000010
00010000100001000100100000110011
01010001000000000010001001011000
00000001000000100001000010000001
00001001000000001001010010001100
01001000010000110100010011001001
10000000110100000001000000011100
01011000011000110000010000001100
00000000100010000010010010000101
11000100000000010101000100000111
00100100110110000111000101000011
00010100101000000011011010000000
00000001010000000000000000000000
00101000001000110111000001000010
01110000000001010010100000010000
00000000010000010000001000000000
00000000100100001001000100100010
10100100011000000100000110001100
10110000100011101000000000101000
00110110100100000011000001101100
00000000000001000010100101000000
00100000000100000100000000000100
00001011000000110000010000000000
11010000110100000011000000010000
10110000000000000101000010010100
00101000011100101000000000000001
00000000010100010011001000010001
00010100000011001000000000100000
00001001010100000000100000000000
11100000000000100000010000010100
11011000000000100000100000101101
10000001100000000001101000010011
00001001000100110100011001001100
00100000010001000000100000000000
00100010100000000001001000000000
00010100010000010000011000010100
01100000001000110000000010010000
00100100110000000101000001000000
00000000000110011000000000000100
01101010000000000000101011001000
00010000010011000010011101000000
00000100010000000000000000010010
00010010000000000110010000000000
00100000000110000000000000000001
01001100101110001000101100000100
00001010100111110001000000011000
00010000001000000000010100111111
10001100010111010001100010100001
00000000000010001100111001010000
01101000000000010100011000100010
01000001000010101100110000001000
01001011000001000010000100000001
10100000011100010000100100101000
