0101010000011000111000010000100000000000000100001000000110000001
0010100110001000000000000100010000001010001001000101001000101110
0000100001011000010000100110011011000001011110001000110000001001
0100000000000010001000101000000001010000100000001000101100001000
1000000000100100010110100011000100101000000010000010000000001000
0000010000010010000010000000000000010001000000010010000010110100
0001000000100001000010010100100000000000000000000000000000000000
0010000000100000000001100001100000001001000000001000010000000101
0010010100010000001100001100101000100000010000010000001010000000
1011000000010000110000100001000001000000000000001000001000100100
0010110000010000000000110010010001111100000000011010110100000001
1100110010000001100010000001010000001010000001001010100100010000
0001010000000000000100010100100000110000000000100011001001000000
1000000010011100001000000000011100000000000000000000000000000000
0100001000000010000110001000000000000011000000000001000100000100
1000100000000100000001000101011000100101010000101000000000000110
0011000000000000110100011001001001001011000100001001001001001010
0001000000100100010011100001001001000100011100110110001001110001
0100000000110000001101001100001011000010000000000100000100100000
0001000000011000000011010010100001000100000010100110000110100000
0000100101000010000000000010001100000000000000000000000000000000
0000001100000001011010100010000000101100010000000010100101010010
0110010000100010110000100100010001000010100010101010001001000000
0100010100000001000001101101100100010100000011001000010010001000
0000111000000101000001100001000001000100000101010001000000000100
1000001000000000000101010000000000000110010001010000000110001011
0001000000100001000000001001100001000010000100000100000010001100
0000001000110100000000000000000000000000000000000000000000000000
