0000000000000110000000010000010000010010100101000000101011110000
1001101000101010000000100100000001000000000100000100010001010000
1000000000110000000000000000000000001001000001000011000001000001
1000000000100000100000000000001000000001010000101101000000000000
0000011000100110000001000101110000100100100100000110000010100001
0000001000110011000100000000000000001110101001000101100010000100
1010000011010101000000000100001000000000000000000000000000000000
1000000000000001010100001000011011000010000000000010101001101110
0000001000000000010000001000100101010100101011000110001001101110
1011010011000101000001000011011100000001100000111010000010000010
0001001000000110000000000100000000000010000001100000100000001001
0010000000000000000010100110101001010000100010100010000000100100
0100000000001100010111111100010010000000100010000010010011000000
0000011101001000000000100000001100000000000000000000000000000000
0010011001110011000110000011100001000010000000000000110100000010
0000000000000000000001000100010010000100000100000010011100000100
0000010000010100101001101000000001000001010000010101000010000000
0000001000101010000111000000000000100010000111000000010000000010
0100001111000000000100001111000000100000000010001000000011000011
0001101111000000010000001000000100101000000000001000100001000000
0001000010100000001100001001110000000000000000000000000000000000
0100000000000101100001100101011101101000000001011110100100110000
0000001000010000000110001000010010000000011000000000000011110000
0010011000000000000000011000000010101000100100010000000100100000
0001010011000101000010001110101000000111101000101001100001010000
1001010001010001000100000010010000010100111011000000110010001010
0010000000100100010001110011000010000001111111010010000100000110
0000000110100000100100010001110000000000000000000000000000000000
