0101001000010000110000001101101100001000010000000010000000000010
0010110100000000000000000000000001101100001001010000100010001000
0001100100011000001000000100000000101000010000000000000000000000
0000000000010000011011000001000010000010000100001001000101110000
0100000010000011000000100000100001000011110110110010010010001000
0101010000000010000100001100000100000101001000000000110000100010
0101001010000101010000011110000000000000000000000000000000000000
0001001100000000101100100001000100001100000000001001000001000000
0100000000001011101000011110100110010100000100010110000100100000
0000111001100101000100010000010000010101100000101010100010000001
0111000010001100100010000100000100100110110000011010000000000100
0010001100001010000010100100000001100010001001000100101101110000
0010110000000001000000110000000000110000001000010000010000001000
1010110010011000010000011010001000000000000000000000000000000000
0100100000000000000010100100010100110010000001001010010010001101
1000001011101010100010010000111010000001110101000100110000000010
0001110000100001001001000000000100000101111100011000000000110011
1000000000000011000110001101000100011000001000000001000000000000
0000000000000001010010000101100100100110001000001100100000010100
1010001000001011000100101101100000000000110000000101000000100010
0000000001111000011100000000000100000000000000000000000000000000
0010000001001000100000000010100010000000100101100010100000000000
0100110000000010001001011000000000001011000000001101000011010010
0000001000000100000101101000001000110000010011000000010010000000
1000000010000000000010100010001010100000000000000100110000000000
0000000001001001000110001111110000100000001000000000111000100000
0001100010111101001100000110000011110000100000001000000100111100
0100000101000110011010110011000000000000000000000000000000000000
