 -67 -73  60  -9 -99 -88 106  46 -17   0   0   0   0   0   0   0
  22  46  38 -10  93 -84  58  17-104  66 -10  33 -71-102  -7  33
  63 -22 -75 -82  48 -33   0   0   0   0   0   0   0   0   0   0
 -38   0   0   0   0   0   0   0   0   0   0   0   0   0   0   0
  44 -19  65  25 127  -2 -10  26-107 -85 108 -44   0   0   0   0
 -16  31  43 107 -73  -4  -6  73-124-101  44 -87 -18   0   0   0
  94  49 -69 -60 -93  -5  57 -59 -81-113 109  91-122 107 -36-118
 -53  65-109 -90 -82  45 -82 -31 -54 -63 -89 -19 115 -92  95   0
 108 -15 -67  -3  80 -73 -71 111  95  98 -74-104  47 115 -38  83
-119  39 -88  -5 -91-117-114 -87-111  19 -27  95-114  47   0   0
   7-103 -61 -57  95 -80  -9 -82  -2 -42 -73 -83  89   0   0   0
 -99 108  50 109 121  90 -67  -6  11 -83-116  81  -5   0   0   0
  33  52  48 -43 -90 -13   0   0   0   0   0   0   0   0   0   0
 -42 -24   0   0   0   0   0   0   0   0   0   0   0   0   0   0
  -3  94 104 -70 108  42 -55  65 -52  44 108-103  26 110 -72 -93
 -65 -59 -99  69 -22  59 -84  97 -94 -71   0   0   0   0   0   0
-117 115 -24-122 -58 -44 123  91 -69   8-108 126  34   0   0   0
 122  -8 -81 -59  67-106-100   2 123 -19 -78 -81  53   0   0   0
 108  70 102 -46  -1 -68 108 -20  93  88  47 -99   0   0   0   0
 -26  -5 -10 -16  34 -21  -8 117 -31 -74-115 -14 -15 -20  68 -91
-100  -5 -29 -93 -29  46 -10 -73 -22  77 -46 117  33  68  73 -70
  45 125   6  19 -50 -40 -45  69 -12  84  50 -73  11  20 -29 -13
  63  88 -10  -1 -30 -75 -45  96 -65 -58 119-116 111 -47  95  -4
 -26  23 -12  45  93  71 -41-106  47  22  67  67  68  43 107  21
 -13 -66 -51   0   0   0   0   0   0   0   0   0   0   0   0   0
  15 -65  48  -2 125  96  -6 -18 -30 -48-115  29 -96 102-103   0
  32 -19 -95 -43 -53  82 117 -15  12-125 -29 -74 -72  -9  92 -39
 109  47  -4  -2 -70  38  73 -67  66  47 113 111  15  63  -4   0
 -76 -19 -68   0   0   0   0   0   0   0   0   0   0   0   0   0
  63 -71 104 114 -44 -57 -34  -2  42-123 -69  47 -74  63  52 107
   9-109-114 -12 -53 123  62  69  59  49  94 103 -90  85  89 108
 -42 121 -49-115  94  63 -85  12 126 -40  85 -73  -2  42 -76 126
  31 -10 -33 -28  74  91   0   0   0   0   0   0   0   0   0   0
 123 -94 -45 -74  11 -75 -84  44 -37 -98 -19 -65   0   0   0   0
 -24 125 101  67 125 -66   0   0   0   0   0   0   0   0   0   0
 -22  99  90 -77 -47 105  -2-123  92 -47 101 -76  60  23  28 -71
 -18 -75  24 105-115 -26-110 -84 111 -97 -17 -77 -18 -49   9 110
 -55 -49 -57 -73  -1 -67  48  61 -14  44 -72  38-121  66   0   0
 -55 111  59 -45 -84  83-124 -11 -65-106 -35 -83 103 -31  82   0
  14 -49 -29  67  -2 -15 -85  89 -64 -98  75 110  72  31  93 -82
 122  -9 -46  -1 -27  -6 -10 -33 -74  86  31 -12   0   0   0   0
-101-106   3 -29  81  18 -62 -15 -19 -73  58 -92  60  32 -99   0
 -63 -44 -59  30-105 -33 124 111 -53  94 102 126  15-106 110 -58
  75   0   0   0   0   0   0   0   0   0   0   0   0   0   0   0
  59  29 -25 -35-126 -69  59  -1  60  51 115 111 -26  75   0   0
 -19  64 -33 127  39  -9 -46 -97 -28 -22 121 -99 -60 -76 -39 100
-105 -41  99-108-117 -97 -78 -32 101  28  -7-125 -56  90 -59   0
 -70   0   0   0   0   0   0   0   0   0   0   0   0   0   0   0
  11  -7 -61   0   0   0   0   0   0   0   0   0   0   0   0   0
  72 -18  39 -48 -43  60 -26 -19 -70 125-123  51 -65  35   0   0
  31 -34   0   0   0   0   0   0   0   0   0   0   0   0   0   0
 -51 127 -27 -17  87 -87 120 -29 -88 -65  47 -14 -32-107 -33 109
  -1   0   0   0   0   0   0   0   0   0   0   0   0   0   0   0
