  36  52 -40 -90  39  -1 -20-108  -7 120  55  15 -75  96 -67   0
 -67 -77 103 126 -99  89 -69 114  86  54  96 -65 121  -9 -67  -7
  63 -71 104 114 -44 -57 -34  -2  42-123 -69  47 -74  63  52 107
 -18   0   0   0   0   0   0   0   0   0   0   0   0   0   0   0
  29 -43 -34 -20  36  53 -43 -77 -74  55  16 105-110 -51   2 113
 125  79 102  92 -12 -14 110 107  67 -61-110 -77 108  78 117  71
  54 -57  -9 -82  12 107  47  50  64 -65  31  37 -29 -71 -76-110
  22  -9   0   0   0   0   0   0   0   0   0   0   0   0   0   0
 116 -83  31  -8 101  -6  -5 107  85  61  -8-100  68-106  36 -61
-110 -17 -36   0   0   0   0   0   0   0   0   0   0   0   0   0
 -58 -12  87 -35  39 114 -37 -37 -97  21 -53 -65 -35 108   0   0
 -89 125 -51 -10 -81  34 117  -9  77 -86  30  87  -2 -16 -48   0
  17 127 -11 -60 -53  30  72 109  31 -10 113  56 -99   0   0   0
 -59 -49 -77  34  70 -66  93 -49  -4 -23  74  53 -91 117   0   0
 125  26  23-113 -44 -92  83  55  42 119   0   0   0   0   0   0
-112 -44  90  53-101  72 -21  72 124  42  84 -11 -41  90 122  61
 -67  13  85 -98 -63  15  61 115  62  44  15-106 -35 -34 116   0
  42 -81-100  73 109 109 -33  83-120 -25  88  45  53  21 -77-109
 -11  25 -34 -37 116-108-113 -32-110 -20-121 -91 -68  80  18 -40
 126 -85  47 -85 -85  -7  78 -83  85 -96  82 -17 -11 -96  29 110
 -21  79 109 -50 122 -85  43 -97 -95  79  27   4-110  91  53 116
  -7  30 -83  23 -34-107 -41  55-105 103  31 -93 -55 -58  29  81
 -82 -71  -1-100 115 -81 -49  87-105-109-117  -8 -20 -77 -79 -61
  29  70 -44 -44 -27 -82  -7  15  93-108  46-105  49 -48  26  97
 -21 -33  57-115 117  86 -13-107 119-104 122 -17-106 -75   9 101
 104 -87 -98 -15 -30 -21  -9  65 -82 -27 -86 -44-125 -22 -87 -19
  -5 127 121 -58 -65 -82 -51 -33  -1 -88  91-111 126   0   0   0
  85   1-113 -70 -16 -58 -34  38 111 -31  45 -55  83 -97-101 107
  44 -19  65  25 127  -2 -10  26-107 -85 108 -44   0   0   0   0
 -18  77 -94  63-120  80 121 115  -7  52   0   0   0   0   0   0
 -59 -24 102 -38-100  69  45  53 -58 -36  53 -36   0   0   0   0
  -1  22 -52 108 -15 -54 -71 109 -87 -56  91  91 -35 107   0   0
-113 -44 -56 111  36 101 121 -75 -15-106   7-107-106   0   0   0
  75-114 -12 -94 -86  -9 105  30  86-116 -27  12 -30 -50  50  53
 -55  98  -9   0   0   0   0   0   0   0   0   0   0   0   0   0
 -59 -67   0   0   0   0   0   0   0   0   0   0   0   0   0   0
-126  -2-103-101  -7  -4 -80-108 -98 -46  79  -2 -65-113-103 -57
  23 116 123-101 -97 -30  -3  23-109  15-116  66 -39-105   0   0
 102  78  34 -38 100 106  58  41 -53 -50 -43  93  31  59 -67 -59
  98  70-100 -90 -93  38-102  -7   8-123  74  12   0   0   0   0
  11  -7 -61   0   0   0   0   0   0   0   0   0   0   0   0   0
 -60 -70  47  76  27  -8 125 -50-116  86 -57 116  98-121  41   0
  56  93  53  85 -44 115 -66 122 103   6   1  -3 -52 -43 -46 -89
  58   0   0   0   0   0   0   0   0   0   0   0   0   0   0   0
-107 -65 -49 -98-102  35 -73   0   0   0   0   0   0   0   0   0
 -44 -98 116 -18 -37 -71 -69 -25 -82-112  39 -68 -82  -2 -39-116
 121  22  29  -8 108  45 -30   1 -93  40 -79 -68  32 -91  95 -82
 -33 -99-120 -51 -56 -74 -68  18 118  55  -2  94 -34  83 -21 -21
  82  85 -91   0   0   0   0   0   0   0   0   0   0   0   0   0
 -26  -9 125 114  69 -74 -32  30  -4-123 -17 112  67   0   0   0
 -92 -61 -87 104 107-110 125-118 -43  79  65  63-102  -2   0   0
  -4 -60  87-105  41 -69 -95-108  -6 -48 116  51 126  15 -49  95
  64 -53 -41 -40  56 117 -70 100  -9  13 125 -77 -23   0   0   0
