  68  61 -68  20 108  55 -74 -88 127 -39  97 -36   0   0   0   0
 105-102  92  15 -11  15 -60 100 -77  31  -8 -47   0   0   0   0
-109  -1 -27 -67   0   0   0   0   0   0   0   0   0   0   0   0
 -28 -89 127 105 119  51  90-118 109  95 -72  15 -97 125  35 -92
  57  62 -43 -90-113  -1  58  22  -9  44  10 -52  17-126 -90  -3
 -89 -31 -40  82 -42  79  -8 -31 -73  73-107  70-122  62  87 119
  -5  -7 126   0   0   0   0   0   0   0   0   0   0   0   0   0
  80-113-102  65  96  68  49 -67 -57  38 -57 -49-126 -57-127  80
  75   0   0   0   0   0   0   0   0   0   0   0   0   0   0   0
 -66 126 -52  76  49 -23 -94  98 -77 123 -56  47 -49  -4 111   0
 -59 -24 102 -38-100  69  45  53 -58 -36  53 -36   0   0   0   0
-107 -15  61   0   0   0   0   0   0   0   0   0   0   0   0   0
-127  -9   7 -20 -15  57 -79  62 125  11 -74  88   0   0   0   0
  -6 -16 -29-110 -22 -44 -39 104 -73  15 115 -89 -82  86   0   0
   7   0   0   0   0   0   0   0   0   0   0   0   0   0   0   0
 -70  84  84  78  93 -51  29  31 -14  19-101 118   0   0   0   0
 -55 -49 -57 -73  -1 -67  48  61 -14  44 -72  38-121  66   0   0
 -73 -43   3 126  31 119 -86 -28-124 -40 -83  -5   0   0   0   0
  57  57  97 -39-123 114  87  22-118  -5 109  -9-126  22 -43-122
 110 -29   0   0   0   0   0   0   0   0   0   0   0   0   0   0
 -65 -59 -99  69 -22  59 -84  97 -94 -71   0   0   0   0   0   0
  79 -93   0   0   0   0   0   0   0   0   0   0   0   0   0   0
 125  74  21 116  51 -15  19  -1 121 -49-114   5   0   0   0   0
 -39  34  79 -19 -38  26 -70  41 -74 110  -2 -87  92 125  59   1
  -1  70 -17 -63  99-115 125  82 118  29  42-108-117 -37 106 -69
   7 -31  58 -29  -8  71 -15  47  90 103-115 -14  -2 125 -51  43
 -12 -12   0   0   0   0   0   0   0   0   0   0   0   0   0   0
   8   0   0   0   0   0   0   0   0   0   0   0   0   0   0   0
 -28 127 118-113 -99  96  54  -8 -16  83 -74 -32 -66   0   0   0
 110 107  -2  50 -23  74 -67 -66   1 -12 -21 -91 -81 -14   0   0
  77  41   0   0   0   0   0   0   0   0   0   0   0   0   0   0
 -25  61  18  90  39 107 -89  15 107 123 127-109 121-105  46 -43
-115  53  68  -3  21 -42-119  -3 -28  36  85 -13-101 -21 -85 -30
  75   0   0   0   0   0   0   0   0   0   0   0   0   0   0   0
  94  49 -69 -60 -93  -5  57 -59 -81-113 109  91-122 107 -36-118
 -89  66 117 -25 122 -19 -54-108  -4  98 -68  61 117 -59 -11 -40
 -21 -52 -66 -96 -33 -38 -47 -67   5 -42   0   0   0   0   0   0
 119 -70 113  15  82  19 -85 -88 -35  37 -96  24  63 -91-126 -63
-119  39 -88  -5 -91-117-114 -87-111  19 -27  95-114  47   0   0
 -18 -75  24 105-115 -26-110 -84 111 -97 -17 -77 -18 -49   9 110
 -65  21  46  91 -70  62 -78 -12  56 -18  -1 -61 -82   0   0   0
 -47 -55 116 -12  -8 -36 -74 -83-113 -14 107 -49 -66 -83  81 -69
 -47 -55 116 -12  -8 -36 -74 -83-113 -14 107 -49 -66 -83  81 -69
 -54  58 -97 127 -17 -94-103 -50 116  45 107 100 -81 122 -73 113
 -70 -29 -58   0   0   0   0   0   0   0   0   0   0   0   0   0
 -98  28  78  94 -34 -66 -28  75 -47 -71 -11 -35 117 -47 -61 -78
  69 -99 -38 126   0   0   0   0   0   0   0   0   0   0   0   0
 -24 -49 123  -9  90  -8  -5 -37 -13 -64 101 124 -82 123 104 117
  -2 118  42-105 -71 -32 -28 -18  -9  21 119  49  63  15  62 113
  -1  70 -17 -63  99-115 125  82 118  29  42-108-117 -37 106 -69
  59  29 -25 -35-126 -69  59  -1  60  51 115 111 -26  75   0   0
  91 -23 -79  26 -17 -33 -57  29 111 -93 -37  63-117-108  67   0
 -19  64 -33 127  39  -9 -46 -97 -28 -22 121 -99 -60 -76 -39 100
