 -99 -23  28-100-115 117  68  94  53 -49 -46 -70  56 110 -21 -56
  97 125  93 -72 127  79  33 -43-116  -5  40 -57  47  40 -71  60
   9-109-114 -12 -53 123  62  69  59  49  94 103 -90  85  89 108
 -97 -84-111  62 -45 118  51 -66-119 -50  91  51  89   0   0   0
  -1  22 -52 108 -15 -54 -71 109 -87 -56  91  91 -35 107   0   0
-113 -44 -56 111  36 101 121 -75 -15-106   7-107-106   0   0   0
 104 -87-101 -75  14 -45 -89  89  55 -67  54-101 -72-113  14-118
 -39 -27  -7 -51  36 -46 -50 -41 -68   6  90 -31 -18 108  51 -87
 -24 -49 123  -9  90  -8  -5 -37 -13 -64 101 124 -82 123 104 117
 120  -7 -44 -31 -87 106  89  61  81-121-115 118-113  57  25 108
 -52 103 -37 101 -41 -34 -69 -31  25  91  44 -52   4-103 -18 100
 -83 -74  -9 113  48  63 -29 -66  46 -75-117  -1 -33  73 -42   0
 -60 -70  47  76  27  -8 125 -50-116  86 -57 116  98-121  41   0
  90 119 109  53 -79  58 107-110 -81  25 -67 -90   0   0   0   0
-117-115-117 111 -70 -45  63  91 -16 110   2  21  83   0   0   0
 -28  -6   0   0   0   0   0   0   0   0   0   0   0   0   0   0
 -46 -39  54  98 105 107  54 -26 -15  94 -97  -2  49  -2-117 -77
 122  15-125 115-101  30  15-115 -36 -69  50  10 -55  -3  22 -76
 -10 -44 -69 -73  23 -38  69 -87 -52 100 112  63 118   5   0   0
  87  88 -79-121  62  59 -42  88  47  11  25 -49-122-122-116  87
  58 110 -74  72  59 -91 103 -36 -11 -97  50-118 -73  37-114 -76
   2  76  81  -4 127  73 -22  89  -5 127 -90-100 -92  99   0   0
   3  78 -33   3 -77 123 -34  47-127 -83 -15-116 101   0   0   0
 -14  74 -67  88  99 103 -49 -51 -72 -54 -20-117  29  51 -80  57
 127  47 -78 -34-114 -72  13  14  29 -60  78  46  -3   0   0   0
 -76 -19 -68   0   0   0   0   0   0   0   0   0   0   0   0   0
 -47  49 -32 -56  -1  23 -73 -13  71  68  31-117  14-113 -74 -89
-126  62-109  78 114  82  40 -24  69   0   0   0   0   0   0   0
  77   0   0   0   0   0   0   0   0   0   0   0   0   0   0   0
 -92  14 -45 113 -38  61  92 -33 -82  39 -34  11  28 115  56  66
 119 -70 113  15  82  19 -85 -88 -35  37 -96  24  63 -91-126 -63
  -3  26   0   0   0   0   0   0   0   0   0   0   0   0   0   0
-104 -28  -1  60  62 122 -76 -67  57  15  63-119 -54  36  54   7
-103  45-127  89 126 -23 -33 125 124 -82-124 -81 -54 -55  23 -38
 -63 -44 -59  30-105 -33 124 111 -53  94 102 126  15-106 110 -58
 -89   0   0   0   0   0   0   0   0   0   0   0   0   0   0   0
-109 -50 -42  89 -74  60-111 -41-121 -69   7 -23 -25 -66  13  -1
  63  88 -10  -1 -30 -75 -45  96 -65 -58 119-116 111 -47  95  -4
 -18  91  21 -54 -15 -34  -8 -36 -13 109 -54   0   0   0   0   0
   9   0   0   0   0   0   0   0   0   0   0   0   0   0   0   0
 -76-106  42  78  68  66 -79 -12 106-124  -2  37 -12 -15  43-115
-102   0   0   0   0   0   0   0   0   0   0   0   0   0   0   0
  11-123 112  92   0   0   0   0   0   0   0   0   0   0   0   0
  69 -15-115 -79 127 -36  49  49  77 -11   8 -17-113 -83  71  12
 -27 -23 -26 102 -98 -63  63  63 -81 -12 -47  37 -36 123 110 -69
  89 -74 -90   0   0   0   0   0   0   0   0   0   0   0   0   0
 110 -12 -33 -31  -3-117  62 -22  61 116   0   0   0   0   0   0
 -31  68 126 -35 -26  66-117  52 -71 100   0   0   0   0   0   0
  34  76 -87  28 -29  77  74 -41  33  78-117 -17 -44  98 -20-115
 -82  77  44  75  59   0   0   0   0   0   0   0   0   0   0   0
   5 108 -61 -74  -4  25  46  15   9  89 -70 -11 117   0   0   0
 110 107  -2  50 -23  74 -67 -66   1 -12 -21 -91 -81 -14   0   0
 107 -53  -5 110   0   0   0   0   0   0   0   0   0   0   0   0
