  85   1-113 -70 -16 -58 -34  38 111 -31  45 -55  83 -97-101 107
 110 107  -2  50 -23  74 -67 -66   1 -12 -21 -91 -81 -14   0   0
  97 125  93 -72 127  79  33 -43-116  -5  40 -57  47  40 -71  60
  53 -17  16 -70 106 -75 -74 -19-117  79  19   0   0   0   0   0
  57  62 -43 -90-113  -1  58  22  -9  44  10 -52  17-126 -90  -3
 -68 124 112 -61 -51 -86 -47 -99 -27 125 -17 100 -60 -99   0   0
  47 -73 -24  85  12 -44 -32  95 -85  77  24 -68  17 -91  71 -43
-126  62-109  78 114  82  40 -24  69   0   0   0   0   0   0   0
  63 -71 104 114 -44 -57 -34  -2  42-123 -69  47 -74  63  52 107
 -89 -31 -40  82 -42  79  -8 -31 -73  73-107  70-122  62  87 119
 -71  47 111  99  86  -6 120 -17 -52 -71 -18  51  99 -65  91  74
  94 111  53  14  66  -2  16  -1 -32-114  94  31 -98   0   0   0
  23 -11 112-105 -35 -15-117 -67 125 113  51  92 -99   0   0   0
  44 -19  65  25 127  -2 -10  26-107 -85 108 -44   0   0   0   0
 117 -17 -94 -46 110 -47 -69  94  15  95 -31   0   0   0   0   0
 -25  61  18  90  39 107 -89  15 107 123 127-109 121-105  46 -43
  43 -65 -21 -23 -75 -62 110 -86  68 124 -83 -18 -53   0   0   0
   9-109-114 -12 -53 123  62  69  59  49  94 103 -90  85  89 108
 -47  49 -32 -56  -1  23 -73 -13  71  68  31-117  14-113 -74 -89
-115  53  68  -3  21 -42-119  -3 -28  36  85 -13-101 -21 -85 -30
  69 114 105 -29  63-113 111  29  47 -91 103 -37 124 -18  22 -36
 -16  31  43 107 -73  -4  -6  73-124-101  44 -87 -18   0   0   0
  80-113-102  65  96  68  49 -67 -57  38 -57 -49-126 -57-127  80
  30 -74  -9  87 103  23-101  25 -41  23  93 112  -1 -39-114 -18
-109 -88 -41 -28  13 -98  83 122  37  90  86-124 -75 -72 -82  28
 -18  77 -94  63-120  80 121 115  -7  52   0   0   0   0   0   0
 -42 121 -49-115  94  63 -85  12 126 -40  85 -73  -2  42 -76 126
  97 125  93 -72 127  79  33 -43-116  -5  40 -57  47  40 -71  60
  53 -17  16 -70 106 -75 -74 -19-117  79  19   0   0   0   0   0
  57  62 -43 -90-113  -1  58  22  -9  44  10 -52  17-126 -90  -3
 -38   0   0   0   0   0   0   0   0   0   0   0   0   0   0   0
  47 -73 -24  85  12 -44 -32  95 -85  77  24 -68  17 -91  71 -43
-126  62-109  78 114  82  40 -24  69   0   0   0   0   0   0   0
  63 -71 104 114 -44 -57 -34  -2  42-123 -69  47 -74  63  52 107
  77  41   0   0   0   0   0   0   0   0   0   0   0   0   0   0
 -71  47 111  99  86  -6 120 -17 -52 -71 -18  51  99 -65  91  74
  94 111  53  14  66  -2  16  -1 -32-114  94  31 -98   0   0   0
  23 -11 112-105 -35 -15-117 -67 125 113  51  92 -99   0   0   0
  44 -19  65  25 127  -2 -10  26-107 -85 108 -44   0   0   0   0
 117 -17 -94 -46 110 -47 -69  94  15  95 -31   0   0   0   0   0
 -25  61  18  90  39 107 -89  15 107 123 127-109 121-105  46 -43
  -5  -7 126   0   0   0   0   0   0   0   0   0   0   0   0   0
   9-109-114 -12 -53 123  62  69  59  49  94 103 -90  85  89 108
 -47  49 -32 -56  -1  23 -73 -13  71  68  31-117  14-113 -74 -89
 107 -53  -5 110   0   0   0   0   0   0   0   0   0   0   0   0
  77   0   0   0   0   0   0   0   0   0   0   0   0   0   0   0
 -18   0   0   0   0   0   0   0   0   0   0   0   0   0   0   0
  80-113-102  65  96  68  49 -67 -57  38 -57 -49-126 -57-127  80
 -51  96   0   0   0   0   0   0   0   0   0   0   0   0   0   0
  -9   0   0   0   0   0   0   0   0   0   0   0   0   0   0   0
 -18  77 -94  63-120  80 121 115  -7  52   0   0   0   0   0   0
 -42 121 -49-115  94  63 -85  12 126 -40  85 -73  -2  42 -76 126
  75   0   0   0   0   0   0   0   0   0   0   0   0   0   0   0
