  98 -93 -75 -74 -70  98  46  42   5 -97 107 -19-113   0   0   0
  85   1-113 -70 -16 -58 -34  38 111 -31  45 -55  83 -97-101 107
 117 -17 -94 -46 110 -47 -69  94  15  95 -31   0   0   0   0   0
  54-115  71-117 110-107   7 -70 -34  13  28  79  98  55 113   0
 -21 -52 -66 -96 -33 -38 -47 -67   5 -42   0   0   0   0   0   0
 -81-124 -90  60 116 109 101  -7 -98  58 -91  73   0   0   0   0
 -70  84  84  78  93 -51  29  31 -14  19-101 118   0   0   0   0
 -54  58 -97 127 -17 -94-103 -50 116  45 107 100 -81 122 -73 113
 122  -9 -46  -1 -27  -6 -10 -33 -74  86  31 -12   0   0   0   0
 -79 -94 -93  84 -44 -96 -69 -10 110 -70 -97   0   0   0   0   0
  60 -63 126 -78  82 -85  82 -71 -16 -81  88   0   0   0   0   0
  -2 -19-113 112 -20 -44-109 -42 117  12-107 -87  79   0   0   0
 -11  -7  13 -87 119-126  -6 -15  23  -1 -82   0   0   0   0   0
  72 -18  39 -48 -43  60 -26 -19 -70 125-123  51 -65  35   0   0
  71 121 -20 -65  70  -4 -67-115 106  26 104 -77 -65 -66   0   0
-117-115-117 111 -70 -45  63  91 -16 110   2  21  83   0   0   0
 -42  92   5 -47  62 -23 -32  -1 -55-117 -52  96 -43  68   0   0
 -20  39 102-105 -28 -85  -5  40  59   0   0   0   0   0   0   0
 -33 -99-120 -51 -56 -74 -68  18 118  55  -2  94 -34  83 -21 -21
 -34  74 -49  80  -4 -31 -75 -78  -9  77 -18 -45 -21 -92   0   0
   5-110  79 -81 -13  31 115 113  24 -17-107 -30 118 -99 -77  69
  69 -11-122 -54 115 100 111 111  76  31   0   0   0   0   0   0
 -90 -47 -75 116 -57  12 -33-103  57 -22 -81 -94 -57  91   0   0
  74 -19  62  39 -47  31  93  -7-103 102 -25  37  67 -78   0   0
 -98  34 -97  -5 127  53   7-117  62 124 -33  95  63 127  27-117
  79  -5 120-111-126 -32 -37 -58 -82 -37-112 121-107 -24 120-105
 -42 -14 -69   0   0   0   0   0   0   0   0   0   0   0   0   0
  53 -17  16 -70 106 -75 -74 -19-117  79  19   0   0   0   0   0
 -47  49 -32 -56  -1  23 -73 -13  71  68  31-117  14-113 -74 -89
 -11 125  85 108 105  -8 -24  46 -32 -61 -31 -27 -11  -1 -48 -25
 108 -15 -67  -3  80 -73 -71 111  95  98 -74-104  47 115 -38  83
   7-103 -61 -57  95 -80  -9 -82  -2 -42 -73 -83  89   0   0   0
  54  79  85  29 110 111 119 -23  78  80-103 117  14 -60   0   0
  -2  46 -37  43  75 -41 -74  -7  35 -34 -99 -87 -63 -81  59   0
 125 110 123  31 -56 -99 -21  -8 109 -37 -29 -56 -34   0   0   0
 -98  56   0   0   0   0   0   0   0   0   0   0   0   0   0   0
  17 127 -11 -60 -53  30  72 109  31 -10 113  56 -99   0   0   0
  54 100  54 105 -96 121-110 -55  37-102 -92   0   0   0   0   0
  11  -7 -61   0   0   0   0   0   0   0   0   0   0   0   0   0
 -18  91  21 -54 -15 -34  -8 -36 -13 109 -54   0   0   0   0   0
 112-103  62  77  43 121  30 111  51 -22 -98 108  -3 -28 118   0
 -76-106  42  78  68  66 -79 -12 106-124  -2  37 -12 -15  43-115
  42 103 -33  75 -17 107 -14 -90  64 -62-108  38  49 -89-106   7
-101   0   0   0   0   0   0   0   0   0   0   0   0   0   0   0
 -99 101 -45   0   0   0   0   0   0   0   0   0   0   0   0   0
 -25-103 117 112  54 -60 -67  61 -57 -73  -4  75 -12  29 -44  93
 104  46   0   0   0   0   0   0   0   0   0   0   0   0   0   0
-109 -90  74 -29 -30 -84 -30 -97  99 108  11 -11  43  86   0   0
 -58 -55 -98 -22  60 -83 -15 -65  29 -21  78 127 -41 111  38 -42
 -30  92  63   0   0   0   0   0   0   0   0   0   0   0   0   0
 -37   0   0   0   0   0   0   0   0   0   0   0   0   0   0   0
  59   0   0   0   0   0   0   0   0   0   0   0   0   0   0   0
  50-101 -61 -68 -27 123-115  51  29 -92 111 -73  60-119  70   0
