 126-102-115 109 -12 107  -7  19  75 -67  52  26  23 -26-123 111
 111 -45  78  27  39 -83 -42  72 -35 -25  43  95 116   0   0   0
 127  47 -78 -34-114 -72  13  14  29 -60  78  46  -3   0   0   0
 -99 -23  28-100-115 117  68  94  53 -49 -46 -70  56 110 -21 -56
  50-101 -61 -68 -27 123-115  51  29 -92 111 -73  60-119  70   0
  49  79-103 -46 117  48 127-101 -47  97 -84 101 121-103 124   0
 126  44 -61 118  63  40 -86 -29  32 127  32  17  57   0   0   0
 -65 126 -69 -17  -2 -39  79 -38  41 -45  -7  83 -57   0   0   0
 -90  81 -69   0   0   0   0   0   0   0   0   0   0   0   0   0
 -68 124 112 -61 -51 -86 -47 -99 -27 125 -17 100 -60 -99   0   0
  47 -73 -24  85  12 -44 -32  95 -85  77  24 -68  17 -91  71 -43
  94 111  53  14  66  -2  16  -1 -32-114  94  31 -98   0   0   0
  23 -11 112-105 -35 -15-117 -67 125 113  51  92 -99   0   0   0
  43 -65 -21 -23 -75 -62 110 -86  68 124 -83 -18 -53   0   0   0
-115  53  68  -3  21 -42-119  -3 -28  36  85 -13-101 -21 -85 -30
  30 -74  -9  87 103  23-101  25 -41  23  93 112  -1 -39-114 -18
  30 -74  -9  87 103  23-101  25 -41  23  93 112  -1 -39-114 -18
  39 -42 -85  25 123-116 -49 -13 -99   1 -11 -61 -73  83 -16 103
  94  49 -69 -60 -93  -5  57 -59 -81-113 109  91-122 107 -36-118
 -53  65-109 -90 -82  45 -82 -31 -54 -63 -89 -19 115 -92  95   0
 -53  65-109 -90 -82  45 -82 -31 -54 -63 -89 -19 115 -92  95   0
 123 -94 -45 -74  11 -75 -84  44 -37 -98 -19 -65   0   0   0   0
 -89  66 117 -25 122 -19 -54-108  -4  98 -68  61 117 -59 -11 -40
 -64  61  63 -15 -21  92 -86   0   0   0   0   0   0   0   0   0
 -24 125 101  67 125 -66   0   0   0   0   0   0   0   0   0   0
 -86 -57  99  17  13 -72 -57  25 -91 -97 118 -56  33-119  -2 -55
  -2 -45 -44 -14  -1  69 -19  70 -65 -13  61-116   0   0   0   0
   5 108 -61 -74  -4  25  46  15   9  89 -70 -11 117   0   0   0
 105-102  92  15 -11  15 -60 100 -77  31  -8 -47   0   0   0   0
-109  -1 -27 -67   0   0   0   0   0   0   0   0   0   0   0   0
-109  -1 -27 -67   0   0   0   0   0   0   0   0   0   0   0   0
 -67 -77 103 126 -99  89 -69 114  86  54  96 -65 121  -9 -67  -7
  63 -22 -75 -82  48 -33   0   0   0   0   0   0   0   0   0   0
  53 -17  16 -70 106 -75 -74 -19-117  79  19   0   0   0   0   0
 110 107  -2  50 -23  74 -67 -66   1 -12 -21 -91 -81 -14   0   0
 -71  47 111  99  86  -6 120 -17 -52 -71 -18  51  99 -65  91  74
  63 -71 104 114 -44 -57 -34  -2  42-123 -69  47 -74  63  52 107
  43 -65 -21 -23 -75 -62 110 -86  68 124 -83 -18 -53   0   0   0
 117 -17 -94 -46 110 -47 -69  94  15  95 -31   0   0   0   0   0
  77   0   0   0   0   0   0   0   0   0   0   0   0   0   0   0
 -16  31  43 107 -73  -4  -6  73-124-101  44 -87 -18   0   0   0
  10 -45 -67 -43   0   0   0   0   0   0   0   0   0   0   0   0
  -9   0   0   0   0   0   0   0   0   0   0   0   0   0   0   0
  94   0   0   0   0   0   0   0   0   0   0   0   0   0   0   0
  94   0   0   0   0   0   0   0   0   0   0   0   0   0   0   0
 125  79 102  92 -12 -14 110 107  67 -61-110 -77 108  78 117  71
 123 -94 -45 -74  11 -75 -84  44 -37 -98 -19 -65   0   0   0   0
 -98  82 105   8-102 -26 -99 -35 -45  90 122 -72  11  54  62   0
 -21 -52 -66 -96 -33 -38 -47 -67   5 -42   0   0   0   0   0   0
 110 -80  46 -34 -81  70 -85 104 -20  94  69   0   0   0   0   0
 110 -80  46 -34 -81  70 -85 104 -20  94  69   0   0   0   0   0
  -2 -45 -44 -14  -1  69 -19  70 -65 -13  61-116   0   0   0   0
 -81-124 -90  60 116 109 101  -7 -98  58 -91  73   0   0   0   0
