 105-102  92  15 -11  15 -60 100 -77  31  -8 -47   0   0   0   0
 -65 126 -69 -17  -2 -39  79 -38  41 -45  -7  83 -57   0   0   0
  94 111  53  14  66  -2  16  -1 -32-114  94  31 -98   0   0   0
-109 -88 -41 -28  13 -98  83 122  37  90  86-124 -75 -72 -82  28
 -53  65-109 -90 -82  45 -82 -31 -54 -63 -89 -19 115 -92  95   0
 110 -80  46 -34 -81  70 -85 104 -20  94  69   0   0   0   0   0
  42 -40 -57 -83 -38-111  -8  -7  93 101  43  -5 116  -2 102  77
 -69  34  43 114  69  24  -1 -75 -34  35  72 -60 126  92 121 -10
  -2 -55 -93 111 -50 125  30 -77  -7-124 -88  -2 -27 -78 -12   0
-101-106   3 -29  81  18 -62 -15 -19 -73  58 -92  60  32 -99   0
 -20 -21 -50-105 107  68 -13  -1 100-120  70 -41  49  -4 109  11
 -91  52-109 115-125  31  81  60 -12 123  94   0   0   0   0   0
 -59 -49 -77  34  70 -66  93 -49  -4 -23  74  53 -91 117   0   0
  50  89 -66  51  84 -89   9 -31  53 -23   0   0   0   0   0   0
  72 -18  39 -48 -43  60 -26 -19 -70 125-123  51 -65  35   0   0
 -26 -45 -90   0   0   0   0   0   0   0   0   0   0   0   0   0
 -73 -94 -10 -53 -95  63 -19  43  52 -54  -5 127  -9 115   0   0
  50 123-125 -38 -45 -82  92  -9 109 -19  -2  86-108 -15 117 100
 -39  -9  -4 -98 -25 111 -88 102  25  79 -86 -26  -6   0   0   0
 107 -33 -63-122-127 -33  50  -4  97 -47  79  10 119  75   0   0
  28 -26 127  38 104 -77 -39 -52-105  53  75-111 120 -31   0   0
 -27 -23 -26 102 -98 -63  63  63 -81 -12 -47  37 -36 123 110 -69
 -21 -10   6  51 -63 123 -54  86 -39  15-105  -6 -79  24-101 -10
 -17 -64  51 -76  23  40 111 -49  19   0   0   0   0   0   0   0
  64 -53 -41 -40  56 117 -70 100  -9  13 125 -77 -23   0   0   0
  74 100 -35 102 -15 -21 -54  20 -79 -56  13  84  23  79  -1  59
 -66  59 -94  40 121  23 -77 -29 -50-104  31 -97 -63  -2 123-100
  85   1-113 -70 -16 -58 -34  38 111 -31  45 -55  83 -97-101 107
  44 -19  65  25 127  -2 -10  26-107 -85 108 -44   0   0   0   0
  75   0   0   0   0   0   0   0   0   0   0   0   0   0   0   0
 -59 -24 102 -38-100  69  45  53 -58 -36  53 -36   0   0   0   0
 -64   0   0   0   0   0   0   0   0   0   0   0   0   0   0   0
   7   0   0   0   0   0   0   0   0   0   0   0   0   0   0   0
 -14 -18  26 126   0   0   0   0   0   0   0   0   0   0   0   0
 -81 -65 -42 -73 -27  85  -2 -49 126  86  61 -82 -10  26  32  95
 -58 -12  87 -35  39 114 -37 -37 -97  21 -53 -65 -35 108   0   0
 -59 -84  -8  94  83 -91 -51  59 -50 -90-128  37 -21 -69   0   0
  73  36  -8  79   0   0   0   0   0   0   0   0   0   0   0   0
-100  -5 -29 -93 -29  46 -10 -73 -22  77 -46 117  33  68  73 -70
 -34 127-105  78  -9 -50  27 102  68-113-127 -78   0   0   0   0
  22 -48 -62  41  50 -51 -84  92  87 113  11 -99  35  52  71  54
  71 121 -20 -65  70  -4 -67-115 106  26 104 -77 -65 -66   0   0
 110 -79 -81  56 -35 -49-113 -44 -13 -16   0   0   0   0   0   0
 -37  94-108 -73  -7-119 -84 125 -66  19 -41 -78 -66  56 100 -55
-105 120  63  78 -66 -68  60 120  29 -13 114  58 -68   0   0   0
  17   0   0   0   0   0   0   0   0   0   0   0   0   0   0   0
  14-128 -66  61  85  47-104 -31  90 -11 -89-111   0   0   0   0
   1-114 -90 -31   0   0   0   0   0   0   0   0   0   0   0   0
 113  23 123   0   0   0   0   0   0   0   0   0   0   0   0   0
 125   0   0   0   0   0   0   0   0   0   0   0   0   0   0   0
 -26  11  -2  57 -78 -35 118 115-106  52 -67  56 110  -8 116   0
 -30  92  63   0   0   0   0   0   0   0   0   0   0   0   0   0
-100 -36 105  -7 -14 -89  20 -19  88   0   0   0   0   0   0   0
