 -76  69 -88  79 -97 -78 -16  63  25 115  32 127 118 -58  94  -3
   5 108 -61 -74  -4  25  46  15   9  89 -70 -11 117   0   0   0
 -42 -14 -69   0   0   0   0   0   0   0   0   0   0   0   0   0
 123 116  58-105  18-119 117 -33  -8 -50  -1  99  -5 -10  -9   0
 -28 -89 127 105 119  51  90-118 109  95 -72  15 -97 125  35 -92
 -38   0   0   0   0   0   0   0   0   0   0   0   0   0   0   0
  63 -71 104 114 -44 -57 -34  -2  42-123 -69  47 -74  63  52 107
 117 -17 -94 -46 110 -47 -69  94  15  95 -31   0   0   0   0   0
 107 -53  -5 110   0   0   0   0   0   0   0   0   0   0   0   0
 -51  96   0   0   0   0   0   0   0   0   0   0   0   0   0   0
  10 -45 -67 -43   0   0   0   0   0   0   0   0   0   0   0   0
  37 -26 -85 -41 -76 -71 -67 -52 -92  66  -4 109  37-117-122   0
 -92  14 -45 113 -38  61  92 -33 -82  39 -34  11  28 115  56  66
 102  -1 111   0   0   0   0   0   0   0   0   0   0   0   0   0
  39  -1-101 123 118-123  29-104 -74-114 -74  27 125  22 -43  -6
  -2 -45 -44 -14  -1  69 -19  70 -65 -13  61-116   0   0   0   0
  54 -57  -9 -82  12 107  47  50  64 -65  31  37 -29 -71 -76-110
   5  38-102 107  39  -9  46 -49 102  67 -29  10 -18  -2-102 124
 -65  21  46  91 -70  62 -78 -12  56 -18  -1 -61 -82   0   0   0
  75-114 -12 -94 -86  -9 105  30  86-116 -27  12 -30 -50  50  53
 -55 111  59 -45 -84  83-124 -11 -65-106 -35 -83 103 -31  82   0
 -55  98  -9   0   0   0   0   0   0   0   0   0   0   0   0   0
  -2  46 -37  43  75 -41 -74  -7  35 -34 -99 -87 -63 -81  59   0
  11-119  51 -23 115-113  68  56 105 -11 -63 -94 106   0   0   0
 -79  -3 -29 -75 -65 121 127-127 -25 122 106 -49 -19 -26 122   0
  69 -99 -38 126   0   0   0   0   0   0   0   0   0   0   0   0
-117 115 -24-122 -58 -44 123  91 -69   8-108 126  34   0   0   0
 -99 -23  28-100-115 117  68  94  53 -49 -46 -70  56 110 -21 -56
 -30 -75 -28  81 -86 121  47 -61  -1  43 102  -3  -3  95 103-111
 -28 -89 127 105 119  51  90-118 109  95 -72  15 -97 125  35 -92
 -65 126 -69 -17  -2 -39  79 -38  41 -45  -7  83 -57   0   0   0
 -89 -31 -40  82 -42  79  -8 -31 -73  73-107  70-122  62  87 119
 -89 -31 -40  82 -42  79  -8 -31 -73  73-107  70-122  62  87 119
 -47  49 -32 -56  -1  23 -73 -13  71  68  31-117  14-113 -74 -89
 -18   0   0   0   0   0   0   0   0   0   0   0   0   0   0   0
-109 -88 -41 -28  13 -98  83 122  37  90  86-124 -75 -72 -82  28
  94  49 -69 -60 -93  -5  57 -59 -81-113 109  91-122 107 -36-118
 -21 -52 -66 -96 -33 -38 -47 -67   5 -42   0   0   0   0   0   0
 123 -94 -45 -74  11 -75 -84  44 -37 -98 -19 -65   0   0   0   0
 -64  61  63 -15 -21  92 -86   0   0   0   0   0   0   0   0   0
 120 -15  38   0   0   0   0   0   0   0   0   0   0   0   0   0
  -6 -16 -29-110 -22 -44 -39 104 -73  15 115 -89 -82  86   0   0
 -22  99  90 -77 -47 105  -2-123  92 -47 101 -76  60  23  28 -71
  39  86 -52  37 -70  -1 -73 -29 -57  71 -49 -93 -85 -29 -51-109
  39  86 -52  37 -70  -1 -73 -29 -57  71 -49 -93 -85 -29 -51-109
  -5 -22  -4   0   0   0   0   0   0   0   0   0   0   0   0   0
  58  79  26-105 -83  46  15 -39 -31  13  10 -41 -45  57   0   0
 -42 -24   0   0   0   0   0   0   0   0   0   0   0   0   0   0
  14 -49 -29  67  -2 -15 -85  89 -64 -98  75 110  72  31  93 -82
 -66 119  71 -38 -66-112  -2  17  37-101 -59  13  56 -49  46  82
 122  -9 -46  -1 -27  -6 -10 -33 -74  86  31 -12   0   0   0   0
  79 -93   0   0   0   0   0   0   0   0   0   0   0   0   0   0
 125  74  21 116  51 -15  19  -1 121 -49-114   5   0   0   0   0
