 123-119 123 -37 123 -14 106 -39  39-114 124-107 -26 -65   0   0
  80  77-107  91 109 -18 -57 -93 107 -72 119 104  48 -95 -91 -36
 126-102-115 109 -12 107  -7  19  75 -67  52  26  23 -26-123 111
  38 -17  21 -65 -51 117-128 -70 -34  -6 -29 -41 114 -48   0   0
 -76  69 -88  79 -97 -78 -16  63  25 115  32 127 118 -58  94  -3
  68  61 -68  20 108  55 -74 -88 127 -39  97 -36   0   0   0   0
 111 -45  78  27  39 -83 -42  72 -35 -25  43  95 116   0   0   0
 -67 -73  60  -9 -99 -88 106  46 -17   0   0   0   0   0   0   0
 -29 109-107 -30 -75 -37 105-117  95 -28 -83 -11 -87   0   0   0
 127  47 -78 -34-114 -72  13  14  29 -60  78  46  -3   0   0   0
   5 108 -61 -74  -4  25  46  15   9  89 -70 -11 117   0   0   0
  36  52 -40 -90  39  -1 -20-108  -7 120  55  15 -75  96 -67   0
 105-102  92  15 -11  15 -60 100 -77  31  -8 -47   0   0   0   0
  98 -93 -75 -74 -70  98  46  42   5 -97 107 -19-113   0   0   0
 -99 -23  28-100-115 117  68  94  53 -49 -46 -70  56 110 -21 -56
  50-101 -61 -68 -27 123-115  51  29 -92 111 -73  60-119  70   0
  22  46  38 -10  93 -84  58  17-104  66 -10  33 -71-102  -7  33
 -30 -75 -28  81 -86 121  47 -61  -1  43 102  -3  -3  95 103-111
  49  79-103 -46 117  48 127-101 -47  97 -84 101 121-103 124   0
 109  47  -4  -2 -70  38  73 -67  66  47 113 111  15  63  -4   0
 123 116  58-105  18-119 117 -33  -8 -50  -1  99  -5 -10  -9   0
 126  44 -61 118  63  40 -86 -29  32 127  32  17  57   0   0   0
 -28 127 118-113 -99  96  54  -8 -16  83 -74 -32 -66   0   0   0
 -67 -77 103 126 -99  89 -69 114  86  54  96 -65 121  -9 -67  -7
 -28 -89 127 105 119  51  90-118 109  95 -72  15 -97 125  35 -92
 -65 126 -69 -17  -2 -39  79 -38  41 -45  -7  83 -57   0   0   0
 125 -93  45 -18 127  41 -56-106 -85  90  28 120 106 124 -87 -81
 126-102-115 109 -12 107  -7  19  75 -67  52  26  23 -26-123 111
  38 -17  21 -65 -51 117-128 -70 -34  -6 -29 -41 114 -48   0   0
 -76  69 -88  79 -97 -78 -16  63  25 115  32 127 118 -58  94  -3
 111   0   0   0   0   0   0   0   0   0   0   0   0   0   0   0
 111 -45  78  27  39 -83 -42  72 -35 -25  43  95 116   0   0   0
 -67 -73  60  -9 -99 -88 106  46 -17   0   0   0   0   0   0   0
 -29 109-107 -30 -75 -37 105-117  95 -28 -83 -11 -87   0   0   0
 127  47 -78 -34-114 -72  13  14  29 -60  78  46  -3   0   0   0
   5 108 -61 -74  -4  25  46  15   9  89 -70 -11 117   0   0   0
  36  52 -40 -90  39  -1 -20-108  -7 120  55  15 -75  96 -67   0
 105-102  92  15 -11  15 -60 100 -77  31  -8 -47   0   0   0   0
  98 -93 -75 -74 -70  98  46  42   5 -97 107 -19-113   0   0   0
 -99 -23  28-100-115 117  68  94  53 -49 -46 -70  56 110 -21 -56
 -42 -14 -69   0   0   0   0   0   0   0   0   0   0   0   0   0
  22  46  38 -10  93 -84  58  17-104  66 -10  33 -71-102  -7  33
   8   0   0   0   0   0   0   0   0   0   0   0   0   0   0   0
-109  -1 -27 -67   0   0   0   0   0   0   0   0   0   0   0   0
 109  47  -4  -2 -70  38  73 -67  66  47 113 111  15  63  -4   0
 123 116  58-105  18-119 117 -33  -8 -50  -1  99  -5 -10  -9   0
 126  44 -61 118  63  40 -86 -29  32 127  32  17  57   0   0   0
 -28 127 118-113 -99  96  54  -8 -16  83 -74 -32 -66   0   0   0
 -67 -77 103 126 -99  89 -69 114  86  54  96 -65 121  -9 -67  -7
  63 -22 -75 -82  48 -33   0   0   0   0   0   0   0   0   0   0
 106 -89  74  41   0   0   0   0   0   0   0   0   0   0   0   0
 125 -93  45 -18 127  41 -56-106 -85  90  28 120 106 124 -87 -81
 -90  81 -69   0   0   0   0   0   0   0   0   0   0   0   0   0
