 127  47 -78 -34-114 -72  13  14  29 -60  78  46  -3   0   0   0
 109  47  -4  -2 -70  38  73 -67  66  47 113 111  15  63  -4   0
  53 -17  16 -70 106 -75 -74 -19-117  79  19   0   0   0   0   0
  23 -11 112-105 -35 -15-117 -67 125 113  51  92 -99   0   0   0
  80-113-102  65  96  68  49 -67 -57  38 -57 -49-126 -57-127  80
 -25 -80   0   0   0   0   0   0   0   0   0   0   0   0   0   0
 -98  82 105   8-102 -26 -99 -35 -45  90 122 -72  11  54  62   0
 -64   0   0   0   0   0   0   0   0   0   0   0   0   0   0   0
  42 -40 -57 -83 -38-111  -8  -7  93 101  43  -5 116  -2 102  77
  54  79  85  29 110 111 119 -23  78  80-103 117  14 -60   0   0
  90  31  13  66 -31 -27  98 -34 -71 -60  68 -68  82 -39  -6 -34
-110 -83 -18 -28-118 -88 102 -65-109  47  -1 -97 -69  84   0   0
  57-114 107  -1 111 109  57 -38  37  -1  36 -57 -18 -46 121 -42
  83 -41 -91  -2-102 -10 109-110  92 -30 123   0   0   0   0   0
  75   0   0   0   0   0   0   0   0   0   0   0   0   0   0   0
  -5-115 -22  -5  -5 -47 -10  13 -10  -6  67 -27  99  92  49 -39
-100  -5 -29 -93 -29  46 -10 -73 -22  77 -46 117  33  68  73 -70
 -11  -7  13 -87 119-126  -6 -15  23  -1 -82   0   0   0   0   0
 -23 -91 -22  92-126 -50 -41 -46 -89 119 -91 119 -33  -2  39 -56
  26  48   7 -57 116 -79 -11 -99 -65-101 -59  49 -25  28  92  27
 -51 127 -27 -17  87 -87 120 -29 -88 -65  47 -14 -32-107 -33 109
 -73 -94 -10 -53 -95  63 -19  43  52 -54  -5 127  -9 115   0   0
 -41  95  -7  73 105 -20 -39  14  10 -11  87  98 -21  28 -11 -58
  95  95   0   0   0   0   0   0   0   0   0   0   0   0   0   0
 -71  36 -67  -4 -40 -73  44  47 102 -39 -41 -68  -5  87  71 -49
 124  29 111  92 111 -70  65 -43  23 -99 110 126 123  -7  -1 -12
 -92  -6 112-125 -31  -2  59  99 -63 -12 -15 -18  -8 -34 -24 -92
  63 -22 -75 -82  48 -33   0   0   0   0   0   0   0   0   0   0
  63 -71 104 114 -44 -57 -34  -2  42-123 -69  47 -74  63  52 107
  43 -65 -21 -23 -75 -62 110 -86  68 124 -83 -18 -53   0   0   0
  -9   0   0   0   0   0   0   0   0   0   0   0   0   0   0   0
 123 -94 -45 -74  11 -75 -84  44 -37 -98 -19 -65   0   0   0   0
-107 -15  61   0   0   0   0   0   0   0   0   0   0   0   0   0
  54 -57  -9 -82  12 107  47  50  64 -65  31  37 -29 -71 -76-110
  19  86 -98 -53 -57 -23  -5 103  69 127 127 120  59  56-105  54
 -47 -55 116 -12  -8 -36 -74 -83-113 -14 107 -49 -66 -83  81 -69
 -54  58 -97 127 -17 -94-103 -50 116  45 107 100 -81 122 -73 113
 -79  -3 -29 -75 -65 121 127-127 -25 122 106 -49 -19 -26 122   0
 -95-117  11 -76 -87 -25 -70  49 100 -77   4 -83  50 -61 -77 -10
 -20 -21 -50-105 107  68 -13  -1 100-120  70 -41  49  -4 109  11
 108  70 102 -46  -1 -68 108 -20  93  88  47 -99   0   0   0   0
 -85 124  89 -79  49 -31 -23  49 -85 118  85 109-102 -14   0   0
  36  20  -2-116  46 123   0   0   0   0   0   0   0   0   0   0
 -34 127-105  78  -9 -50  27 102  68-113-127 -78   0   0   0   0
 -61   0   0   0   0   0   0   0   0   0   0   0   0   0   0   0
 -82  55  93  -6 126 -48  65 -73 108  87 -86 -76-117 110 -12 -66
 -75 115 100 -70 -34 -65  97  10  44  46  79-102 -74 -46 -57  90
  20   6 -73  64  -2-101  31 112 -29 102 -31 -17 -43-110  56   0
 -20  21  60  -9 107 111 -51 -75  97 107  35  -1  22-108 -67   0
  49  32  92 113  -4 -19  41-103   0   0   0   0   0   0   0   0
  32 112-107  79 -36  12 -18  -9  23-102  93 -32 -21  -2  62 -25
  -7  47-114  70  -1 -97  87 -87  70 -86-103  -3 -73 -10  81 -65
 -31 -65  21 -90 118   0   0   0   0   0   0   0   0   0   0   0
