  38 -17  21 -65 -51 117-128 -70 -34  -6 -29 -41 114 -48   0   0
 -29 109-107 -30 -75 -37 105-117  95 -28 -83 -11 -87   0   0   0
  98 -93 -75 -74 -70  98  46  42   5 -97 107 -19-113   0   0   0
   8   0   0   0   0   0   0   0   0   0   0   0   0   0   0   0
 126  44 -61 118  63  40 -86 -29  32 127  32  17  57   0   0   0
 106 -89  74  41   0   0   0   0   0   0   0   0   0   0   0   0
 110 107  -2  50 -23  74 -67 -66   1 -12 -21 -91 -81 -14   0   0
 -68 124 112 -61 -51 -86 -47 -99 -27 125 -17 100 -60 -99   0   0
 -71  47 111  99  86  -6 120 -17 -52 -71 -18  51  99 -65  91  74
 -25  61  18  90  39 107 -89  15 107 123 127-109 121-105  46 -43
   9-109-114 -12 -53 123  62  69  59  49  94 103 -90  85  89 108
 -51  96   0   0   0   0   0   0   0   0   0   0   0   0   0   0
 -18  77 -94  63-120  80 121 115  -7  52   0   0   0   0   0   0
   9 -68 -25  67 115  92 117 -82  63 124  78 -69  85   0   0   0
-114-100-100  96 126 -99 -30 -55 -20  -2 -81 -10  71  -1  38   0
 -92  14 -45 113 -38  61  92 -33 -82  39 -34  11  28 115  56  66
 123 -94 -45 -74  11 -75 -84  44 -37 -98 -19 -65   0   0   0   0
  95   7 -13 -49 101 105  19  97 -44  54 -36 -50 -85 -33  51-120
  39  -1-101 123 118-123  29-104 -74-114 -74  27 125  22 -43  -6
-111-122 -96 122 -57  -2 -60 -35 116  51  78  51 -50 -98 -43 -65
 -81  86 112  14  30 -21 -21  31  28  13  34  22 -83  44 109   0
-113 -44 -56 111  36 101 121 -75 -15-106   7-107-106   0   0   0
 -18 -75  24 105-115 -26-110 -84 111 -97 -17 -77 -18 -49   9 110
 -35  54-113  66 125  62  31  95  28 -57 103 -94 -16  76   0   0
 -55 -49 -57 -73  -1 -67  48  61 -14  44 -72  38-121  66   0   0
 104 -87-101 -75  14 -45 -89  89  55 -67  54-101 -72-113  14-118
  90  31  13  66 -31 -27  98 -34 -71 -60  68 -68  82 -39  -6 -34
 105-102  92  15 -11  15 -60 100 -77  31  -8 -47   0   0   0   0
 -30 -75 -28  81 -86 121  47 -61  -1  43 102  -3  -3  95 103-111
 123 116  58-105  18-119 117 -33  -8 -50  -1  99  -5 -10  -9   0
 106 -89  74  41   0   0   0   0   0   0   0   0   0   0   0   0
  97 125  93 -72 127  79  33 -43-116  -5  40 -57  47  40 -71  60
 -38   0   0   0   0   0   0   0   0   0   0   0   0   0   0   0
  77  41   0   0   0   0   0   0   0   0   0   0   0   0   0   0
  -5  -7 126   0   0   0   0   0   0   0   0   0   0   0   0   0
 107 -53  -5 110   0   0   0   0   0   0   0   0   0   0   0   0
-115  53  68  -3  21 -42-119  -3 -28  36  85 -13-101 -21 -85 -30
  39 -42 -85  25 123-116 -49 -13 -99   1 -11 -61 -73  83 -16 103
  39 -42 -85  25 123-116 -49 -13 -99   1 -11 -61 -73  83 -16 103
  29 -43 -34 -20  36  53 -43 -77 -74  55  16 105-110 -51   2 113
 -98  82 105   8-102 -26 -99 -35 -45  90 122 -72  11  54  62   0
 -89  66 117 -25 122 -19 -54-108  -4  98 -68  61 117 -59 -11 -40
 -89  66 117 -25 122 -19 -54-108  -4  98 -68  61 117 -59 -11 -40
 120 -15  38   0   0   0   0   0   0   0   0   0   0   0   0   0
 -24 125 101  67 125 -66   0   0   0   0   0   0   0   0   0   0
 -81  86 112  14  30 -21 -21  31  28  13  34  22 -83  44 109   0
   7   0   0   0   0   0   0   0   0   0   0   0   0   0   0   0
   7   0   0   0   0   0   0   0   0   0   0   0   0   0   0   0
   7   0   0   0   0   0   0   0   0   0   0   0   0   0   0   0
  -5 -22  -4   0   0   0   0   0   0   0   0   0   0   0   0   0
 -69  34  43 114  69  24  -1 -75 -34  35  72 -60 126  92 121 -10
-104 -28  -1  60  62 122 -76 -67  57  15  63-119 -54  36  54   7
 -42 -24   0   0   0   0   0   0   0   0   0   0   0   0   0   0
