   5 108 -61 -74  -4  25  46  15   9  89 -70 -11 117   0   0   0
 126  44 -61 118  63  40 -86 -29  32 127  32  17  57   0   0   0
 -68 124 112 -61 -51 -86 -47 -99 -27 125 -17 100 -60 -99   0   0
  43 -65 -21 -23 -75 -62 110 -86  68 124 -83 -18 -53   0   0   0
  39 -42 -85  25 123-116 -49 -13 -99   1 -11 -61 -73  83 -16 103
 -92  14 -45 113 -38  61  92 -33 -82  39 -34  11  28 115  56  66
 119 -70 113  15  82  19 -85 -88 -35  37 -96  24  63 -91-126 -63
 -81  86 112  14  30 -21 -21  31  28  13  34  22 -83  44 109   0
 -35  54-113  66 125  62  31  95  28 -57 103 -94 -16  76   0   0
 -73 -43   3 126  31 119 -86 -28-124 -40 -83  -5   0   0   0   0
-110 -83 -18 -28-118 -88 102 -65-109  47  -1 -97 -69  84   0   0
 -95-117  11 -76 -87 -25 -70  49 100 -77   4 -83  50 -61 -77 -10
 -53 -33   0   0   0   0   0   0   0   0   0   0   0   0   0   0
  -4 -15-115  13 -89  44 123  72 101  45  89  -4 -67  42   0   0
  43  67  61 -12   0   0   0   0   0   0   0   0   0   0   0   0
  -8 -59  89  53  62  -9  23  27 -38  76  58 -46 108  56  27-122
  90 -67 -57 -94  46 -11  42 122 -51-105-102 -59 -79  95  71 -50
  22 -48 -62  41  50 -51 -84  92  87 113  11 -99  35  52  71  54
  15 -65  48  -2 125  96  -6 -18 -30 -48-115  29 -96 102-103   0
 117 109  62 -80 -57 -49 117-103  98 -93-111 -80 -69 -31 -34   0
 -20  21  60  -9 107 111 -51 -75  97 107  35  -1  22-108 -67   0
 -89 -68  35  43 -69 110  16  68 -63  30 114  95  55  30 -47  87
 -21  79 109 -50 122 -85  43 -97 -95  79  27   4-110  91  53 116
-116 -50 -77  83  53  94  98 -20  15 -19 126  24 -78 -47 -11   0
 -99-110 -74 -68  58-121 -31 -25 -77  43  34-126  15  31-111   0
-109 -15 -67 -51 -23 -53 -31 -46 -58 -52  11  40 108  60 -42 -24
-107-111 -38 111 -92 122-126 -18 -45  71 -59 -58 -25   0   0   0
  63 -22 -75 -82  48 -33   0   0   0   0   0   0   0   0   0   0
-126  62-109  78 114  82  40 -24  69   0   0   0   0   0   0   0
 107 -53  -5 110   0   0   0   0   0   0   0   0   0   0   0   0
  54-115  71-117 110-107   7 -70 -34  13  28  79  98  55 113   0
 -89  66 117 -25 122 -19 -54-108  -4  98 -68  61 117 -59 -11 -40
 110 -80  46 -34 -81  70 -85 104 -20  94  69   0   0   0   0   0
  42 -40 -57 -83 -38-111  -8  -7  93 101  43  -5 116  -2 102  77
  75-114 -12 -94 -86  -9 105  30  86-116 -27  12 -30 -50  50  53
 -88 117  47 106  54  75  34  35 -66 -58  25 -38  94  47 -22-107
  -3  94 104 -70 108  42 -55  65 -52  44 108-103  26 110 -72 -93
  47 107   0   0   0   0   0   0   0   0   0   0   0   0   0   0
 -89 125 -51 -10 -81  34 117  -9  77 -86  30  87  -2 -16 -48   0
   7 -31  58 -29  -8  71 -15  47  90 103-115 -14  -2 125 -51  43
  49  84 -27 -78 -15  21 101  -6 -70 -16 -14 -38   0   0   0   0
 106 -70   1  -4  91 126 -56  22 -38 -44  61 -19  70  16 112 -83
-106 -43-119 -65   0   0   0   0   0   0   0   0   0   0   0   0
  55 -33  60  82  62  86   9  -3  87  70 -57 122 122  69  -3   0
  90 119 109  53 -79  58 107-110 -81  25 -67 -90   0   0   0   0
 110 -79 -81  56 -35 -49-113 -44 -13 -16   0   0   0   0   0   0
 -82 -12  66 -16  -8 -90 -11  35  86 -91  -3 -95   0   0   0   0
-102   0   0   0   0   0   0   0   0   0   0   0   0   0   0   0
-101   0   0   0   0   0   0   0   0   0   0   0   0   0   0   0
 -99 101 -45   0   0   0   0   0   0   0   0   0   0   0   0   0
 -82 -71  -1-100 115 -81 -49  87-105-109-117  -8 -20 -77 -79 -61
  79 -18  -4 -36 -36  60 118 -35   4  -5  48 107  38  -9   0   0
 -68  -2 115 -62 -77 113  84-122  27 -57 -39 108  -4 -65   0   0
