 -29 109-107 -30 -75 -37 105-117  95 -28 -83 -11 -87   0   0   0
 -30 -75 -28  81 -86 121  47 -61  -1  43 102  -3  -3  95 103-111
 125 -93  45 -18 127  41 -56-106 -85  90  28 120 106 124 -87 -81
  77  41   0   0   0   0   0   0   0   0   0   0   0   0   0   0
 -47  49 -32 -56  -1  23 -73 -13  71  68  31-117  14-113 -74 -89
 -42 121 -49-115  94  63 -85  12 126 -40  85 -73  -2  42 -76 126
  37 -26 -85 -41 -76 -71 -67 -52 -92  66  -4 109  37-117-122   0
 102  -1 111   0   0   0   0   0   0   0   0   0   0   0   0   0
-119  39 -88  -5 -91-117-114 -87-111  19 -27  95-114  47   0   0
 -18 -75  24 105-115 -26-110 -84 111 -97 -17 -77 -18 -49   9 110
  54  79  85  29 110 111 119 -23  78  80-103 117  14 -60   0   0
  58  79  26-105 -83  46  15 -39 -31  13  10 -41 -45  57   0   0
  99  -4 -10 116  79 -45 110  55 121  53  -1 -19 117  93  76 -27
 -98  28  78  94 -34 -66 -28  75 -47 -71 -11 -35 117 -47 -61 -78
 -89  -4 -51 115 -37 -91 -90   0   0   0   0   0   0   0   0   0
  87-110  85  57  67  64  89 -82 -17 -98  84-126  75 -37 -38 -26
  59  29 -25 -35-126 -69  59  -1  60  51 115 111 -26  75   0   0
 -26  -5 -10 -16  34 -21  -8 117 -31 -74-115 -14 -15 -20  68 -91
  54 100  54 105 -96 121-110 -55  37-102 -92   0   0   0   0   0
  50  89 -66  51  84 -89   9 -31  53 -23   0   0   0   0   0   0
 -25 -37 -74  97  49  74 -30 -14 -13  58  84 -51  62 118 -78-102
 -42   7 -36   0   0   0   0   0   0   0   0   0   0   0   0   0
-119 -31 112 -23 -38 119  71 -84 -36 -96 -23  51-121 -71  76  92
  66 -73   0   0   0   0   0   0   0   0   0   0   0   0   0   0
 110  55 109 -41  63 -26  53-111  43 108 -37  89   0   0   0   0
 -65 100  40   0   0   0   0   0   0   0   0   0   0   0   0   0
 -44 -98 116 -18 -37 -71 -69 -25 -82-112  39 -68 -82  -2 -39-116
 126  44 -61 118  63  40 -86 -29  32 127  32  17  57   0   0   0
 -76 -19 -68   0   0   0   0   0   0   0   0   0   0   0   0   0
 117 -17 -94 -46 110 -47 -69  94  15  95 -31   0   0   0   0   0
  69 114 105 -29  63-113 111  29  47 -91 103 -37 124 -18  22 -36
  54-115  71-117 110-107   7 -70 -34  13  28  79  98  55 113   0
 -92  14 -45 113 -38  61  92 -33 -82  39 -34  11  28 115  56  66
  39  -1-101 123 118-123  29-104 -74-114 -74  27 125  22 -43  -6
-111-122 -96 122 -57  -2 -60 -35 116  51  78  51 -50 -98 -43 -65
  -6 122   0   0   0   0   0   0   0   0   0   0   0   0   0   0
 -55 -49 -57 -73  -1 -67  48  61 -14  44 -72  38-121  66   0   0
 -88 117  47 106  54  75  34  35 -66 -58  25 -38  94  47 -22-107
  12 102-114   0   0   0   0   0   0   0   0   0   0   0   0   0
-101-106   3 -29  81  18 -62 -15 -19 -73  58 -92  60  32 -99   0
 -95  -4  -7 -59 -72   0   0   0   0   0   0   0   0   0   0   0
 120  -7 -44 -31 -87 106  89  61  81-121-115 118-113  57  25 108
  60 -63 126 -78  82 -85  82 -71 -16 -81  88   0   0   0   0   0
 -85 124  89 -79  49 -31 -23  49 -85 118  85 109-102 -14   0   0
  98  70-100 -90 -93  38-102  -7   8-123  74  12   0   0   0   0
 123 -65 -58 -51  -5 -97 -20  71  62  45 100 -25  45  74 -47 119
 -23 -91 -22  92-126 -50 -41 -46 -89 119 -91 119 -33  -2  39 -56
  26  48   7 -57 116 -79 -11 -99 -65-101 -59  49 -25  28  92  27
 -94  22  87   0   0   0   0   0   0   0   0   0   0   0   0   0
  15  89  -2 -13 -79 102 -40 -97  88 -85-101  42 102  99  -5 -51
  95 126   3  38-104  91   0   0   0   0   0   0   0   0   0   0
  86   0   0   0   0   0   0   0   0   0   0   0   0   0   0   0
  49  32  92 113  -4 -19  41-103   0   0   0   0   0   0   0   0
