 111 -45  78  27  39 -83 -42  72 -35 -25  43  95 116   0   0   0
 -99 -23  28-100-115 117  68  94  53 -49 -46 -70  56 110 -21 -56
 123 116  58-105  18-119 117 -33  -8 -50  -1  99  -5 -10  -9   0
 -76 -19 -68   0   0   0   0   0   0   0   0   0   0   0   0   0
-126  62-109  78 114  82  40 -24  69   0   0   0   0   0   0   0
 -25  61  18  90  39 107 -89  15 107 123 127-109 121-105  46 -43
 -16  31  43 107 -73  -4  -6  73-124-101  44 -87 -18   0   0   0
  94   0   0   0   0   0   0   0   0   0   0   0   0   0   0   0
-114-100-100  96 126 -99 -30 -55 -20  -2 -81 -10  71  -1  38   0
 125  79 102  92 -12 -14 110 107  67 -61-110 -77 108  78 117  71
 120 -15  38   0   0   0   0   0   0   0   0   0   0   0   0   0
 -22  99  90 -77 -47 105  -2-123  92 -47 101 -76  60  23  28 -71
 -18 -75  24 105-115 -26-110 -84 111 -97 -17 -77 -18 -49   9 110
 -35  54-113  66 125  62  31  95  28 -57 103 -94 -16  76   0   0
 -14 -18  26 126   0   0   0   0   0   0   0   0   0   0   0   0
  57  57  97 -39-123 114  87  22-118  -5 109  -9-126  22 -43-122
 -81 -65 -42 -73 -27  85  -2 -49 126  86  61 -82 -10  26  32  95
 -66 119  71 -38 -66-112  -2  17  37-101 -59  13  56 -49  46  82
 -95-117  11 -76 -87 -25 -70  49 100 -77   4 -83  50 -61 -77 -10
 -15  13 -34  91   6  77-114  31 119 -12 -42 -55 -24 -79 -24  20
 122  -8 -81 -59  67-106-100   2 123 -19 -78 -81  53   0   0   0
 -91  52-109 115-125  31  81  60 -12 123  94   0   0   0   0   0
  -5-115 -22  -5  -5 -47 -10  13 -10  -6  67 -27  99  92  49 -39
  36  20  -2-116  46 123   0   0   0   0   0   0   0   0   0   0
  30 -52  -4  87 -34 -42 111 -84 -97   0   0   0   0   0   0   0
  63  88 -10  -1 -30 -75 -45  96 -65 -58 119-116 111 -47  95  -4
 111   0   0   0   0   0   0   0   0   0   0   0   0   0   0   0
   8   0   0   0   0   0   0   0   0   0   0   0   0   0   0   0
 -67 -77 103 126 -99  89 -69 114  86  54  96 -65 121  -9 -67  -7
  57  62 -43 -90-113  -1  58  22  -9  44  10 -52  17-126 -90  -3
  77  41   0   0   0   0   0   0   0   0   0   0   0   0   0   0
 107 -53  -5 110   0   0   0   0   0   0   0   0   0   0   0   0
  80-113-102  65  96  68  49 -67 -57  38 -57 -49-126 -57-127  80
 -97 -84-111  62 -45 118  51 -66-119 -50  91  51  89   0   0   0
 -59 -24 102 -38-100  69  45  53 -58 -36  53 -36   0   0   0   0
  95   7 -13 -49 101 105  19  97 -44  54 -36 -50 -85 -33  51-120
-127  -9   7 -20 -15  57 -79  62 125  11 -74  88   0   0   0   0
  42 -40 -57 -83 -38-111  -8  -7  93 101  43  -5 116  -2 102  77
   5  38-102 107  39  -9  46 -49 102  67 -29  10 -18  -2-102 124
  75-114 -12 -94 -86  -9 105  30  86-116 -27  12 -30 -50  50  53
 116 -83  31  -8 101  -6  -5 107  85  61  -8-100  68-106  36 -61
 -72  83  60  15   0   0   0   0   0   0   0   0   0   0   0   0
  12 102-114   0   0   0   0   0   0   0   0   0   0   0   0   0
  57-114 107  -1 111 109  57 -38  37  -1  36 -57 -18 -46 121 -42
  79 -93   0   0   0   0   0   0   0   0   0   0   0   0   0   0
 -53 -33   0   0   0   0   0   0   0   0   0   0   0   0   0   0
 -39  34  79 -19 -38  26 -70  41 -74 110  -2 -87  92 125  59   1
  73  36  -8  79   0   0   0   0   0   0   0   0   0   0   0   0
 -26  -5 -10 -16  34 -21  -8 117 -31 -74-115 -14 -15 -20  68 -91
 -29-119  95 -79 -53 -89  44  99  21  85 -14 115  58 103  63   0
  -4 120  -1 -43  71 -18 126 114 -32 -33  21  -3 -87   0   0   0
 123 -65 -58 -51  -5 -97 -20  71  62  45 100 -25  45  74 -47 119
 -61   0   0   0   0   0   0   0   0   0   0   0   0   0   0   0
