           0        21938        39592         8869       -31184        11932         7845       -33399       -17027         8381        12518        49625        25647        -1559        10524            0 
           0       -20904       -26633         1825        -3034        -7271       -18992         2598       -15062       -14956       -30173       -25868       -34857       -13596       -12998            0 
           0        22009        13555         6097         8750       -41185         -662       -21241       -39762         7165        39371         6867        21469        10592        -5882            0 
           0       -16314       -15269       -20774        24896        33606         4358       -35765        35751       -10737         7487        14216         6460        12781         3159            0 
           0       -22970       -41014       -26067         9396        11021         5231        12816        -6149        26142        -5501        23940        -6832        -9126        17013            0 
           0        -6636       -16422        -4258        10041        20710       -18581        10860        27732        16476         6085       -23983         7063       -20242         9060            0 
           0       -16901         3345       -16557       -32928         -720        23254       -26054       -25648        -3405       -29909        -5956        -6738        23583        -2561            0 
           0         9236         9103         4772        36296         9689        17685         3339        -4276         1996        -2139       -19109         4661       -12129        15676            0 
           0        13825        19172        13265       -19062        -1849        -3668       -10179       -37093         8719        21817       -13825         2260       -12588       -21431            0 
           0        -2030        16942        22925       -37380        33859        19649        -8078       -11912       -25591        -1642       -15818        11524       -36913        22579            0 
           0       -23430         -437         5578       -10348        10610        -8591        -6861       -15064         1228        40517        -7119       -30936         8405        -3744            0 
           0        -3353       -25222         2238       -33321       -15471       -12551        12429        24801       -24047       -11395        -7369        -7067        14340        13176            0 
           0        -7350        -6469        20608        -2646        -6732        28146        -3879       -27566       -28655        -4275         8368         1465         3621         3443            0 
           0       -16482        -8014         2651       -20667        -5185        -3414       -19251        13972        13923       -20579       -38369        -5788        -1622        12304            0 
