           0         2231        48621       -19624       -35329        -4200        -2613        -9947        18275        22925          226        -3817         6893        12605        17296            0 
           0        13600        18780        18030       -16473       -18210        25607         5415        -4429       -22651        38754       -20911         1607        -9039       -26775            0 
           0       -13032        10237       -26475        -6892       -17484        -3599       -13994       -18478       -11611       -22951       -53205        -5530         9547        10079            0 
           0       -26646        -8846        -2908        26778        -7136        24426        19825         7263       -17243        -1776        -5464        -7087        -1046        -1705            0 
           0        19142         2663          525       -12894       -13120         8595       -15614        -4683         3350       -41419        44699        14367        -7753       -30708            0 
           0        -7728         -913        -2232        -4028       -23130        -6395         1830         5315         8313          929        58432        -6463       -13846        16420            0 
           0       -25741       -41055       -26424        42450        12912         7317       -19309        25490        32782            7       -14141        52258       -15494       -13606            0 
           0       -30581         1947         7096        26911        12785       -24814        20393        -7198         1098         4509        26381       -46037         2845        34888            0 
           0        -9770        17462         3599       -24081        -6244        -1117        18503       -15523        -3350        15959         5088        27467        66485       -17371            0 
           0         8503       -30381         7591       -12466          948        -2952        -1196        14869       -15366        10298        12021       -15619         2124         4576            0 
           0        -9594        -7244        72087         9213        -1923       -12675       -15254        -5651        -7367        -3840         3031       -22293       -40220        -1881            0 
           0        20925       -38277       -49127        24852       -12716         1775        72094       -19969        24142        39352        17338       -22880        -9484        -6320            0 
           0        -1731        -2853       -51766       -15828         8051         4370        -5651        22725        -3741         5138       -12667        27457        -1617        26411            0 
           0         -763         4115        20167        22566       -12070         2046        -1857        32037       -14472       -30358         4933        -8588        15873       -28307            0 
