           0       -18609       -19933         -557       -15418        15422        -5523        -4832         9711         2477       -26930       -10283          487        17840       -19916            0 
           0       -17008         2042       -23527        -7083         2235       -38574       -38382        37103        25622        20327       -11068       -12077         2910       -34853            0 
           0       -26833        14023         4672         3364        11765       -15852        21486       -34436       -33925         6024        11826         4620       -10032       -10903            0 
           0       -14290       -31734         1470       -21558        -9749       -20035       -12856        20167        -5318       -33067       -20024        -5586        17039          -38            0 
           0       -16762         -471       -15587        23661       -32665         4697       -24715        44223        12413         5323        -9376       -51301       -10667        16394            0 
           0        39849         2172         3722       -11158         2169        -9588       -17914       -35270        44194         5345        -2540        35111       -13338       -29425            0 
           0        23651       -13709        31739       -20252        29810       -18956        -6858       -25233        -7346        22954         -296       -29098        46906       -40951            0 
           0        -5935       -12474       -11073       -24365         4237         1487        -4222       -23700         3166       -24184       -14313        -2480        29469        -9638            0 
           0        -7355       -18111       -13844       -31734        17022       -10368       -21831       -31879         -495         -726        -2733       -17227       -12323       -34649            0 
           0       -18703       -12544        17461       -37597        -9308       -39942       -10825       -15567        -9329       -25476        11347        36026        51593        12130            0 
           0          684        -2795       -27802         1445        15994         7254        24167        -9639         6890         1484        -9611       -46144        13603        12404            0 
           0         4253        -5731         6338       -19551        12671       -29435        -9539       -28807       -12417        29218       -23508        -4266       -24720        11715            0 
           0         7852        -3724        21323         7064        -2545        13776        11672       -14922        12026       -28489        25540       -27463        -3831        23969            0 
           0        -3767        19442        38052       -19578        -7774       -23366       -11484        36030        -7259         2254        -2994         5779       -11729        -6243            0 
