           0        58684       -12694        -3167        -6764        16400       -21236        31433        30316       -10640       -10261       -17367        32694        35545        14610            0 
           0        -7906           68        -5331        35525        -9530        16142       -36678         9499       -20832       -20079       -18793       -11670       -13690       -26031            0 
           0       -34455        14711        41682        -5324        -1607       -12410        41151         4116         9883        12501       -24127        64685       -16580       -15647            0 
           0       -19419       -10308        13100        -2150         4760        11547       -15305         4679         7847         5396       -23194        -3508        28793       -19208            0 
           0       -24301        25725        57169       -15003       -42352         9165       -19183        20043       -41507        34300       -19710       -16198        21669         2770            0 
           0       -15655         5962         8089        19411       -13799        38937        -1108        19274        30787        35681       -10929         5949       -51785        13734            0 
           0        26557        48242       -21082        31389        24167       -12967       -15833        -9799        19018         2429        14333        24563        19182         6533            0 
           0       -41408        12386       -17802        -6967       -27334        10909       -19227         7204       -32329        -3545        -5821         3329        27149         7815            0 
           0        30382       -39771        -9749         8250        -1786        18988       -52838        -1767         6848        11932         2558        42645       -20852         3211            0 
           0       -18723        -8288        23534        -7607        -9077       -28133         1811        -9582        -5077         2224        15733       -11356        -5076       -43298            0 
           0        30404        34258       -35055       -10076        21189        -6229       -48088        23250          265       -55837         1803       -16068        27949       -16622            0 
           0        24212        23331        20965        -7481        36067        10795        29892        71441       -20016        15112        15002        17493        24048       -22671            0 
           0         -192        29092        27481        15374        29590       -27738        17782        15090        -4929         4083        16962         2493       -11501       -12124            0 
           0       -31040       -21611        19175        30959       -13402        -4991       -38876        24930        20069       -33645        -1850       -56911        23826       -33980            0 
