           0        26871         4547         8502        11328        16654        15169        27258       -16926         9579       -30559        -2772          971       -41450        -1609            0 
           0        -3689       -13118       -41340        16552       -10031         2475         1180        34557        23752        -1389         7901        -3716        69591       -35865            0 
           0        -3927       -12613        -9485        -4763        11746       -15076       -21887        23614       -15755        -6058        29886       -31939         4441        12639            0 
           0        12462        -6778         7768        18084       -37702        -3682          614       -17413        -3556       -26550        -4133        -2363       -25902         -827            0 
           0        27753        -9964         4110        38551       -15071         9607       -57620          423         9854        25518        -5555       -14318        26392       -17833            0 
           0        20755       -16611         8186       -42826        23028        -5812       -27039        -6855         1600       -23389          659       -68303        32001        17625            0 
           0        20520         6482        36552        17226       -21785       -31703       -17905        -6656        -1533       -15402         2747         2520         9375         7020            0 
           0        14916        53597        -1890       -29785       -37420        28372       -26003       -15787         5786         3328        -1618       -15529       -11721        -6373            0 
           0       -32147        -3211       -20043        47925        49154       -38883        30852       -37661        27106       -16539        12614        22114       -17088        27212            0 
           0       -42394        24102        36906        28095        11570       -35000       -18175       -21485       -21523         3645       -19877        28351       -12451       -24332            0 
           0       -16184        15477        -2219       -39133        -9249        -2051       -26859        19227        15340       -10055        -4440       -32084        15771        38910            0 
           0        16231        15808       -45209       -50595       -35103        25224        35125       -39534        27980       -37995         7253        16228       -16678       -17797            0 
           0       -21144        -2825       -19509        15278        45534       -23058        23177       -24826        -6092       -18013        -1163        11986        32088        12879            0 
           0       -21270        -8994        11161         6272        -4272       -20692        23951       -11981        -2642        63450        -9533       -29807         2403        11250            0 
