           0       -24321         2000         3794        -6481       -16641       -15159       -23499       -38622         5226        19289         5255         9227       -12073        23160            0 
           0        30186       -14750         1678        -8468       -38502        19262        24707       -32883       -11356       -21715        10200       -16677         4269         9782            0 
           0         5717         8809         -715       -28320       -24140         9378        15871       -58624       -11136        42844       -35593        26950        -1056        -9688            0 
           0         5034       -10636       -18458       -17602         9493         1659          274       -28937        36626       -16384        -4099         6543        19069         3387            0 
           0        11386        13347       -25852         9571       -28073        39740         5080        47726       -22217        -1196         1694        -3346        -7038       -12973            0 
           0        -5030       -19236         5961        -9723        -1669         -658        -5564        16818        -4005       -31169        -5395        12309        -3133       -13379            0 
           0         2151          582        25777         -308        11181       -28831       -11807       -12527        -6012       -12653        18608        32576         6091        -8006            0 
           0        30326         8299        -8029        48194          982        12807       -33134        -2900       -31841         8697         5784        20029        -6500        13909            0 
           0        30064       -14682          -32       -25160         8742       -12592        41289        18260       -27845          229        20244        -6581        17644       -36027            0 
           0         7614        -7654        -3792        -4688        19847        27640        -6826       -12694        11040       -12165        -7499        36086        14035        11029            0 
           0        10793        -1059         9825        21384        -4651        12065        38018        19142        14853        13080        17068        54293        -6696       -27586            0 
           0        23169        25973        -1571        11245        -8580        11124         2266         6863          502        22231       -10474        17381       -27359       -10738            0 
           0        37121         5069        10682        -7105        -4766        45830         3485         3216        17090        38043        25313        18203        -1261         6100            0 
           0          907        -2127        -6771        -5291        17547         6628        13064       -19258        17423        -4440        11086         3272       -32692        -6543            0 
