           0        37481       -14166       -13597        -2564       -34643       -27526           60       -21630        29586         1234        19210        38241       -20866        -9061            0 
           0        22300         2820        19391        10765        -8814         -833        -4027        16334       -60901          663        -9224       -28816         1141       -27153            0 
           0        24241       -17702       -35150       -21682          614        19058        13848        -5077        -8608        10923         -851        26926        25851        11539            0 
           0        10154       -34305        19680        22050        -9868        -9882        -3247       -48651         1785        -6953       -31889         4635        18875          808            0 
           0        31398          -54       -43116        21476        -1737          895       -34051        11894         8915       -12167         1599       -16371         4089        -8676            0 
           0       -14635        23818        21503       -24338         3480         6297         5656        -9983         4110       -14749         6658        -9263       -32443        -7549            0 
           0        18071        -5356       -34490         5020        -6997       -15642       -29323       -12128        19235         4310        31929        46861       -38104       -11473            0 
           0         5308        18741          969       -20246        49646        68077        21893       -10230       -25375        15746       -31102       -55212         4731        34019            0 
           0         6732       -18505        23849         8920        26575       -37403        48729         6784        35428          661           59       -24957        -8742         6742            0 
           0       -27888       -18105       -18823        11274        34417        26352         6369        25698       -66472        36713        -3095        43484         5954        75086            0 
           0         1889       -17092         2903        20460       -19603       -19874       -11465          391        -1359        -5005        28745        22149        16324         6954            0 
           0       -49110       -25514         -597        14202       -29063        17890        11861        -4146        55371       -12045         2224       -13055        14900         5990            0 
           0        28619       -12847        -4939       -21311        -4088        -4362        10893        14194        10402        12269       -16938       -14476        -4631         5584            0 
           0       -17751        37854         6986        12154       -24390       -16172        40919       -20143         6588         3264        41462         9603         8574         7579            0 
