           0        -3617       -12556         7866       -19202        10250        13481        -4553         8541       -31380        -3837        23360       -17514          693        14738            0 
           0        31107         5835         3896        12348         7216       -32369        -5365         6925       -17328        -5168       -16447        11250         5731        -8095            0 
           0       -26772       -13038         8380        20450       -25084        14925       -15080        10975        36446       -14969       -23611        -8785       -14277        13155            0 
           0        27003        34352       -15402        29319       -13494       -29619        31725         9774        18204        38387        -2507        26795        15387       -14986            0 
           0         8698         5794       -43657        -9990        23397       -20847       -10576       -23844        -1502        34731        10896         2909         -700        -9072            0 
           0         4018       -14760        12555        -8134         7092        15456        26748       -29060        63763       -42139       -26782        -1192       -61202        16211            0 
           0        26069        -7886       -11541        19313         3928       -12252         4315        -4471       -11705        17150       -39512       -21385         3691        11421            0 
           0       -24921        20650        35420       -30553         -622        26858       -38239          118       -48163         9459        30749       -10223       -34002         6839            0 
           0        -4462        -6912        33869       -18406       -10328        -3508        -3902        13358       -20142        11042          313       -29660        18039       -26719            0 
           0        15469       -49832        -5729         5387       -31541       -27463       -11511        -8962        -7286        -5525         4953        -4808         5666         7518            0 
           0        -1781       -10262       -30211       -36973        47863        19872       -18519        12666        14275         4955         4463         7151         7334       -22874            0 
           0       -32845       -29039         8184       -50778        13617        26415         1262        16933       -25727        -3505        22027         1621         6007         2201            0 
           0       -21277        32674       -21656        12680        14981         1222        -2785        26372        -8604         2903        21796         2822       -14694       -11209            0 
           0        -8404       -12580         5288       -26696         -360       -36925        32203        33476        -1119         1298       -17649        13640        35037       -12417            0 
