           0       -31636        13779        30822       -21678        -4654         9266        -4102       -23412       -19218        -2768         1017        14257         6452         3426            0 
           0        -3169          310         -149       -11238        26795        17858        18038       -10713        70435        36839        15433       -18717        19439        -2716            0 
           0        -3856       -19976         2841        -4278        -4654          -35         7429        33597        -5530       -11838         8600        -4332         -839         8671            0 
           0        -3530        -9724        -8940        17650        17707       -13728        16999       -12507        29590        48469        13034         9445        -2256        -3090            0 
           0       -11724        14249       -51961       -16338         4975        13328        21507        -7364        13399         7315        13967         4674        -6484       -10232            0 
           0       -15022        -3492         6870       -11787         5363          426       -29627       -25926       -39192        25726        11481         -918       -16530        11116            0 
           0       -34586         9423         7500       -11437         2658       -18473        23646         1555        18711        21058         3631       -10772       -15073        -5198            0 
           0        35553        38677        -2570        -4472        44624        -6677       -27954       -11292       -11971         1162        -1503        15569        -5903       -25805            0 
           0        -1350        -6816       -31872       -21126       -30856        -6850        29155        30040       -28806         4383        49512         7512        -8326         4833            0 
           0        -5535        -6281         -206       -23552        -4113         3760        -7716        -5823       -30907        16212       -35175        -6114         8306        -2894            0 
           0        12005        13304        -5433        12267       -11163          991        -2647         1869        44774        42204        -9592       -18172          742         5697            0 
           0        24850       -17895        20597       -15732         -258        35626        13873          155        12292       -18177         9520         5639       -38989        11235            0 
           0          547        22107        -9731        -4629         5994          -95        -3331          -87        -7448        -2963        21785       -19084        23189        19095            0 
           0       -23004        25482       -18018         6063         9035         -575        14870       -24934       -29849       -22679        23153        28086        33169        31616            0 
