           0        -6399        26666         1562       -12430       -22714         -864       -21217        26411       -25075        43016        -7698         6767         1557       -36296            0 
           0         2940        -4780        43084       -24436        -4086        -3602        -9670         5943        28396       -11529        22754         9629         8961       -32579            0 
           0        13491       -46469        15750         8194        10016         2929         1657       -12035         -925       -23401        -6056        51814        24056       -12706            0 
           0        -4562         -219       -11655        45676        14625        -7455       -28186        29770        -9460       -22734         9426         8064         -148       -16201            0 
           0          787       -13762       -22919       -31169        28347        -2507       -15864        19259         7191        11169       -12781        18091        27264       -19382            0 
           0        11294        18162         7339           17        15950         1523        23335       -15298        39061        -5832       -18557        33357        15692         3630            0 
           0        20732       -32361        26288        11684         1681        -1270         5577         8939         4829       -18924        43167       -19804         3657        18808            0 
           0         -805        18899       -18898       -38393         3902         8571        11585         3368        32742        -5371       -13504          844        -8741        10500            0 
           0       -20785        15322       -10674        15233       -21640         4444        24924        18859        11778       -19197       -33588       -16521         9602        -2242            0 
           0        -6358        -2480        17797       -10952        11447        -6746        47721        24751        16863       -14462         1144        31884        28465        48957            0 
           0       -19762       -14268         1548        25388        29035        16450       -23080        40104        10682        52234       -42171       -10023       -18013        10334            0 
           0        14201        14463       -17966       -27313         4298        17649          463        14577       -23102       -11795        -9366         6783       -65112        12248            0 
           0        26481        -4119        -8727        -4975         7476        -4840       -10954         2356        -8962        -5133        18496       -30717       -16998        -1445            0 
           0       -12871       -22227         4301        12071           56         3145        29579        34683        12406       -12385       -26799        27327       -19402       -15258            0 
