           0       -29789        28750        16601         3537       -10105       -11873        10115         5872        13465        -1118       -38751        -1996        -1159        42213            0 
           0         4320       -16282       -14163       -12577       -17543        12960         6216        10208       -24325        29668        12170        14897       -20284         1019            0 
           0        -9891        26584         1035        21784        -3162         5083       -16679       -21467        -1762       -12833       -11004        -2812       -21607        -1243            0 
           0        -6043         3582        14674         1354       -15588        -1184        12622        -5466       -33926         3683        -3478       -16867         6011         4967            0 
           0         6838         8848       -24991         -140         8456       -14225         3547       -17442        18269         3670        -8521       -25377         6282        -2757            0 
           0         -179       -11273        -4913       -10247       -11053        10718       -11753        21123       -23649          866        26189         3909       -23279        23848            0 
           0       -12013        -9497        13608       -15753        -5159        -1016       -11126         1440         6464         -772        -8793        25973       -15845        -7654            0 
           0         4407        -4012       -38364        -3196       -13961         8572         6683         8495         2891        22004       -15879       -11603       -12529         3372            0 
           0       -10783       -16854         -893        15888       -23187       -23135       -17113       -20492         7874         1197        51849       -12939       -16318         -208            0 
           0        -4819        -3064       -13327          225        -3035        10116       -29602         6267        -5675       -36509       -30867        17631         7261        24374            0 
           0        -2905         6561       -13701        16177        -1637         2586         8647       -14215          235       -21641        -5981        -7841        21681        -6345            0 
           0        10476         2140        35846       -11537        10724       -23484        -4054        -7690       -23434        -8458         2476       -11674        -7251        27582            0 
           0        15171        40847         6416       -34714         6173        -1998       -19996       -16899       -20034        -5062        10312         8710        18594       -13038            0 
           0       -39329        34578         9582        -8939         8998       -15232       -22456        -1024        -3195        -7254        -9680       -10732          920       -19475            0 
