           0         3470         1537         4627        14536        32811       -22215        14887        -1900       -20090        -3238         1594          395         2101        17235            0 
           0        25473        23648        -2422        -9799        -2578        26303        -2582       -18329        31545        -1474        17242       -17913        21178       -15741            0 
           0       -36162       -22814         6816       -27895        27417        13723       -32510        23095        13729         -683         3641        10661         8635       -13036            0 
           0         9428          290        23677       -12096       -12840          846        -7397         -443        15775        23316        11508       -31874        16079        27811            0 
           0       -51800        -7913       -20779       -44780        -9601       -24918        18707         -177       -21959       -14289        21278       -16194         2886         2554            0 
           0         5230         5865        -1849        22357        22390         6623       -15936        22703       -16217       -13153       -16786         9835       -31213       -20553            0 
           0        15583        23141       -37466        10603        12656       -13445       -16734        18867        10854       -23727        11340       -22452        36555        29890            0 
           0       -24705         3635       -29025       -39462       -15463       -37579        46857       -15630       -14012       -14585        -8166         4024         9811       -24357            0 
           0        -3076         5991       -39445        -4740        -5374       -45281         5818         -536       -20554         9583       -12113        10451       -29801        -1722            0 
           0       -10596         5928        15136          714       -17465        29371       -38326       -12104        49170        10425         7403        13874       -15430        39891            0 
           0         6497        35674       -52487        24199       -27747       -11568        29688        16606        -1743       -13627       -13558       -16284        49735       -13584            0 
           0       -34775         1404         1296       -18312       -20066        36838         4014       -12953        23443       -33037        -8050          403        13029        12025            0 
           0       -17239         2827        10880         3710        -9996        -3161         2339       -15139        -5616        10019         4046        25984        13199        22490            0 
           0        -1793       -37930        27841        17837       -35446          507        50368       -41991        13711       -19743        13603       -35935       -18221         9559            0 
