           0       -16284       -79078        20655        -4278        14948         9913       -25332        14549        36747        44980       -15119       -22092          136       -21772            0 
           0       -16560         9933        14887        37688       -61249       -15370       -24560         7135       -36538        -9928        30366       -22705       -12334       -21026            0 
           0        39771        16402        57874         7330         8582        -3585        -4757        59977        23539        19650        36271        24813         9580        -2014            0 
           0       -56052       -28224        -4383        29546       -26764        -4916        -1369       -51423       -38157         8705       -17331         5680        40101        28953            0 
           0        24270          449         -816       -34304         9129         6528        -8495       -24082        10498       -12680        -5423         2762       -33375        39031            0 
           0        53042        -4753         8000       -19530         8212        24414       -20696       -13691        15193       -35459        18209         4742       -11765         3740            0 
           0       -28199        -9443        11166        36347        22476       -36148       -10806        20437       -18366        15174        25397       -35254         4029        29699            0 
           0        -6407        30670         1473       -20272        78865        29586         -917         3124       -32231        17318          323        13512        15554        21135            0 
           0       -25851       -30115         -827        17597       -13782       -42202       -55870        13563        -7124          492       -44860         -839       -61391        16792            0 
           0       -20161        -6799       -25289       -26810        78705        -2585        -1956        -3576         1205         4902       -50744        -9072        24646        -4878            0 
           0       -28532        20955       -14415           20        15922        19792        -9993        22982       -26538       -18090        16720        16609       -28872       -36049            0 
           0         8994        33258        56031        56081        44680       -17048        26702       -18980       -18193        21738        17983       -29920       -33032        36088            0 
           0        -4729       -13885        22702        10824        -9936       -10685         4330         4317        40984        -3192        -1786       -42272       -27132         -707            0 
           0        -7313        -4469        16291        21483        17784       -14763         -461       -14917        -1135         -281       -26911        -4275         1023        16825            0 
