           0        29474         3045        39133       -24929        -3956       -15153        22911       -28078        14209       -16892       -10608       -12124       -18712        10890            0 
           0        -5460       -30997        26233        22268       -23758        -1106        31376        45515       -10677        41729        11231       -53072       -12973         5178            0 
           0         3655         4252        16371       -13618       -26543         6537        31842       -21954       -11420        13125        -9706       -23531        -9554       -14560            0 
           0       -29615        13105       -12222       -10242         9199         2585       -27438       -53588        25894         7461       -28125       -16260        -2012        12683            0 
           0       -33928        17982       -32096       -39568        23225        26737        34487        34960        22813       -17409       -49576        -2432        10141       -45250            0 
           0         6796       -24627        12960       -38183        53156       -19940         2097        26159       -44466         8163       -15767         2373        22946        12654            0 
           0        34188        15614       -18298        63380       -29014        40403       -13080         7269        -6662        16707        11477       -20913        16871       -43837            0 
           0       -10428        34416       -17226         -793        -9019       -56036       -22988        13975        35354        13451       -14534       -44605        -3842         3182            0 
           0        -1994        14889         9529        41674         7962       -18607       -22059        -6502        13074        20595         2132        24176       -21286       -50021            0 
           0       -22403         4262       -10905        26646        15184       -26732       -51204       -22738       -20260         6728        -8225        13560         9784         4854            0 
           0       -28556        -8530         9857         8710       -25583       -21998       -19568        14380       -29050        13391        19336       -36184       -21682        14579            0 
           0        -6771        12874       -21990        20712         5548        18690        17471        26976       -47223        33779       -61477       -18234        25407        31005            0 
           0        -3214        10255         -211         2396       -70408       -13516        11216        10273         9704       -15212        19219         9420       -20111        39293            0 
           0       -27014         9900       -13796        28198       -24889        22370       -42698         2727       -27153       -21535       -12950        -9075        20198        14447            0 
