           0        -8241       -35858         8248       -10475       -11561         6439       -15103        -7380        15567         1178       -18312          175       -30961         1912            0 
           0        13252       -29396        -1836       -29864         7092        -5153        -1772        46271        22768        16736        18038         5156        -2294       -24394            0 
           0        26919       -17313        -8471        30141        -2155       -37897        13755       -14995        -2232        22859       -20177        15388        -5760       -48980            0 
           0         7848        29645         2047        -9129         3200       -13177        16313       -20262       -25184        -9335       -33940        14758        -3408          323            0 
           0          285        -2792       -23531        19452        -3749        -7722        -4417        17763        32276        18803        12228         8240         7647        12947            0 
           0        -2006        19102        26031       -17414       -11726       -19799       -25642        35117        19884         1202        18548         -155       -18799       -19630            0 
           0         5554        19006       -17307        11992        -7961        -8707        15406         2940        34903        10078        17838        10441         9806        -1867            0 
           0        27296       -18968        36523       -17891        32572        -5776         3241        -8604        -9738       -43649       -28916       -24528        22071       -18300            0 
           0         8120       -25118        -3366         -363       -10275       -21132       -22827       -19368        -6914       -19682        -2191        18864        35744       -11327            0 
           0        -3609       -11267         1299       -10420       -21893         8566       -12966        -2558       -22867        15508        36826        36854        -6506         6502            0 
           0         7962       -22640        12938       -38409        32451        10492        -1264        14020       -21461        -9412         8661        22157        -2173        25555            0 
           0        25150        46878         4104        -9257       -28287        11841       -25642       -19506       -29692        11184       -11493       -55665          767        12113            0 
           0       -20084         9879          386        -5192        12135        54385         9730       -26323        -4006         1643        -5839         8678       -15179          442            0 
           0        17038         6604       -30108        18224        -5242        11373       -12931        -6129         6913       -28447        29744        -1951        17798        -5677            0 
