           0        39931        20717         4829       -14288        13119         3985        -2054        50359        10609        38829        14529         1620        -6649        20556            0 
           0        -9577       -17191         8274       -24107        -4578        19846        21747         1200       -56532        23665         5130        19890       -18094        17637            0 
           0       -32179          710       -23669        37543       -18639         3534       -16365        -4483        26270       -12413       -11492        79680       -13610       -11792            0 
           0        -6331         3194       -36845       -17203       -16091         7126         1788       -10042         8388        36586       -19799        -3895         8869       -24719            0 
           0         9712       -12536        -1772        48284        -5290         3343        -4525          799        -4168        19569        16364        35168         -808        -8401            0 
           0        12913       -61137         7299        30387        35296        -9597        33542       -31708       -11642       -14797         5686         -232        -9405        22799            0 
           0       -20461        12340       -30419        22898         5687        12991        20218        43741         2770         8482        -5723         3000        27115       -43594            0 
           0       -13818        26439       -39462        35350         6665       -44766        12928       -26293        16170         9328        26356        21312        15394       -90852            0 
           0       -75293       -45920        41778       -13579        -5164       -17624        -3415       -38331        19685       -10351        -6063       -26286        -5916        -4414            0 
           0        17042        28413        10182         2214       -22860       -26725       -15265       -24333         -371        53635         2397        -7777        31735       -40054            0 
           0         8438        -3792         8729        34287       -34811       -22135        -5098         6513       -34940         7209        -4968       -19183        -7982       -34953            0 
           0        24149       -21971        63019       -25975        14602        28011         2118        28459        -6854         5960        11458        -9466       -18612        17322            0 
           0          550       -10852        -3246        65386       -21511        -3465       -12015        15733        -7586       -26136        -9212       -22498        33698       -12541            0 
           0       -17943        -3758       -18727       -21763        13162        12916       -42060       -10534        14517        28235        -5078       -26436        18703       -45285            0 
