           0       -16048       -26672       -23370         2590         5704        25352        23177       -28297        36174         5693       -20275        10456       -10536        32170            0 
           0        -1964        32915       -14334       -40465       -34468        -7174        -1415        40259        27246       -25368         5521        28841         8406        -8829            0 
           0        -6427       -16395       -21559          879        18765       -15081       -16628        -1294        -4177       -44269        41487         3218       -12229        27038            0 
           0       -41591         6869          868        -1344          -67       -13457        25321        -6915        -4851       -12805         4490         8986         3247        67467            0 
           0        -9587        16626       -14757       -11699        -7882          280         3582         7635        36319        -7868        -2236        13126         1864        38957            0 
           0       -40187        -1019        17824         2421        16470        25333        20557        -5601       -12937        13154       -31299        -4054        49071        39904            0 
           0         9971       -16955        12313        10736         7978         6717        18094       -15954        -1162        13369         5923       -17895        20056        21206            0 
           0        -6991        27335         6472       -42124        20238         9179       -31220         3871       -17903        32770         1929        -7760        -8788        12900            0 
           0         4917        18296         1157        11377       -38494       -24186       -45256        -8477        13380         7029       -21697        28108        35838       -24594            0 
           0        12373         4717       -13112       -11586        27338         2597        13688        11842        40722        15313       -21788        10298        -8565        -8137            0 
           0        15436         8808        -1230        20857        23893        -9769        14684       -19606        33083        25306        -5441       -14211       -10896        -7153            0 
           0         5329       -17304       -22540       -26351        23303        -2708         6070        23056        18063         9546         9674       -32194       -33797         3188            0 
           0         1551        23962        15238        -5167        15727        28267        10729       -25028        17242        14175        -6850         -994        -5011        13887            0 
           0       -30483       -31761       -18818       -20067       -17190        19917         3998       -19115        19800       -29279       -11930        12387       -23718        19397            0 
