           0        28505       -29078        -3935        11383        -9276        11871       -18658        29906          524        23429          438       -14047       -22989         4895            0 
           0       -15845         1410       -46731        10321       -34468        13730       -19497       -13008        15677       -35872        -3654        22826         -297        14278            0 
           0         4655        -8330        10941       -29830         6928        36517        21177        -2913       -28132       -36546       -18365       -16519         6431        -5994            0 
           0        26450         4870        14572         1954        27413         9694         4170       -19846        20198          487        17027       -18447       -37593         9438            0 
           0       -18695        11620         3747        26597         6110        32818       -10065        -6497       -22537        21548        28426         2530         3703         7033            0 
           0         3618       -11518       -36334       -16398       -14947       -34370         4991         2122       -18884       -14790        17232         4368       -33804        18470            0 
           0       -37746        -1672        31001        24989       -14743       -10747         9261       -10526         8583        14991        -1256          141       -16835        -8481            0 
           0         8878        27284        17472        35971       -17587        25386         2129         7881       -14472         8013         5533       -34674       -27105         5822            0 
           0         7168         5639       -15507        20816       -10834        18069        10354       -12325         6705         3957        13063         4859       -17026        -6591            0 
           0        -3449        -9025         6367       -25260       -17573        -6394        14177         3239        -7891          882           36         2480        -7300       -21134            0 
           0        44110       -32576         2851        25435        38029        22733         3445       -28455         2599        25448       -30538         7507        21822       -24814            0 
           0        29176         2888       -10366       -14783       -33483       -26899        12663       -38467        10323         5305        -7386        -8683       -13812       -25747            0 
           0        -5222       -15738        16357       -20695         -353         9278         2268       -26050        -3846        27182        35087        -3204        -7120        14381            0 
           0        19286         1882       -14172       -14850       -17056        35801         8570        -5747        27170        17679        11579        22055          350         3666            0 
