           0       -28213       -25484       -18274          -77        15744        15480       -33869       -19884         3133       -46139         3078        23428       -22471       -24283            0 
           0        -9584       -13801         -755       -13405        -8428         5250       -24373        20883        14294         7027        -8491       -22366       -19415        23096            0 
           0        10495        -2988        32441        16763       -26240       -22296       -23347        18351       -14577        25205        31167       -20586        -6893       -19677            0 
           0        29790        18699         7372        10822        -6931        10611        -6187        38402       -36217         8797        41221        13130        18154         2257            0 
           0        -3419       -36440         5362        20548       -14003         9968       -20110        17324        28727        22505        23980         2798       -11405        -8372            0 
           0         8916        -4534        12740        40184        11330         7289        28328         -774        30641       -30087        -2200       -37126        10904        52424            0 
           0        19129         5537        10996         3654       -12607         1642         9628        19871        -9192       -18083        41142       -19060        12069       -24393            0 
           0         -167       -23486        -1026       -32191        24684         1243        16617       -21018       -30165        13209         2590       -31481        10545         -166            0 
           0         2975        14344          319        33698        51810       -23585        -1739       -40421         2033        -5112        15864       -11682       -17660        25505            0 
           0        19860         6263        -2376       -19088       -22947       -18006       -15481        14103        -4355        -6924         9116         7785       -41550       -10068            0 
           0         6095       -20430       -21958       -11621        17405        21387        -6014         7269        -3327         3545       -12342         4920         7845        23597            0 
           0         4468         1728        11941        12284        18245        31800       -19361         -564        30508        16759        -7074       -38025        -6341         8645            0 
           0        14968          679         3277         -953        36146         8821        11510         2022       -25274        -1563        20618        24747         2966        28946            0 
           0       -16869         9302        14054        12588       -21929        18047        -1880       -20352        20832          450       -24716         5171        -4644        38686            0 
