           0        -8978       -38935        28877         8656        -6420          693        11169        21993         7591        -5434        19801        16634        -4425       -11089            0 
           0          647        22043        25435       -49438        15273       -25758         9267         8551        23349        23805       -13154        56272        22581        -8999            0 
           0        -8245       -14441        31660        -1434         6922       -42240         4610       -27431        32770        31014         2810        13190        -1524        10626            0 
           0        15981        -6677         8714        25814        39617       -44947       -13534        10904         7874       -11317         -878       -49247        53749        20749            0 
           0       -22966        -4723        -1729        -2985         7937        12985        11254        13878       -15465        17264        62474       -32561        11372        19874            0 
           0         4721        33936        70072        19694        26679         8918         3242         2358       -17621       -12943       -37515          955        16883       -11825            0 
           0        13369        23268        -3168        26121       -24314       -30898        34182         6359        24307        -3723         -562       -15096       -16843        -1507            0 
           0       -11861       -26635       -19565       -35277         1040        -9640       -14786       -14137         4238       -14541        14727       -14390       -16530        -5403            0 
           0        -2895        13040        31271       -26283       -24173        22937        28985         -245        48899         6733         8562        13939       -12602        18295            0 
           0        11398        21014        14750        32250         4038       -16042        20776        14477        53021       -20707        10927        20898        10514       -23332            0 
           0        -1788       -17848       -31706         4279        24105       -16692        -5279       -15178        26260        -7996         7063       -42274        31985        12758            0 
           0        23541        20664        34930       -19391        24315        51435       -58128         7010       -12008        28785        12802       -19970         5559        28453            0 
           0       -18889       -10679       -11927       -23297        -1109       -25997       -29358        30674       -13701       -16085       -45826       -35767        26763         4748            0 
           0        10219       -13375       -11927        18023         3309        20269        -9616       -12539       -33346        40431        62753       -20532       -16431        -6499            0 
