           0         7341        38978       -12478        11009       -19336       -39180         5137       -35719        24115       -44238        -7543        28315       -38683        49634            0 
           0        37918         9155        15330        11941        11694        10901       -10714        15571         3685         1740        -1693        31940        -4546        26619            0 
           0         9639        18124       -10775        56050         1244        12878        -2402       -12782         -311        18889        19664        26116        -3947        24291            0 
           0        -5348        -1467        32141        23968        29884       -15704        -3104        23205        10750       -31667        -1251         4208         5529        16343            0 
           0        16794         8117       -11485        30152       -30127         6753        29603       -11922        15079       -14498        12675        -5626       -13246         7001            0 
           0        18614        -8830        -2884       -15647        -1321       -39486         7204        28026        28241        -2073        -2488        -3231        19433        -6594            0 
           0         4119        -3229        15724         5555       -28827        29874        13102        -7405       -10860        -5059        57001        -7589        -9351        38815            0 
           0         1262       -17547       -15905       -13788         8820       -11821        12894       -31580         3107         5049       -34410       -16293        11735        16947            0 
           0       -16624        -3135        17443       -18594        57132       -11400         6119       -24089        29075       -10594        21934          768         5407        -1786            0 
           0        13408         6944        22182         4118        29490        20096         8137       -22041       -28163        18769         1257        15827       -16034        28438            0 
           0       -18027         5746       -12204         9390        -7350        -6410        38608        -8326         1405       -11299        -6967         9127        24211       -16232            0 
           0        -7242        -6939        15589         4706        33612        -1955       -23383        28796        11044         9776        35554         8081        22477       -37964            0 
           0       -16887       -17559        -8424         1475       -10263       -23721         8507         7564        -1664       -27862        13909       -10143         7102       -15148            0 
           0        23478       -22956         5478         5469        22945        10526        24051        11144         1891        -9517        24249       -22064        27741       -26762            0 
