           0       -44817        -3897       -14124       -14066         8556        21969       -18613        -4669        22486        15396         -757        13298        16890        21067            0 
           0        25236         8470        46231        23715        10385        14940        44259       -24897        -9922        10456         6931       -34458       -23623        14250            0 
           0        49639         5461       -20016        15737        15726       -21363       -19671       -31706        19678       -17870        -1779        -1482        26597        15024            0 
           0       -13880        39924         9946       -13030        -6217        17455       -10869          731       -30362         6982       -20646       -12699        -8651        21667            0 
           0        26556         1673        24127        47368       -11622         3038        20754       -53931         4367        -7975          600        47915       -29000        25120            0 
           0        18432        -1633       -17050         3836       -12491       -54252        -9097        21641       -41456         2905        23328       -28621        -5027        15669            0 
           0       -14204         -926        -8575         6991       -42722        -1424       -19366        19468        41514          700        32395         5914       -18055         3974            0 
           0        13725         4810       -33785        -4310        37596       -56135       -15017        21148       -14084         4381        53567         9877        -9604         8143            0 
           0       -38475       -12224        29510       -15273       -31008        23135        -9976       -26320        31768       -11369         2278        -6211        49820        23250            0 
           0        12068        22049        -6989        11085       -15739        -6748        11569        22945       -30605        66397         1467        17636        22875         4344            0 
           0       -15900         1425        42229         2847       -27631       -19233       -37119         4906        14725         4315       -35435       -11877       -29432        42957            0 
           0         4674        -1814       -12972       -28028        -4111        20521        -4016         7630        -6673       -25784         2556       -17830       -14093        13827            0 
           0           41        -2110        10040        21139        -5951        -4485       -28179        44385       -11314       -22404       -18833        55530         5656       -24113            0 
           0        -2242       -18604         4835         1353        19001        59969        -9021        13486        33031       -46304        34042       -47436        24071       -29366            0 
