           0        28214       -63285         7745        -5241       -11913        -1806        16694        27836         5908         6465       -20772        37899       -20255       -16684            0 
           0         9589       -19899         -244         7087        11024        23274         5177       -27754        -8161       -51197         7291        17067         6453        25552            0 
           0       -27701       -44150        17818        19930         3933        48232       -23979        -7213        -3264        34614        12034         5948         9442        25883            0 
           0       -26585       -55543       -28188         9276         7186        15826          630        -9739        25614        13075         6586        19719       -13767        18251            0 
           0       -10378       -21255        10996       -19243         2996        -3061         8778        -5340       -10703       -16433        11763        -1471       -10202       -29074            0 
           0        15826        -9048        22930        14764         6643        62150        -3244        21127       -14147       -10311        -2730        14176        13451        18942            0 
           0       -15092        -3138        23099        18691        30883        35211        20734        26287        13680       -11280       -18168       -27520         6139         2137            0 
           0         -945         5259        -6947       -17884        12188         4039        38920       -29953        20878       -13821        21691        16686        31744         6281            0 
           0         4505        18243        31034       -19421        14196        26786        12464       -13524        11287       -16462         2451        30511         7742         1067            0 
           0       -38133       -15807        34499        17629        28805       -18224       -12028       -26944        17117       -31332       -47388        12938       -27965       -44629            0 
           0        11194        32007       -15949         9241        43854         5752        -5036        -8245       -32449        16694       -17950        -1513         3883       -23756            0 
           0       -63752       -22271        31282       -27667        -4022       -32771         2195       -20854       -11697        19481         3129        33133       -24107         1981            0 
           0        -7550        -3301        22747        19557        -2232         8190         5296        -3163        -4427         5588          289       -14719        27365       -28165            0 
           0       -31828        18166       -26716       -41335         9514        11105         1673            9        13661        20822       -17203       -12779        28616       -15623            0 
