           0         4358        -7253        35904        37196       -15982       -20506       -14566        19067        -1950       -19976         -774        13023       -18229       -32572            0 
           0        19910        -6667        26967       -18105        32481       -26798        10202        11226        26066       -48536         1912        20968       -39736        23017            0 
           0         2482        49880        14008        10275       -13928       -51662        -9961       -20529         3565         -133        27403        -7727       -27752        23383            0 
           0       -16378        10802        -2190       -16911        -2032        -1777        25854        12356       -28783        -7927        57100         8009       -18582       -12624            0 
           0        -4957       -26514       -38912       -26252       -12432        17534         4222        13834       -14450        20179       -10819          -69         8312        10714            0 
           0       -17276       -15028       -29267        12675       -19283       -62053        -7560        17537        30298       -15000       -63802       -37074       -11412         8600            0 
           0         3100       -10827        18469         5048        22742         9029        35766         5548         1852         9551        14385       -47479       -21030        -5899            0 
           0         6022       -14671       -19232       -10095        25016        14590        16499        -9150        -1942        45311         3383       -41608        32919       -13847            0 
           0       -35803       -46942         -147        -4928       -22698        -2066         8572        37611        15679         5502       -23596        -8647        50969        -6434            0 
           0        -3512       -38801         -859        -6092        -3646        -6107        22995        36358       -30864       -17104       -43445        37447        -2277         2115            0 
           0        -1596         6265        23758        23008        -4108        -9165        26838        -8588       -14214       -35869        -5654        35863         -411        26831            0 
           0        19861        16565       -12485       -11688        13765        24377       -11617        54221       -46590       -22596       -10503        11326        -3966       -11268            0 
           0        17487        10070         5074       -10266        27353        18754        19839       -10446         -467       -10092       -21703       -37251         1312        19548            0 
           0        -7354        37409        11909       -29469         5219         7502          281       -11746       -33929         9433        -8699        12841        -6202        15042            0 
