           0        17518        27047         7429        33197        -2405       -28846        10116       -18868       -35320        35032        20243         6348          959       -16053            0 
           0       -18180        53032       -15030        42163        43131       -37303        20586        -8926        32494       -34626       -16224       -23226         3697        47297            0 
           0        10592        10758        17782       -10175        47677        39603        45536       -21379        -9749        31608        47845       -18383        37007        20993            0 
           0       -25171         -467       -35280       -39756          972       -25137        16350       -10968       -38660        -5634       -17381       -27005        -2515        41592            0 
           0        12371         8833       -22488       -32876         9409       -21774         8394        39958        29272        21593        13134         7158       -37834        -9180            0 
           0        37136         9808        33111        15561       -39475       -30642        23670       -14274        10765        20927       -13733        -1934       -19645       -24675            0 
           0        23812        16807         8101       -19891         4690        -9428       -39527       -79567        -4698        61557       -39311         7710       -15227        -2185            0 
           0       -24491       -20278       -23362       -23929       -26035        22766        19203        15544        -1581         8070       -13425        12140       -26373         8781            0 
           0       -46686       -24228       -27900        12367       -29671       -27322        10540        38593       -31545        37397       -22959        39487        -7647        50832            0 
           0       -11670        -5963        25865         9127         4927         -480       -20946       -46494        11382        -3698        26071        -1821       -13905       -36049            0 
           0         5721        54814       -14693        29551        22292        10441       -14550        -6134       -18917         9117       -40591        39160       -19905        -7543            0 
           0        15255        35743        67222        -5705        31064        -7097        -9906        21528        13109        30467        -7459       -34925       -26165       -53136            0 
           0       -36440        -6282        -4370        19956        16427       -15213         -675        21527        17323       -17592        -7431       -29684         5324        25602            0 
           0       -16843        20015         8675       -14796        25068        20570        14154        27457         3627         4387        10469        28539         7759       -11785            0 
