           0       -34374        44088        27371         8342        10042       -14768        47110        -4546       -23222       -20695        32984        37447         5860       -22742            0 
           0        -2818        41527        -6194        10524        19074        36359       -11925         8030        13513         6139        21049        11420          126        -1280            0 
           0        -4886         2783       -38865        -7554         3959       -25144       -28940        27046        -6210       -10993         5109         9174        22676        -6654            0 
           0        13310        23885        25273        -8001        14608        -3265        13035        11620       -14237        51259        -1582        -7660        33210        -1558            0 
           0        23944       -27337        -7096        30425         7442         5008       -24082        56254       -19463        -3902       -20055       -11781          -24       -16105            0 
           0         9053       -17012           72        13819         7196        13395        -5682        29962       -34073        11725        -7144        23216       -17728         -690            0 
           0        -3312       -36764        23342        20548        57822          -34        20255       -11179        -3439       -27970        -8834        23821       -10004       -11935            0 
           0        35908        16317        17664          297        -8259         5910       -62912       -17312       -13595        12316        48235         5464        17437         9889            0 
           0        38170        30101       -20279        12626         2377        17085        -7192        10932        47871        32812        32522       -18027        -8059        -7731            0 
           0        41878        68814        23894        -5650         4026        13398       -43379       -16464       -12734          480       -35610        -9602        11666         5110            0 
           0       -47965       -17760        -7431       -25977       -20357        17811         6472        24707       -31071         2177        -2140        14422        20171       -18699            0 
           0          629        72753        27672       -22274       -43037        19228        20920        -7446       -14675       -17978         5802         -298       -10868        -2164            0 
           0        31340       -29272        -8799         6825         -607         6172        18938        31061       -16330          711        11095          725         8491        31415            0 
           0       -21131         8646        -2555       -21653       -11055       -34540        -5494        -6541       -11300        13761          -61        22359        12279        -4188            0 
