           0       -14877       -50244        21340         5875        27430        23448       -11836         8037        24878       -17280       -33063        20371        -4813        12435            0 
           0        11473        -4987         4572       -11383         6498        -4007       -23383        -1373        16146        27348        -8659        15562        -1342        40359            0 
           0        13541       -12874         3692        17511        13709         8755        -7845        40188         6130         7237       -26333        22468        -8233       -30644            0 
           0         3335        -1963         2095        10562        -4528       -14257        14271        17002       -12816       -23744        -2826         5107       -24283        -6860            0 
           0        28062        -1060        -2136       -35147        -6359       -30187        17781       -15561       -16051        16301       -43842        10792       -33672        26756            0 
           0         2773       -25917         2810       -16781       -10265        29905       -30752       -23175         1526       -20003       -35894        55644         -573        -9499            0 
           0        17378         4621        26499        -6268         6106        29892          546        36425        54397       -10891       -31400         2650        28498         8730            0 
           0        12347       -24635        36292       -15485       -13423       -10765       -15725       -34819         9455        -7227         9479       -29978       -63609         9168            0 
           0       -27430       -17404        25705        -5437       -27422         5229       -22970       -41679        27033        30338        14223        -9891        22756        25471            0 
           0        31099        34109        25205        52132        15182         6107         5616        37103        30643         3772        13227         -267        33247        38620            0 
           0        11006       -42308        -1820        26623       -22452        34695       -28856         5161       -12188        31134        -5452        -8587       -25866       -12885            0 
           0        10132        20612        20245        20427        30226        -9017       -42392        19312        31628        21897        13016        24342       -17316       -10072            0 
           0         6100       -38500        26908        -2332        -5851         4895          706        22503         4920        38786       -18639         1166        -9042       -33871            0 
           0       -18860        -5762        31236        20556       -16633        22432        -8567       -30330         4848        -5288        -2228        24238         6412       -27758            0 
