           0       -20925       -14393       -21302          651        12773        10099        14574          580        22176       -23940       -11214         5885        33725        17106            0 
           0       -26215         8971       -14673        -6311         4376        24796         9436        16169        11266        14079         -146        43198        36126       -23580            0 
           0         7696       -18449        22578        14687        25019       -12320       -27340        50647        -8418         6379        21462       -13535       -33579        11949            0 
           0        15789         9708        12480        10007        35660        10592        -3460        -3357        13268       -13753        46320       -16724         -417       -16846            0 
           0        14036        -8954        23576        11658        -5632       -27778        -2643        -4510       -10533        16205        21285       -10141        18229        11908            0 
           0       -33025        22745        30675       -26912        36081       -25852        -2403         1562        -5696        20250       -21797       -16450         5400        12697            0 
           0       -19919        -5660         7232        -3285       -12927       -28894       -20511        22372       -29510        -3326        -9082       -15753       -17376        12208            0 
           0       -21507       -39352       -11797       -62513         2694        20159        61115          801       -32336        -1591       -16020        24948        -6519       -26060            0 
           0        21816         8744         4673       -25596        20759        -3185         6612       -16550       -12800         7508          442        18388       -18771        40988            0 
           0        -7064        -1159         8299       -21757       -11266         8646       -11227        13590        -1732         -881        -3995        -9427       -18017       -15667            0 
           0         4489        57545        17451        31772        -2233        -2923        -3068         5972       -30314        15379         9428        -9504         9565       -43395            0 
           0       -28865        -3975        13987         7671        19389       -14273        -8059       -12045        -9209        -2692        -2860       -14418         2006        -7316            0 
           0         2663        12205        11599        12740        13012        -9803        16602       -26137       -13023       -24562        40369        -6012       -19710        -1930            0 
           0         8795        26483        -6808         5937       -27530        -6837         7743        21005         2466       -17041       -17162         3699       -26812        18672            0 
