           0       -11437        44782        -6802       -16282        27870        -1850       -21389       -15447         -815       -20326        20319         1831        52959        19094            0 
           0        -1917        -6357        -5599       -75433        22675        46706        17796        -2183         8217        19956        21699       -22391        -2970       -33544            0 
           0         9867        -6668        17403        15780        42853         1960       -16737       -14893        16654        28087         4747        13671        22530       -22268            0 
           0         9872         -145         2089        14824        79586        22679       -22029       -19856        11130        17266        26950        23423         7286         5305            0 
           0       -41419         5592       -25756        10550         7439         6149         2837        18386        56372       -16385        -6980        -2344        41709         8541            0 
           0        21518        31822        15205        -7273        21786        22790         8654       -17582       -24881         9268        31160       -17090        -5196        -8501            0 
           0       -27737        42822        12122         1678         3456        13992       -17447        24325        48307        33008       -48461       -16669        -4387        26091            0 
           0       -42984       -15978       -27802        64254         7067        -4279        26914        26496       -33163       -32459       -25422        16972        -1016          913            0 
           0       -16124         6491       -23194       -23869        11908         5820       -23355        30710       -26882       -17174        -6125       -11785        22655        11579            0 
           0       -10030         4047       -24899        21215       -43792         7479       -37968        33637        -8097       -13447       -24871       -11167       -40156        21216            0 
           0       -20903        21866       -18004       -10204        32649        25485        35496       -20449       -24394        21354        -7145       -15268        37683        -4554            0 
           0        10377       -24308       -21530         1047       -16889         5219       -17629       -28049        38493        11211        -6667          666        -2604       -42107            0 
           0       -26455       -11800       -17124         5314        17018       -24459       -13297         5023       -43527         9088       -11862        23570        39725        23710            0 
           0       -28886        -3704       -33039       -21118        21988         6329        16914       -41672        -6425          778       -49513        23873       -22768        36900            0 
