           0         6842        22368       -14411         3751         9669       -21379        10629        16359        -6547       -26905        17082       -14338         -686          257            0 
           0       -14448         7210        14753        -8817        22208        12072        34460         -320       -18017        38933        24237         1467       -20531         2213            0 
           0       -15859       -32748         1844        13434        -9900        22267        10339       -27433        -8338       -15103       -17095       -28903        19566        42657            0 
           0         9471         7595        22541       -33421        -3272       -44107        42682        33170       -26914       -40782       -34921        15776       -24861       -25740            0 
           0        35985         1225       -17771        13515        -4597        -5638        20300        25453        23417        -9819         1758       -13736         6014       -38097            0 
           0       -26669        38016         1388        40625       -32225       -33506         5567        13037       -29471         9754        18834          -14        14210       -12404            0 
           0       -10020         5107         3618       -12215         9925       -10457        15674       -16015        18025         2136        20467        14047       -15048        10838            0 
           0        33419        10883        15005         6763        23370        -3524       -21166       -59294         8764       -14815         3533        33275         4529       -20975            0 
           0       -13436         1199       -19260        24595       -15672        41691         9052       -42440       -19440        12425       -23036        -9032        38545       -17957            0 
           0       -26156        -8245        38349        -4743       -35469         2958        15349        38798        -2754        21118         7225       -19909         2499        17720            0 
           0        28660          839        32803        16876        20463       -19897        12923        26846         8717       -24216       -16261         6964       -37885         -771            0 
           0        38318        -3058       -13171        10812         8347         5261        -6323          550         3119         4684         1155        -8845        -4520       -13670            0 
           0         1808        18585        18578        -3879        17955       -12175        10655       -23841        -3711        -3911         7698        14381         4909       -13676            0 
           0        25248       -35105        27644       -23246         4225         6410        15720       -31466        14139       -32299        -7472       -10128         5416        31168            0 
