           0       -16713        10705        -4983       -10231         6165        26748       -34870       -13265        -4781        -1409        38134        12427       -51576       -11709            0 
           0       -34965        18767       -13037       -36000        24733       -22656       -17131       -11288        15510       -26440        -2893       -15735        20595        11502            0 
           0         4175       -12613       -29688        -2212         6200        -7162        49623        25721        -4715       -31810       -30278       -32074       -13646        12849            0 
           0         9492         9445        16554       -23704       -40691        -4813        15590       -38961       -21657       -23896        11539        -8519         2208         6832            0 
           0        25595        10173        -1625        -3278        12042        26013        -5393       -11721        10065       -23530        38598       -28226       -14251        20192            0 
           0       -11012         8876         9810         6506        18609       -10784        -5051       -14071        -6985        -4829         8523       -11694        37396       -13853            0 
           0        11133       -19364         4380         5331        26434        42198        12399         3680        18304       -14761        23361        17494        12087         5042            0 
           0        35508        -7649        -8422         6962        -6640       -33183       -32824        13662        10341       -14016        31068       -20524       -25649        -4480            0 
           0        27739         6031        -2831         8208       -26380       -10987        -4172       -23872       -23050       -24711        -9221       -14747       -23246         -327            0 
           0         5089         2998        11417       -34925       -15004         3518       -23017         3002        17353        10278          655       -10538         2009        -3539            0 
           0        -2685       -23206        -9749       -41229       -21005       -33564         8092        23652       -23076       -11187        -9021        -6007         5854        12204            0 
           0         3091       -22072         6201        14716       -34716        38487        25120       -23957       -22015       -11141         5585       -16895        17924       -12989            0 
           0         2726        24131       -21877       -28625        37601       -14779       -27898         2519       -13092        -4440        -7081        20408       -21317        25272            0 
           0       -35326        -4780       -25433         1499        62886         1262        40388       -18766        18970        11164        26542        -1914         9045        42363            0 
