           0         2334        24232        19002        -9347       -38766        13619       -26190       -49097       -16016       -45817        21761         -622        17029        -6623            0 
           0        -8379        -8637        27532        12759        35075       -27049        20024         8394       -29680       -11283        -8249        -7868        31537         4901            0 
           0        -3049        37191        -8907        18270         9052        21232        23621         5487        -9150        -2395        55417         1638       -60431          628            0 
           0       -23080        18597        19441          722        17914       -26546        27982       -57440       -26735       -32883        -9771        -8278        13935        19887            0 
           0        -6329         6886        35378        22255        23209       -40972       -10811        28244        16293        19805       -37615        10331       -21041       -11435            0 
           0       -11309       -37060       -31365       -16915        16716         9361        14113         6941       -26244        44804       -52934       -35108       -18650       -16393            0 
           0       -44357        -2573        27629        27712         6358       -23381        11890        43860        41066        -3075       -51921        -2391        -8024         -174            0 
           0         6080       -11087        17239        14813       -29555        -1881        57011        44619         -580         2941       -31834        44390        20296        35052            0 
           0        26352       -17106       -10602       -26443       -45754       -15352       -39413        24119        36304        -2736         7280        21642        17378        -5722            0 
           0        37785       -15865       -40091         9288         8316        17796        18821       -32560        19081        -4776       -23908         -999        -2346        15092            0 
           0        -5159       -10915        22171       -18787        -5436        -1585       -38859       -29181       -28569          577        -1854       -13266        30801       -13113            0 
           0          432        16945       -24170        -2477        -2181         6239        27283         5017       -23543        35608        22706        11720        13055         7267            0 
           0       -16494        38612         4849       -16113        -1788        50820       -11336       -14297        -1736         3708       -15307       -17228        17886        31139            0 
           0        10854       -15910        -7427       -27684        22045        -2064       -45108       -20520       -30260        26898         8412        33800         3794        -3430            0 
