           0        28097        37307        13295       -49094        -8692        38399        28378        19515        19007        33712       -19370       -65943       -13523        -3005            0 
           0       -17988       -19243         -639       -48607         7675         7275        10626        25658         -494       -23744        34090         3778        18450        -6615            0 
           0        27294       -12040         2799       -39203         3596        26501        -6944       -15271        27703         4692        -3096        17593         6523       -18681            0 
           0       -33507        44233        22027        16954       -29282        -7379         7740         7061       -65714       -11447         5155         9313        18052        -2372            0 
           0       -18980        14034        -7520       -28796        61283        15610         1580       -27245        -4099        17653        29720        -8816        17300       -25200            0 
           0        24766       -21449        25430       -50377        16606       -10597       -14050        -3449       -16641       -21316        25452         2684       -14936        15467            0 
           0        41504        10929       -23357       -20039        15981        17174        -3390       -23763        -5147       -43475       -20980         1232        -2529       -23632            0 
           0         2528        29094        -6779       -12153       -26061        14848        39624       -41827       -21490        -4137       -19887        15131        22305        42071            0 
           0       -20920        -3017       -24123        -9378         4125        15394       -19524         2602       -13308       -22555       -28707        26275       -16203        33598            0 
           0        29654       -24485       -18130       -14738         -204        -9458        20451        27711        16753        22215        20257       -59351         4158        21183            0 
           0       -41135        -1494        -9324        17055        -6641        23228        19709        -9260         1760       -46007        14928        18473         -402         5853            0 
           0        29792        -3409       -11751         5354        12706        62814         1164       -22804        -4403       -69281       -18604       -11887        -1344        -8240            0 
           0        -9061        -2201        -7984        26381        23741        18843       -49471       -11498       -30522         -177         9133       -57510       -29129        -3390            0 
           0        30890        17222        28942        20705        17418         -961         9356       -10991        20807       -13265       -17641        -7425        -1109        13320            0 
