           0        27029       -18296        23019        15275        20755         -843       -12730       -19760       -19702        -6902        37374        24986        -7089        32692            0 
           0       -10295        13321       -28598        31624         6383        18768       -19365         5487         7305         1954        12238        45027       -13377         1817            0 
           0       -24841       -14454        -9048        20005         4172        20031         -544       -28227        -5587       -33849         -301        21356        12443        18413            0 
           0         1029          313       -20540       -14789        -3718       -12253        -7106       -23298        30616         4289         7212       -28666         3400        10980            0 
           0        19727        -7779         5927       -44451         7542        -5117        -4691        -7788        -9586        -8783       -22212        -5458         9222          -36            0 
           0        19280       -11616       -19208        56113        16337        -4827        10985         1265       -38842       -23135        18377        -8437           51       -24962            0 
           0       -23194        11617       -14176       -12691        -1684         6278       -19770         7414         3646       -16159         8391        13095         3807        32516            0 
           0        15334       -36646       -37072          529       -11265       -19439         9474       -38938       -13332       -30523        -7797       -18621         4101       -29449            0 
           0       -15953        23300        18504         9304         9248        -5451        -9276         7309        43514        26586       -21438         9485       -16659        20427            0 
           0        -5553       -25539        19310         3297        15049        -7360         -477         -126       -33927       -11782        -7087       -23144         4311       -14144            0 
           0        -9962        27007         1651       -33985         5839       -14546       -43458        -8666       -15066       -18931         3111        -9161       -17458        12667            0 
           0        10225        28592        19416       -24738       -10793        -1707         -409        23676         8195          302        16808        -6616        34817        38749            0 
           0       -47749         9533        -5888       -19494        -5835        24662         4720         3656        -3667       -28792       -17739        -2868         7709       -10226            0 
           0        -4505       -13277         8065        30996       -34930        43228       -17284       -17314       -26423        10048        -3448        -6768         3870        21008            0 
