           0       -24783         3743        16852       -30270       -13385         -746        18097         3317        -7776        25582       -21701       -44664        14068        -6245            0 
           0        26289        15945       -25257       -32206       -10689        -3954       -11155        13232       -19009        28096       -13980        -9922         5779       -17639            0 
           0        21190        47272        -9675        14634       -16817         7125       -17620        -8719       -15795       -53386         8790        13239        32571        -5555            0 
           0       -16845        12003       -36312          651        20361        15447        10010        14087        12406        13188       -20013         9080         7810       -43806            0 
           0        -4789        19123       -26713         -653        28643       -21535        -9393       -19190       -35512       -11444         8915         3351        -2680       -17561            0 
           0        28550       -26575        -1238        -9169        43305        -4279        -2618       -27202       -39893         1926         9755        33844        25619       -32500            0 
           0        32111        19717       -38226         4647       -12623        -2893         9968        -6100        18209        -2910       -17876         6480       -22382       -17910            0 
           0        56104        23387         4829        16994        12812        34689        40092       -16536          862        -2759         8785       -39640        15359       -17688            0 
           0        -4556         -944       -10298         8644        -3518        12183       -21026        -3477        13360       -32765       -28988        31591        -2062       -39065            0 
           0        12555        14751         4131       -49200        -6574        28854        18994        34529       -49423       -37591        19244       -21463       -31958         7587            0 
           0       -20416        19472        13037        17197         2587        -9919       -29822        -5010       -38234        -5628        16446       -23905       -10516       -40402            0 
           0        17794         9701        26507       -54446       -24890        -5419         1783        37730        44151       -15110       -13034       -27741        27980        13436            0 
           0       -15833        -2315       -23500          761       -36025       -15306        20544        54296        15215       -28186         6263        13246       -39183        18223            0 
           0        -2870        -3872       -31846        -8426        -4485        -9976       -15957        47869       -10268        22057       -20593        17904       -17155         5637            0 
