           0        19190       -19560        10696        10493       -25443         3947        -4855       -24152        -9394         2627       -15244       -17002       -22966        -4749            0 
           0        14977          408        23469        35088       -51538         6026       -10056        24117        11597        38109       -16611       -39824        -2663         9185            0 
           0       -26554       -39934         6827        -6390        -7748        -7984        -5408       -13396        -4171       -11655        -5744         9277        13504        12822            0 
           0        -8128        28767         1068         6665       -13475         9973         5872        -7434         8391         1748        -1843        -2092       -10761        30533            0 
           0        28180        12892        -3186        41928         5357        12063        18386         5489          577        18051       -29870        41061        37164        18497            0 
           0       -17634        22608        11661        13198       -38399       -42821        -7049       -11230        27952        18052       -17295        22726       -72719       -10508            0 
           0        11054         2842       -42596        -9272          124        45417       -17997       -36152       -29061        -6978        39521         1591       -18833        46049            0 
           0        29091         5895       -47671       -14600       -43049        -8931        -8533       -23592         9337       -25976       -13248         2811         7745         6364            0 
           0        17669        18743        43388        28589        33261        30379         9790        -3319         1904       -10471        10868        -8696       -20183        -8606            0 
           0       -53724       -10225         -434       -23306        10132         7203       -44087       -35897         4073        24507        19820         6281       -15297        -7972            0 
           0       -12979        24768        14660         5216         2011       -32010        14542         6160       -16601        31993         6189       -10476       -10699         5816            0 
           0        18632        17397       -12456        -1245        -5526        12161         8210        23218         6961       -22793        -8681        29878          784         4579            0 
           0         3511         8322        14914         6897       -29230         6428        -2962        39188       -14585         5939         2296        20816        -9109       -26229            0 
           0        -6924       -25729       -17512        -2855       -17577         5951       -20618        12505         7534        -7347       -10435        13262         7407        -9139            0 
