           0       -11225       -14954        52484       -13327        51158       -21067         3927         1494       -20832       -26863       -56783        41138        -4663        10651            0 
           0        30405        61514       -20447        39704       -42904        19503       -17450       -14267         -683       -15907        35641        -5981        10398         4384            0 
           0        48852        43021        -4758        16558        51339        13370        14343       -10440         5000        -8165        33658       -18793       -32076        20678            0 
           0       -22252       -41572       -10454         3164       -55639        14898        22543        33048        11177       -20999       -38619       -34879        10402        33126            0 
           0       -20693        32419       -16492        16849       -24929       -28884         1527        -7643       -17017       -10700       -40669        -3328       -26823        26093            0 
           0          -24        13828         2221        16481         9573          988       -42750        -6604        38915       -10030       -29535        -2237        10537         7675            0 
           0       -21606       -12906         4888       -10978       -28990       -59051        -8627        93817         7421         2212        26582       -32386       -36210       -32641            0 
           0       -18674         3937         -579       -27309        49326        23016        20385        31094       -24500        50551        30076         2535        13120       -13799            0 
           0        11815        23633        -9604        19727        40342       -17223       -28683        -6746       -26130        -1605       -22544        27547       -39909       -17032            0 
           0         9879         7132        15899        -1272        34401         1446       -21386       -34358       -36229        22316       -11170        12492        44189         9904            0 
           0       -56912        13537        16106        -5273       -31810        -4771         -666         4017       -35641        35902       -20607        -4071       -11875        11138            0 
           0        28433        22971        14739         9630        -3641        11468       -16256         4131        33120         3703        40624       -19259         2569        17545            0 
           0       -17586       -44370       -15166        29600        10267         5147        10249        69102        -3817         9012        10350        24548       -16830        29974            0 
           0        27250        25366       -63875        14072        18181        19414        20977       -10304        13493         3224       -24805       -19587        18809        20648            0 
