           0        21890       -15029       -42925        29173         6872        11886        18539        43722         3641        33084       -11856       -17847         5339       -24195            0 
           0        -8832        57665         5165        -9444        15119       -39969        11641        15142        -2891        -2106        19473       -19522       -31826       -17586            0 
           0        29874       -50530         3425        -1710        -4711       -27239       -54600        33540         3734         5842        24471        21048       -46220        -2484            0 
           0       -15317       -22484        18988       -19022       -26926       -13336        -3957        -2158        36240        -5323       -34804        57757         5242       -46779            0 
           0       -34129       -50772        -5878        -1718       -23981       -10899        17339         9997         8114       -17207       -46333        36015        52883        10611            0 
           0       -25714       -16428       -26074         9568         7587        -7129         3421         8753        36069        -8566       -29100         -291       -16517       -17979            0 
           0        30514        50307          880        16266       -30172       -23108         6075       -67869        19742        30105       -31314       -28839        17485         1744            0 
           0        22356       -11319       -48133         1950        10999       -28562        16426         7526        32033         8395        20563       -41767       -15177        20624            0 
           0        14011        82026        28559        13688       -26488         3830       -20730        25007       -14320       -47988        -2978       -49034       -63134        -9915            0 
           0          358        53765        12850        21828        24750        14606        48679        36496        24202        17534        30737       -34369        40865        23031            0 
           0       -21651         5239        -7204        19004         1423          702        -3855        17996       -12334        10267        -4976        26079        23479         5656            0 
           0       -44148        -7271        -7505       -19081        -3725       -28445       -20929        17387       -29922       -42450        55843        -9789        20399        -1674            0 
           0       -10419       -27483        24139         2584       -35067       -32432       -59436        39139         2470        25289       -10876       -22392        -7803       -29142            0 
           0        10046       -49460        -3973        39300         2130          620        -1187        -9243         7306        32728       -13506        12099        10657        23080            0 
