           0        17924        29077         6916       -25851        10925        12341       -24622        -7627       -59198         5806       -38870        -4918        -2082        -3571            0 
           0        -6775         8552        18643        -7556       -13371        15659       -52360       -19903         3428       -13526       -24528       -17514        12609        32075            0 
           0         4195        11978        13786         7410        11234        26976        11584       -18845        43267        21063        -3394         9356        -9609       -34453            0 
           0       -12907       -10958       -38156        49556        -8126        14603       -24549          399         8745       -46821        20924        27837       -10474        -6767            0 
           0       -15216       -13969        -1574        -4259        12482        11383        10085        35763       -47135        13779        17210       -41715        30383        47132            0 
           0        -1837         2074        -2842       -29807       -20025        25383         1143        22656        36596         1630        21929          -94         2410         -695            0 
           0        -5619        -1468         8666        26875       -17789        -1775       -34100         4737        -6325        20472       -28499       -57132        -7821        46819            0 
           0       -30882       -33062        25156        25445        -8225       -28334        15906        -6257       -28100         6969         5037       -36242       -34955        10812            0 
           0         7091        27200        15111       -17016        13089         6599        -5258        22911        10927        39387       -17739       -23245        52820         6846            0 
           0        23019        19551       -14381       -19732       -44384        30800       -12171       -18395        25043         6760        -3615       -17894        -6129       -12762            0 
           0        -2701        -5806         4636         8361        45416        10366       -27887       -10094         3237       -16654       -16708       -11486         1374         4640            0 
           0        33463        23529        46261        42751       -31622         4501       -25789        70068        28169        13651        18546        -5580       -10086        14643            0 
           0       -23437         3580       -48691         8386       -34725         2519        34004         3570       -33221       -13221       -17113        14957        34057        -8917            0 
           0         3467        17640        37522         4092        38092        34456       -20820        23518       -18936         5263        24910       -15545       -12889        -4745            0 
