           0       -13755       -22840        11137        18851         4870       -21001          872       -21949         -256        -1167        19881       -29879       -11158        49813            0 
           0        -8799         7587        10080        31480        -3792       -22539        15695        28530       -36826          165         7436        11917       -24939       -16566            0 
           0       -21176       -13249        24517        23843       -33416        -4284       -24289        -5150         2696       -21148       -30082        21601        -3686        -2086            0 
           0       -12036        24245       -12611         1200       -19153        19955        22664       -15947        24553        -2755         6074        31978       -15322        24103            0 
           0        35597       -39184       -38124        -3845       -14926        32393         5989        32531       -13636        -3184        -1874         4172         3696        -5618            0 
           0         1046        20337       -15571        25485        -2712       -36965       -21825       -13271       -31502         4893        34749         2526        -7466       -36263            0 
           0        40216         5601        20011        20191        -8037        -4072         8269       -18819       -25431       -13138         8867       -37167        19162        24235            0 
           0       -19760       -27345        20447       -36852        38740        34239         6872         9489       -12611       -15684        -3691       -12164          147        -1606            0 
           0        -4296        58058        14413        -5769        12141        -9039        24669        22552       -32146       -23556         4134         6156        20195        26679            0 
           0       -11164       -51675        -5504       -21518       -20042       -19130       -10558        11217         6741        22714        27472        -8650         4183       -56199            0 
           0       -10043       -17652       -13980       -33629       -32827        27419        48231       -11702       -19102        69839       -21764       -33562        -3560        25795            0 
           0        -7718         6283       -18161       -35644       -31333        16683        -4692       -17176       -27181       -14246       -23702        18781       -63984       -21147            0 
           0       -10947       -50744        17140         1448        35270       -23139        35826         7419         6038       -15097        -6367       -27400        36176         6340            0 
           0        15718        16645        -4578        15274       -19634        -5755       -18207          131        -1781       -11576         -416       -38646       -17544        13178            0 
