           0        36844         5979         1619        23750        -1106       -30439        13758        10131        21395        82887       -33452        35569        38404        -4809            0 
           0       -31373        -9009         6507        10193        -3854         1854         9172       -45061        -7181        -7717        -5745         7266        14571         2870            0 
           0        18686        26800       -17228       -29813        -1403        27301        -3087        32118       -21869         3036         5120         3095       -11295       -23112            0 
           0         7130       -12047         -801        -4122       -13623         -931        -5829        15437       -11237       -15747         7836       -23505        46004       -22726            0 
           0       -13840       -11559         2669         9315       -10395          247       -14879       -19736        -4425       -30756       -15040        -6699       -15825        12907            0 
           0        26825        43193        33338        30526       -30995       -15459       -28790        15574        -1920        -9598        40445         8552        10795       -15701            0 
           0       -18294       -41693        -6980       -15135        29173        14976       -34261        -4793        17108         9728         6957        11211        27302       -16429            0 
           0        -3219       -23992        42955       -28982         8078       -15086        24796        -8583        22282        14353        -4041         3378          243       -19434            0 
           0       -11380       -19659        19635        17169       -17329        31392        18461         1406        23158        23116       -11799        12954        -3355        -9849            0 
           0         4961         9948         1961       -18993       -26441         8743        20353       -18825         7999        10409        20826        -2478        -7478        -9762            0 
           0       -27381         7240        31784         9447       -32700        28426        11493        -3160         6469        28833        10617       -23752        12446        27828            0 
           0        -8394         1406         8259          -52         6110       -38202        25890         2948       -26559        -2439       -27722       -39545        26999        26615            0 
           0         3554         6489         5515        18090       -11456        19094         3962       -26619       -19997       -22653        -9832       -41762         3523        -1251            0 
           0       -14956       -19382       -10820        14640        -9757       -14589        -7866        -4979       -26289       -28785        26980        18114         9847        -2951            0 
