           0        -6273         -871       -22661        10067       -12812        -9174       -24757       -33084        -1331        -2922        13402        38669       -35634       -30362            0 
           0       -16956        13669        -3962       -20743        29886        36661         6123       -20659         6286       -36811        -1606         2988        -8342        25040            0 
           0       -11830       -30462        -4102        23727        18680        27229        12985        -4247        -9506       -42770        30222        -3150        25637       -12471            0 
           0         6830       -40037        -9655         -851        53834       -25859       -11968        32349       -32896        33449       -23415        -6434       -47057         8202            0 
           0        37348        25189       -11023       -13610        -2347       -26208       -13714       -33280         8781       -15964        56972        25800        13149       -10018            0 
           0         8949        -3841       -19344        36726       -18707         2181        29775        11245        41329       -19423       -26990        29827       -21745       -28050            0 
           0        24061       -18203         5927       -15136        -3398        30042       -12922        -4199       -15295        27220       -18901        15935        -5072        14806            0 
           0        -4104         4769        -6816       -17736         5312        -3556        19226       -26168        17566         6833       -22862        14041        -1851        10217            0 
           0         3701       -12591         7360       -11582         5351       -23155         2467       -40338       -18255        13729       -21208       -25833         -326        -9938            0 
           0       -43495       -13037       -26298         6194        20165        15831         1636        -1830       -40050        -2527       -24211       -22507         8488        -7867            0 
           0        11620         6692        -3542          206        -4008         5479       -10924         8596       -22490        -5085         7100         1787        -9142         1541            0 
           0        29827        -8620         5290         7404         2373         3233       -13589       -12399        -8565       -19632        27445       -23080        23865         3282            0 
           0        -8373       -35977        35067        34135       -17809       -12726       -12064       -18477        14418        -3193        -6431        11636       -22024        45321            0 
           0       -32533        21895        -4782        22702        -5269        30538        -9563        54859        13321        14147        33794        -2015        13561       -25811            0 
