           0       -28440         2107       -26055       -15039        11203         7653       -11568        26148          785        26834        10510       -12664       -27863       -21060            0 
           0        -8978        31708        -2466        -7615        19989       -28578         7618       -12937        -3124       -33046         -668        -3433        25739        23090            0 
           0        21467       -18379        -2641        45999        -2502        -5065        20892        12997       -17517        -1823        40019       -21565        10537       -14024            0 
           0       -13689        17031        -6002         7221        32191        -6445       -31142       -20210        24951        41628        -2209       -49291        -2144       -47794            0 
           0        24040       -12422       -31321       -10220         4807       -10155        -1854       -29138         1231         6823        44543       -14116         1794        11759            0 
           0        17325         4142        -4611        14555        15227       -22957         9381        -2851          622        17409        16669       -27035       -27074       -26426            0 
           0        36680        25719        30429       -12794        11409       -12492       -15519       -17011        11933        17602        -7942        28182        -7081       -18887            0 
           0        -9015         4411       -24946       -37167         7026        -1185        29009       -59433       -21758       -20368         2232       -24555        -7636        24322            0 
           0       -15386       -11757       -21106       -11102       -35441       -10362        -5432        35623         6006        -2039         6308        55570       -22294       -39807            0 
           0         3829       -17007        43698        -4959        32501         1955        28327          167        13696         2353        39372       -11282        -2905       -10581            0 
           0        20437         9320        -8236       -15111         4679        42595        46780       -18343        19255        17697       -10143       -13563        18740         3660            0 
           0        -7861       -12944       -18229         9364        35319       -13134       -15992         4078       -11912       -26828       -14192        10759       -10985         4787            0 
           0        -2733         5206       -19265       -11178       -60660       -11906         8116       -39621       -15837       -25803         3366       -23665        23494          -44            0 
           0        24713         4321       -14707         4094        18839        29632         -458        42797        31114        19987       -15298        -7495         7763        21412            0 
