           0         5517        -3870         7449       -33412         7568        24841        -5485        -7345       -23898        -6396       -48180        13892        10153         3056            0 
           0       -21231        -9179        25793         5830       -17862         7624        -7009        -2677        13949         3424       -16925         7153         3176         5336            0 
           0        11388        -7929       -18850         2344        36773       -25015       -17335         -894       -13440        11314       -26785        32534         7800         7106            0 
           0       -22519        -5776       -27792        17940        44404        13272        23766       -18819        20552       -33603        41531         8331       -68512        10206            0 
           0       -26842        -1548        26438        13437        25020        18046        -8950        -9008         2070       -14826       -26218         6870        24197        -9544            0 
           0        -2214       -15808       -27241       -13928         5921       -35697        67526       -12131         6231       -22198       -27450        51973         -925        -7197            0 
           0        11470         8821        12773        -4638         2753        35060       -12590        -5460       -21363         6079       -16483       -15726         9867       -41130            0 
           0        13502       -10767        16613         1671       -13198       -18602         8710         2219       -14285       -31345        12224         3521          360        20938            0 
           0        24588        14237       -29407       -16349       -15724        -5393          258       -37925         4061       -26370         3456        11729         1315        -5282            0 
           0        -4161        10554       -22454       -34292        -1803        -7968       -26388        16914       -32868        -2220        -4292        10757        -4509        -4545            0 
           0       -25474        20822       -15743        23459        15857        27492          199       -31131       -27799          632         6921        -1104        -1667       -42783            0 
           0       -18773        -3262        16846       -28920        35405        -3837         9159         2817         5372        -2756        -5942       -12091       -41828         2895            0 
           0        10903       -11775        28721       -42429        24005        -2728        55554         -890         4663        10757       -15859         7576       -23290       -13528            0 
           0        -1042        16757         -774       -12758       -19796        20480       -22707        16588       -14256       -16627        -2585       -17003        20014         8808            0 
