           0       -24954        41980        17190         8905        10059        -6260        11850       -43298        17985        23394       -18983        83329        14128       -17066            0 
           0        -5147       -15557         9623       -40658         -729        30664        16903         4797        62045        -2268         7464        41052        -1204        -8476            0 
           0        18356       -21419        -4622         5817       -18806         8946       -11905        -5700       -27233         4233         9692       -27380        -1210         8076            0 
           0        34863        -3083        -7910        10047        20903         -919        15347        -3752        -1275        22603        30326        -4266         9725        13159            0 
           0        18441       -21584        27425        12198       -21779       -11003       -18286        -3903       -20572       -42632       -28455       -29059        24322        -6974            0 
           0       -32990        18975        -7508        14579         6739        49594        17200         8451       -11799        19538         7522        36614        30145         5571            0 
           0       -30554         3043       -17262         5552         5070        -3288       -11047        29166        -5223        20109       -71571         4245        -8674       -36452            0 
           0         2519        -5522       -23738          425       -48465        -7609         3159        80525        18973         2109        -7172        16797        12005        -8197            0 
           0        37645       -14380        10251          200       -29632       -29686         1526       -15900        32281       -22178       -17357       -14977         5668       -16084            0 
           0       -15774        33544         2172         1595         1909        21243        -3631       -29497        19237         1256       -19178        11586        15483       -17480            0 
           0         2451        -2078       -11358       -13667        -5381       -36772       -27410        -8350       -11175       -15798        -7917        41929          161        -4068            0 
           0         5066        -6577         5464        14922       -23503        15454         4355       -37903       -33059         6375        -1972         4563       -10729        10662            0 
           0        -7166        21068        -7646        -5934       -31213       -12089        -8753       -20698       -40046        18798       -10775         4758        15140        -7602            0 
           0       -13045        47292        12909        -3472         3102        27543         3417        10035       -19884        13588       -15222       -15936        28695        -4425            0 
