           0       -23120        29129        -9842         6921        -1488         9035        -7600       -15185       -15003        22834       -14707         4237       -16371        27489            0 
           0        13749       -13582       -15309        -1785        -3331         -754         3541         6247         4325        -1446           35       -22172         4263        36333            0 
           0         5163         5307        24135        -5988         2300         9078        13635        21771         6095        18465         8299       -10632       -21479       -21363            0 
           0          587       -20314        28315         1183       -58905         9674        -4863       -23399        -6422        15642       -20119        23579         8805       -15014            0 
           0        10093       -31064       -34265        -7440       -16341        -2592        -3309        -5522        29207        -7655       -33131       -41228        15565        -6658            0 
           0       -37323         5049         -394         5672        14229        -8660         3489        23828       -29589       -13874        13383        20927         5983         4012            0 
           0        22254       -15099       -13357       -11200       -16109         7810          771       -29167        30297        -8156       -12513       -18534       -23634        22499            0 
           0       -25642         6760        -7363       -20069          422       -11510        12732        16204       -12536        -5504        29076       -17152         -144        28595            0 
           0        14232         5272       -11732        40383       -36630       -23045           26       -16229        -5975        29237        14093        16487       -23947         8299            0 
           0       -20000       -24090        -9643       -24670         7926        25316        14897         6665          592          698         8451       -15905        17637        36124            0 
           0        -2254       -21147       -23844       -11883        -3034       -38235         4948       -18184        -8978        -2182        13904        10518       -26654       -46396            0 
           0        23980       -19804        -8647        -6347        28056       -20572       -16864       -17724         4122        40248        -5360        -1023       -24609         8016            0 
           0       -11722        27776         5854        13789        33061         1454        28254        25141        -9230        -3424        12612         7550         3503         -456            0 
           0        10081        -5247       -14313          353         6718        -4622        -2013       -10574         7298        -5072        -5526         5178         6762       -10620            0 
