           0        20194       -10456       -18183        39389         7700         -163         6414        41126         3773         -400       -18599       -13107        -1445       -31196            0 
           0       -10489       -15523       -10638         9989        29625        30408         8153         9835        18988       -18766        36771        24584       -13661         3061            0 
           0       -20498        -4297         3074       -37361        15290         5339        -9679       -25833        -5394         5089        13629        24186        15166         1303            0 
           0        -4576       -32445         2795        20303        -3619        34928        18519       -11840        17942        35751        -9441       -13735        -5115        23001            0 
           0        -5072        -1863         1766         8451        23853       -20376        -2215       -13475       -48727         4019        -8917        -7113       -26107        36013            0 
           0       -32464         7811         9438        -2586       -10942         7755        -7533       -39827        12465        -8231         7134        11359       -33118         6891            0 
           0          895       -32358        23513        34268       -18691        20146        -4184       -28785        16100       -34541       -39045        21718         9775       -44685            0 
           0       -17140        23901        -6131       -11355         2374       -13438         5502         -143       -19049        10527       -37307         7986       -15825          436            0 
           0       -21965        17678        -6770        48974        -8395       -12011         9943        17768        -9026         3042       -24488         7586        16505       -45160            0 
           0        -2451       -25902         4093         8255       -41093        -6833        39188        -9738       -21373        -1895         -472        16490         6942       -31152            0 
           0        -8754         5402          198        -7678        -4848        12771        45285        -7402       -24323         3642        -1853        12535         -155        28989            0 
           0       -41169        15969         1366        16207        25840        -9995        19396        16265         -515        15931        25350        23394        -5824       -19998            0 
           0        -4739         2503        -5077       -11556        -8156        10343        15556       -35917         2457         9320         1728        -4536       -33716       -32067            0 
           0         -440        -4227        33404       -43554        18418        14313        -4378       -50879        19962       -24980       -23711       -22618       -21411        -6525            0 
