00000000000010100000000000001001000000000000100000000000000001100000000000000100000000000000001000000000000000010000000000000000
00000000000101010000000000010100000000000001001100000000000100010000000000010000000000000000111000000000000011010000000000001011
00000000001000100000000000100000000000000001111100000000000111010000000000011011000000000001100100000000000101110000000000010110
00000000001011100000000000101101000000000010101100000000001010010000000000100111000000000010011000000000001001000000000000100011
00000000001110000000000000110110000000000011010100000000001101000000000000110011000000000011001000000000001100000000000000101111
00000000010000100000000001000001000000000011111100000000001111100000000000111101000000000011110000000000001110110000000000111001
00000000010011000000000001001010000000000100100000000000010001110000000001000110000000000100010100000000010001000000000001000011
00000000010101110000000001010101000000000101010000000000010100110000000001010010000000000101000100000000010100000000000001001110
00000000011001100000000001100100000000000110001000000000011000000000000001011110000000000101110000000000010110110000000001011001
00000000011101010000000001110100000000000111001000000000011100000000000001101110000000000110110000000000011010100000000001101000
00000000011111110000000001111101000000000111110000000000011110110000000001111010000000000111100100000000011101110000000001110110
00000000100010000000000010000111000000001000011000000000100001010000000010000100000000001000001100000000100000010000000010000000
00000000100101010000000010010011000000001001000100000000100100000000000010001110000000001000110100000000100011000000000010001010
00000000101000010000000010011111000000001001110100000000100111000000000010011011000000001001101000000000100110000000000010010110
00000000101010110000000010101010000000001010100100000000101010000000000010100111000000001010011000000000101001010000000010100011
00000000101101100000000010110101000000001011001100000000101100100000000010110001000000001010111100000000101011010000000010101100
00000000110000100000000011000001000000001011111100000000101111010000000010111100000000001011101100000000101110010000000010110111
00000000110011010000000011001100000000001100101100000000110010010000000011000111000000001100011000000000110001000000000011000011
00000000110110010000000011010111000000001101010100000000110100110000000011010010000000001101000000000000110011110000000011001110
00000000111001100000000011100101000000001110010000000000111000100000000011100000000000001101111100000000110111010000000011011011
00000000111100000000000011101111000000001110111000000000111011000000000011101010000000001110100100000000111010000000000011100111
00000000111110010000000011111000000000001111011100000000111101100000000011110101000000001111001100000000111100100000000011110001
00000001000001000000000100000010000000010000000100000001000000000000000011111111000000001111110100000000111110110000000011111010
00000001000100000000000100001111000000010000111000000001000011000000000100001010000000010000100100000001000001110000000100000110
00000001000110110000000100011001000000010001100000000001000101110000000100010110000000010001010000000001000100100000000100010001
00000001001010000000000100100110000000010010010100000001001001000000000100100010000000010010000000000001000111110000000100011101
00000001001101000000000100110010000000010011000000000001001011110000000100101110000000010010110100000001001011000000000100101010
00000001010000000000000100111110000000010011110000000001001110100000000100111001000000010011100000000001001101110000000100110101
00000001010010110000000101001001000000010100100000000001010001110000000101000110000000010100010100000001010001000000000101000010
00000001010100110000000101010010000000010101000100000001010100000000000101001111000000010100111000000001010011010000000101001100
00000001010110110000000101011010000000010101100100000001010110000000000101010111000000010101011000000001010101010000000101010100
00000001011001010000000101100100000000010110001000000001011000010000000101100000000000010101111100000001010111100000000101011101
00000001011100000000000101101111000000010110111000000001011011010000000101101011000000010110101000000001011010010000000101100111
00000001011110010000000101111000000000010111011100000001011101100000000101110101000000010111010000000001011100100000000101110001
00000001100001100000000110000101000000011000010000000001100000110000000110000001000000010111111100000001011111010000000101111011
00000001100100010000000110010000000000011000111100000001100011100000000110001100000000011000101100000001100010010000000110001000
00000001100111000000000110011011000000011001101000000001100110000000000110010110000000011001010100000001100101000000000110010011
00000001101010010000000110101000000000011010011000000001101001010000000110100011000000011010000100000001100111110000000110011101
00000001101101010000000110110011000000011011000100000001101011110000000110101110000000011010110100000001101011000000000110101010
00000001110000000000000110111110000000011011110100000001101111000000000110111010000000011011100100000001101110000000000110110111
00000001110010010000000111001000000000011100011100000001110001010000000111000100000000011100001100000001110000100000000111000001
00000001110101010000000111010100000000011101001100000001110100100000000111010001000000011100111100000001110011010000000111001011
00000001111000010000000111100000000000011101111100000001110111100000000111011100000000011101101100000001110110010000000111010111
00000001111011000000000111101011000000011110100100000001111001110000000111100110000000011110010000000001111000110000000111100010
00000001111101110000000111110110000000011111010000000001111100100000000111110001000000011111000000000001111011100000000111101101
00000010000000110000001000000010000000100000000000000001111111100000000111111101000000011111110000000001111110110000000111111001
00000010000011110000001000001101000000100000101100000010000010100000001000001001000000100000100000000010000001110000001000000101
00000010000110100000001000011001000000100001011100000010000101100000001000010101000000100001010000000010000100100000001000010000
00000010001000110000001000100001000000100010000000000010000111110000001000011110000000100001110100000010000111000000001000011011
00000010001011100000001000101101000000100010101100000010001010010000001000101000000000100010011100000010001001100000001000100100
00000010001110000000001000110111000000100011010100000010001101000000001000110011000000100011001000000010001100010000001000101111
00000010010001010000001001000011000000100100001000000010010000010000001001000000000000100011111000000010001111000000001000111010
00000010010100100000001001010001000000100100111100000010010011010000001001001011000000100100100100000010010010000000001001000111
00000010010111100000001001011101000000100101110000000010010110100000001001011001000000100101011100000010010101010000001001010100
