00000000000010100000000000001000000000000000011000000000000001010000000000000100000000000000001100000000000000010000000000000000
00000000000101110000000000010101000000000001010000000000000100110000000000010001000000000000111100000000000011010000000000001011
00000000001001010000000000100011000000000010000100000000000111110000000000011101000000000001101100000000000110100000000000011000
00000000001100000000000000101111000000000010111000000000001011010000000000101011000000000010100100000000001010000000000000100110
00000000001110110000000000111010000000000011100100000000001110000000000000110110000000000011010000000000001100100000000000110001
00000000010001110000000001000110000000000100010100000000010000110000000001000001000000000011111100000000001111100000000000111101
00000000010100100000000001010001000000000100111100000000010011100000000001001101000000000100101100000000010010100000000001001000
00000000010111110000000001011110000000000101110000000000010110100000000001011000000000000101011000000000010101000000000001010011
00000000011010010000000001101000000000000110011000000000011001010000000001100100000000000110001100000000011000010000000001100000
00000000011101010000000001110011000000000111000100000000011100000000000001101111000000000110110100000000011011000000000001101011
00000000100000110000000010000010000000001000000000000000011111110000000001111101000000000111101100000000011110010000000001110111
00000000100011100000000010001101000000001000101100000000100010100000000010001001000000001000011100000000100001010000000010000100
00000000100110110000000010011010000000001001100000000000100101100000000010010101000000001001001100000000100100100000000010010000
00000000101001100000000010100100000000001010001100000000101000100000000010100001000000001010000000000000100111100000000010011100
00000000101100000000000010101111000000001010110100000000101011000000000010101011000000001010101000000000101010000000000010100111
00000000101111000000000010111010000000001011100100000000101110000000000010110111000000001011011000000000101101000000000010110010
00000000110010000000000011000111000000001100010100000000110000110000000011000010000000001100000000000000101111100000000010111101
00000000110101000000000011010010000000001101000100000000110100000000000011001111000000001100110100000000110010110000000011001010
00000000111000000000000011011111000000001101111000000000110111000000000011011011000000001101101000000000110110000000000011010110
00000000111011000000000011101010000000001110100100000000111001110000000011100110000000001110010100000000111001000000000011100010
00000000111110010000000011110111000000001111011000000000111101000000000011110011000000001111000100000000111011110000000011101101
00000001000001010000000100000011000000010000000100000000111111110000000011111110000000001111110100000000111110110000000011111010
00000001000100110000000100010001000000010000111100000001000011010000000100001100000000010000101000000001000010000000000100000111
00000001000111100000000100011100000000010001101000000001000110010000000100011000000000010001011100000001000101100000000100010100
00000001001010010000000100100111000000010010010100000001001001000000000100100011000000010010000100000001001000000000000100011111
00000001001100110000000100110010000000010011000000000001001011110000000100101101000000010010110000000001001010110000000100101010
00000001001111100000000100111101000000010011101100000001001110100000000100111001000000010011011100000001001101010000000100110100
00000001010011000000000101001011000000010100100100000001010001110000000101000101000000010100010000000001010000100000000101000000
00000001010110010000000101010111000000010101010100000001010100110000000101010010000000010101000100000001010011110000000101001110
00000001011001010000000101100011000000010110001000000001011000000000000101011111000000010101111000000001010111010000000101011011
00000001011100000000000101101110000000010110110100000001011011000000000101101010000000010110100100000001011010000000000101100111
00000001011111000000000101111011000000010111100100000001011101110000000101110101000000010111010000000001011100110000000101110010
00000001100001110000000110000101000000011000010000000001100000110000000110000010000000011000000100000001011111110000000101111110
00000001100100010000000110010000000000011000111000000001100011010000000110001100000000011000101100000001100010100000000110001000
00000001100111000000000110011011000000011001100100000001100110000000000110010110000000011001010100000001100101000000000110010010
00000001101010000000000110100110000000011010010100000001101001000000000110100011000000011010000100000001100111110000000110011110
00000001101100100000000110110001000000011011000000000001101011110000000110101101000000011010110000000001101010110000000110101010
00000001101111010000000110111011000000011011101000000001101110010000000110110111000000011011011000000001101101010000000110110011
00000001110010000000000111000111000000011100010100000001110000110000000111000010000000011100000100000001110000000000000110111111
00000001110100110000000111010001000000011101000000000001110011100000000111001100000000011100101100000001110010100000000111001001
00000001110111110000000111011110000000011101110000000001110110110000000111011001000000011101011100000001110101100000000111010101
00000001111010110000000111101001000000011110100000000001111001110000000111100110000000011110010000000001111000100000000111100000
00000001111101100000000111110101000000011111010000000001111100110000000111110001000000011110111100000001111011100000000111101101
00000010000000100000001000000000000000011111111100000001111111010000000111111011000000011111101000000001111110000000000111110111
00000010000011000000001000001011000000100000100100000010000010000000001000000111000000100000011000000010000001010000001000000011
00000010000110000000001000010111000000100001011000000010000101010000001000010011000000100001000100000010000011110000001000001101
00000010001001000000001000100011000000100010001000000010001000010000001000011111000000100001110100000010000111000000001000011010
00000010001100010000001000101111000000100010110100000010001011000000001000101011000000100010100100000010001001110000001000100110
00000010001111010000001000111100000000100011101100000010001110010000001000110111000000100011011000000010001101000000001000110010
00000010010010010000001001000111000000100100011000000010010001000000001001000011000000100100001000000010010000010000001000111111
00000010010101000000001001010011000000100101001000000010010100000000001001001110000000100100110100000010010010110000001001001010
00000010011000000000001001011111000000100101111000000010010111010000001001011011000000100101101000000010010110000000001001010110
00000010011010000000001001100111000000100110011000000010011001010000001001100100000000100110001100000010011000100000001001100001
00000010011100100000001001110001000000100111000000000010011011100000001001101101000000100110101100000010011010100000001001101001
