00000000000010000000000000000111000000000000011000000000000001000000000000000011000000000000001000000000000000010000000000000000
00000000000100010000000000001111000000000000111000000000000011010000000000001100000000000000101100000000000010100000000000001001
00000000000110110000000000011010000000000001100100000000000110000000000000010111000000000001011000000000000101000000000000010010
00000000001001110000000000100110000000000010010100000000001001000000000000100010000000000010000000000000000111110000000000011101
00000000001100010000000000110000000000000010111100000000001011100000000000101100000000000010101100000000001010100000000000101001
00000000001111000000000000111010000000000011100000000000001101110000000000110110000000000011010000000000001100110000000000110010
00000000010010010000000001000111000000000100010100000000010001000000000001000011000000000100000100000000001111110000000000111110
00000000010101000000000001010011000000000101001000000000010100000000000001001111000000000100110100000000010011000000000001001010
00000000010111000000000001011011000000000101101000000000010110010000000001011000000000000101011100000000010101100000000001010101
00000000011010010000000001101000000000000110011100000000011001010000000001100011000000000110001000000000011000000000000001011110
00000000011100100000000001110001000000000111000000000000011011110000000001101110000000000110110100000000011011000000000001101011
00000000011111010000000001111100000000000111101000000000011110000000000001110110000000000111010100000000011101000000000001110011
00000000100001110000000010000101000000001000010000000000100000110000000010000010000000001000000100000000100000000000000001111111
00000000100100100000000010010000000000001000111100000000100011100000000010001101000000001000110000000000100010110000000010001001
00000000100111100000000010011100000000001001101100000000100110100000000010011000000000001001011100000000100101010000000010010011
00000000101010010000000010101000000000001010011100000000101001100000000010100100000000001010001100000000101000010000000010100000
00000000101101100000000010110100000000001011001000000000101100000000000010101111000000001010110100000000101011000000000010101011
00000000110000100000000011000000000000001011111000000000101111010000000010111100000000001011101000000000101110010000000010110111
00000000110011010000000011001011000000001100100100000000110010000000000011000110000000001100010100000000110001000000000011000011
00000000110101100000000011010101000000001101001100000000110100100000000011010001000000001101000000000000110011110000000011001110
00000000111000010000000011100000000000001101111100000000110111010000000011011011000000001101101000000000110110000000000011010111
00000000111010100000000011101001000000001110100000000000111001110000000011100110000000001110010100000000111000110000000011100010
00000000111101000000000011110011000000001111001000000000111100010000000011110000000000001110111000000000111011000000000011101011
00000001000000100000000100000000000000001111111000000000111111000000000011111011000000001111100100000000111101110000000011110110
00000001000011000000000100001011000000010000100100000001000010000000000100000111000000010000011000000001000001000000000100000011
00000001000110110000000100011001000000010001011100000001000101010000000100010100000000010001001000000001000100000000000100001110
00000001001001110000000100100101000000010010001100000001001000100000000100100000000000010001111100000001000111100000000100011101
00000001001100100000000100110001000000010011000000000001001011110000000100101110000000010010110100000001001010110000000100101001
00000001001111010000000100111100000000010011101100000001001110010000000100110111000000010011010100000001001101000000000100110011
00000001010010100000000101001000000000010100011100000001010001100000000101000100000000010100001000000001010000000000000100111110
00000001010101100000000101010101000000010101010000000001010100110000000101010010000000010101000000000001010011100000000101001100
00000001011000100000000101100000000000010101111000000001010111000000000101011011000000010101100100000001010110000000000101010111
00000001011011110000000101101101000000010110101100000001011010010000000101101000000000010110011100000001011001010000000101100011
00000001011110010000000101111000000000010111011100000001011101100000000101110100000000010111001100000001011100010000000101110000
00000001100001010000000110000011000000011000000100000001100000000000000101111110000000010111110100000001011111000000000101111011
00000001100011100000000110001100000000011000101100000001100010100000000110001001000000011000100000000001100001110000000110000110
00000001100110010000000110011000000000011001011000000001100101010000000110010011000000011001001000000001100100010000000110001111
00000001101000110000000110100010000000011010000100000001100111110000000110011110000000011001110000000001100110110000000110011010
00000001101011100000000110101101000000011010101100000001101010100000000110101001000000011010100000000001101001100000000110100100
00000001101110010000000110111000000000011011011100000001101101100000000110110101000000011011001100000001101100010000000110101111
00000001110000100000000111000001000000011100000000000001101111110000000110111110000000011011110100000001101111000000000110111011
00000001110011010000000111001011000000011100101000000001110010010000000111000111000000011100011000000001110001010000000111000100
00000001110110000000000111010111000000011101010100000001110100110000000111010010000000011101000100000001110011110000000111001110
00000001111001010000000111100100000000011110001000000001111000010000000111011111000000011101110100000001110110110000000111011010
00000001111100010000000111110000000000011110111000000001111011010000000111101100000000011110101000000001111010000000000111100110
00000001111111110000000111111101000000011111101100000001111110010000000111110111000000011111011000000001111101010000000111110011
00000010000011000000001000001010000000100000100100000010000001110000001000000101000000100000010000000010000000100000001000000000
00000010000110100000001000011000000000100001011100000010000101010000001000010100000000100001001000000010000100000000001000001110
00000010001001010000001000100100000000100010001100000010001000100000001000100000000000100001111100000010000111010000001000011100
00000010001100100000001000110001000000100010111100000010001011010000001000101011000000100010101000000010001010000000001000100110
00000010001111010000001000111011000000100011101000000010001110000000001000110111000000100011010100000010001101000000001000110011
00000010010010010000001001000111000000100100011000000010010001010000001001000011000000100100001000000010010000000000001000111110
00000010010100110000001001010010000000100101000000000010010011100000001001001101000000100100110000000010010010110000001001001010
00000010011000000000001001011110000000100101110000000010010110100000001001011001000000100101100000000010010101100000001001010100
